 -10 1242 684 0.42 1 1 1 1 1 2 2 301 0.42 1
signs_10.png
-1
-1
-1
-1
-1
-1
-1
-1
-1
-1
-1
-1
-1
-1
-1
-1
-1
-1
-1
-1
-1
y0
VoiD
 1 4497 3693 87 2 1.10 1.14 3694
 1 4705 3693 87 2 1.10 1.14 3694
 1 4689 3151 87 1 1.10 1.14 3152
 1 4673 3151 87 1 1.10 1.14 3152
 1 4561 3151 87 1 1.10 1.14 3152
 1 4481 3151 87 1 1.10 1.14 3152
 1 4465 3151 87 1 1.10 1.14 3152
 17 4689 3151 87 1 1.10 1.14 3152
 17 4673 3151 87 1 1.10 1.14 3152
 17 4641 3192 51 1 1.10 1.14 3193 0
 17 4609 3151 59 1 1.10 1.14 3152
 17 4561 3151 87 1 1.10 1.14 3152
 17 4481 3151 87 1 1.10 1.14 3152
 17 4609 3151 67 2 0.10 0.14 3152
 17 4465 3151 87 1 1.10 1.14 3152
 33 4689 3151 87 1 1.10 1.14 3152
 33 4673 3151 87 1 1.10 1.14 3152
 33 4609 3151 61 2 1.10 1.14 3152
 33 4561 3151 87 1 1.10 1.14 3152
 33 4481 3151 87 1 1.10 1.14 3152
 33 4465 3151 87 1 1.10 1.14 3152
 49 4689 3151 87 1 1.10 1.14 3152
 49 4561 3151 87 1 1.10 1.14 3152
 49 4481 3151 87 1 1.10 1.14 3152
 49 4465 3151 87 1 1.10 1.14 3152
 65 4497 3693 87 2 1.10 1.14 3694
 65 4753 3151 87 1 1.10 1.14 3152
 65 4737 3151 87 1 1.10 1.14 3152
 65 4721 3151 87 1 1.10 1.14 3152
 65 4705 3151 87 1 1.10 1.14 3152
 65 4561 3151 87 1 1.10 1.14 3152
 65 4481 3151 87 1 1.10 1.14 3152
 65 4465 3151 87 1 1.10 1.14 3152
 81 4689 3151 95 1 1300001.10 1300001.14 3152 1 33
 81 4753 3151 87 1 1.10 1.14 3152
 81 4737 3151 87 1 1.10 1.14 3152
 81 4721 3151 87 1 1.10 1.14 3152
 81 4705 3151 87 1 1.10 1.14 3152
 81 4641 3151 67 1 1.10 1.14 3152
 81 4561 3151 87 1 1.10 1.14 3152
 81 4481 3151 87 1 1.10 1.14 3152
 81 4465 3151 87 1 1.10 1.14 3152
 97 4705 3693 87 2 1.10 1.14 3694
 97 4641 3151 67 1 1.10 1.14 3152
 97 4561 3151 87 1 1.10 1.14 3152
 97 4481 3151 87 1 1.10 1.14 3152
 97 4465 3151 87 1 1.10 1.14 3152
 113 4641 3151 67 1 1.10 1.14 3152
 113 4561 3151 87 1 1.10 1.14 3152
 113 4481 3151 87 1 1.10 1.14 3152
 113 4465 3151 87 1 1.10 1.14 3152
 129 4689 3151 79 61 0.10 4.14 3152
 129 4673 3151 79 60 0.10 4.14 3152
 129 4513 3151 87 1 1.10 1.14 3152
 129 4529 3151 87 1 1.10 1.14 3152
 129 4545 3151 87 1 1.10 1.14 3152
 129 4561 3151 87 1 1.10 1.14 3152
 129 4497 3151 87 1 1.10 1.14 3152
 129 4481 3151 87 1 1.10 1.14 3152
 129 4465 3151 87 1 1.10 1.14 3152
 145 4513 3151 87 1 1.10 1.14 3152
 145 4529 3151 87 1 1.10 1.14 3152
 145 4545 3151 87 1 1.10 1.14 3152
 145 4561 3151 87 1 1.10 1.14 3152
 145 4497 3151 87 1 1.10 1.14 3152
 145 4481 3151 87 1 1.10 1.14 3152
 145 4465 3151 87 1 1.10 1.14 3152
 161 4513 3151 87 1 1.10 1.14 3152
 161 4529 3151 87 1 1.10 1.14 3152
 161 4545 3151 87 1 1.10 1.14 3152
 161 4753 3151 63 14 1.10 1.14 3152
 161 4561 3151 87 1 1.10 1.14 3152
 161 4497 3151 87 1 1.10 1.14 3152
 161 4481 3151 87 1 1.10 1.14 3152
 161 4465 3151 87 1 1.10 1.14 3152
 177 4753 3151 63 14 1.10 1.14 3152
 177 4577 3151 87 1 1.10 1.14 3152
 177 4513 3693 87 2 1.10 1.14 3694
 177 4497 3151 87 1 1.10 1.14 3152
 177 4481 3151 87 1 1.10 1.14 3152
 177 4465 3151 87 1 1.10 1.14 3152
 193 4593 3151 87 1 1.10 1.14 3152
 193 4577 3151 87 1 1.10 1.14 3152
 193 4705 3693 87 2 1.10 1.14 3694
 193 4497 3151 87 1 1.10 1.14 3152
 193 4257 3151 87 1 1.10 1.14 3152
 193 4241 3151 87 1 1.10 1.14 3152
 193 4225 3151 87 1 1.10 1.14 3152
 193 4481 3151 87 1 1.10 1.14 3152
 193 4465 3151 87 1 1.10 1.14 3152
 193 4273 3195 87 3 1.10 1.14 3196
 193 4369 3195 87 3 1.10 1.14 3196
 209 4609 3151 87 1 1.10 1.14 3152
 209 4593 3151 87 1 1.10 1.14 3152
 209 4577 3151 87 1 1.10 1.14 3152
 209 4497 3151 87 1 1.10 1.14 3152
 209 4257 3151 87 1 1.10 1.14 3152
 209 4241 3151 87 1 1.10 1.14 3152
 209 4225 3151 87 1 1.10 1.14 3152
 209 4481 3151 87 1 1.10 1.14 3152
 209 4465 3151 87 1 1.10 1.14 3152
 225 4609 3151 87 1 1.10 1.14 3152
 225 4593 3151 87 1 1.10 1.14 3152
 225 4577 3151 87 1 1.10 1.14 3152
 225 4497 3151 87 1 1.10 1.14 3152
 225 4241 3151 87 1 1.10 1.14 3152
 225 4225 3151 87 1 1.10 1.14 3152
 225 4257 3151 87 1 1.10 1.14 3152
 225 4481 3151 87 1 1.10 1.14 3152
 225 4465 3151 87 1 1.10 1.14 3152
 241 4689 3151 79 66 0.10 4.14 3152
 241 4673 3151 79 65 0.10 4.14 3152
 241 4657 3151 79 65 0.10 4.14 3152
 241 4641 3151 79 65 0.10 4.14 3152
 241 4625 3151 79 64 0.10 4.14 3152
 241 4513 3151 87 1 1.10 1.14 3152
 241 4529 3151 87 1 1.10 1.14 3152
 241 4545 3151 87 1 1.10 1.14 3152
 241 4609 3151 87 1 1.10 1.14 3152
 241 4593 3151 87 1 1.10 1.14 3152
 241 4577 3151 87 1 1.10 1.14 3152
 241 4561 3151 87 1 1.10 1.14 3152
 241 4497 3151 87 1 1.10 1.14 3152
 241 4241 3151 87 1 1.10 1.14 3152
 241 4225 3151 87 1 1.10 1.14 3152
 241 4257 3151 87 1 1.10 1.14 3152
 241 4481 3151 87 1 1.10 1.14 3152
 241 4465 3151 87 1 1.10 1.14 3152
 257 4545 3151 87 1 1.10 1.14 3152
 257 4593 3151 87 1 1.10 1.14 3152
 257 4577 3151 87 1 1.10 1.14 3152
 257 4561 3151 87 1 1.10 1.14 3152
 257 4705 3693 87 2 1.10 1.14 3694
 257 4529 3151 87 1 1.10 1.14 3152
 257 4513 3151 87 1 1.10 1.14 3152
 257 4497 3151 87 1 1.10 1.14 3152
 257 4241 3151 87 1 1.10 1.14 3152
 257 4225 3151 87 1 1.10 1.14 3152
 257 4257 3151 87 1 1.10 1.14 3152
 257 4481 3151 87 1 1.10 1.14 3152
 257 4465 3151 87 1 1.10 1.14 3152
 273 4593 3151 87 1 1.10 1.14 3152
 273 4577 3151 87 1 1.10 1.14 3152
 273 4497 3151 87 1 1.10 1.14 3152
 273 4241 3151 87 1 1.10 1.14 3152
 273 4225 3151 87 1 1.10 1.14 3152
 273 4257 3151 87 1 1.10 1.14 3152
 273 4481 3151 87 1 1.10 1.14 3152
 273 4465 3151 87 1 1.10 1.14 3152
 273 4513 3693 87 2 1.10 1.14 3694
 289 4577 3151 87 1 1.10 1.14 3152
 289 4497 3151 87 1 1.10 1.14 3152
 289 4225 3151 87 1 1.10 1.14 3152
 289 4481 3151 87 1 1.10 1.14 3152
 289 4465 3151 87 1 1.10 1.14 3152
 289 4449 3151 87 1 1.10 1.14 3152
 289 4433 3151 87 1 1.10 1.14 3152
 289 4241 3195 87 3 1.10 1.14 3196
 289 4337 3195 87 3 1.10 1.14 3196
 305 4577 3151 87 1 1.10 1.14 3152
 305 4673 3192 69 3 1.10 -4.86 3193
 305 4689 3151 55 7 0.10 -5.86 3152
 305 4497 3151 87 1 1.10 1.14 3152
 305 4225 3151 87 1 1.10 1.14 3152
 305 4481 3151 87 1 1.10 1.14 3152
 305 4465 3151 87 1 1.10 1.14 3152
 305 4449 3151 87 1 1.10 1.14 3152
 305 4433 3151 87 1 1.10 1.14 3152
 305 4033 3693 87 2 1.10 1.14 3694
 305 4097 3693 87 2 1.10 1.14 3694
 321 4753 3151 87 1 1.10 1.14 3152
 321 4737 3151 87 1 1.10 1.14 3152
 321 4721 3151 87 1 1.10 1.14 3152
 321 4705 3151 87 1 1.10 1.14 3152
 321 4577 3151 87 1 1.10 1.14 3152
 321 4673 3192 69 4 1.10 -4.86 3193
 321 4497 3151 87 1 1.10 1.14 3152
 321 4225 3151 87 1 1.10 1.14 3152
 321 4481 3151 87 1 1.10 1.14 3152
 321 4465 3151 87 1 1.10 1.14 3152
 321 4449 3151 87 1 1.10 1.14 3152
 321 4433 3151 87 1 1.10 1.14 3152
 337 4545 3151 87 1 1.10 1.14 3152
 337 4561 3151 87 1 1.10 1.14 3152
 337 4753 3694 69 2 1.10 -4.86 3695
 337 4737 3694 69 2 1.10 -4.86 3695
 337 4721 3694 69 2 1.10 -4.86 3695
 337 4705 3694 69 2 1.10 -4.86 3695
 337 4673 3196 69 19 1.10 -4.86 3197
 337 4225 3151 87 1 1.10 1.14 3152
 337 4465 3151 87 1 1.10 1.14 3152
 337 4449 3151 87 1 1.10 1.14 3152
 337 4433 3151 87 1 1.10 1.14 3152
 337 4481 3693 87 2 1.10 1.14 3694
 337 4161 3693 87 2 1.10 1.14 3694
 353 4545 3151 87 1 1.10 1.14 3152
 353 4641 3192 56 4 1.10 -5.86 3193
 353 4225 3151 87 1 1.10 1.14 3152
 353 4465 3151 87 1 1.10 1.14 3152
 353 4449 3151 87 1 1.10 1.14 3152
 353 4433 3151 87 1 1.10 1.14 3152
 369 4545 3151 87 1 1.10 1.14 3152
 369 4753 3151 87 1 1.10 1.14 3152
 369 4737 3151 87 1 1.10 1.14 3152
 369 4721 3151 87 1 1.10 1.14 3152
 369 4705 3151 87 1 1.10 1.14 3152
 369 4689 3151 87 1 1.10 1.14 3152
 369 4673 3151 87 1 1.10 1.14 3152
 369 4465 3151 87 1 1.10 1.14 3152
 369 4449 3151 87 1 1.10 1.14 3152
 369 4433 3151 87 1 1.10 1.14 3152
 369 4225 3151 87 1 1.10 1.14 3152
 369 4145 3151 87 1 1.10 1.14 3152
 369 4129 3151 87 1 1.10 1.14 3152
 369 4033 3195 87 3 1.10 1.14 3196
 385 4545 3151 87 1 1.10 1.14 3152
 385 4753 3151 87 1 1.10 1.14 3152
 385 4737 3151 87 1 1.10 1.14 3152
 385 4721 3151 87 1 1.10 1.14 3152
 385 4705 3151 87 1 1.10 1.14 3152
 385 4689 3151 87 1 1.10 1.14 3152
 385 4673 3151 87 1 1.10 1.14 3152
 385 4465 3151 87 1 1.10 1.14 3152
 385 4449 3151 87 1 1.10 1.14 3152
 385 4433 3151 87 1 1.10 1.14 3152
 385 4225 3151 87 1 1.10 1.14 3152
 385 4145 3151 87 1 1.10 1.14 3152
 385 4129 3151 87 1 1.10 1.14 3152
 385 4241 3195 87 3 1.10 1.14 3196
 385 4337 3195 87 3 1.10 1.14 3196
 401 4673 3151 64 2 6.10 6.14 3152
 401 4657 3151 64 1 6.10 6.14 3152
 401 4545 3151 87 1 1.10 1.14 3152
 401 4737 3151 63 16 1.10 1.14 3152
 401 4721 3151 63 14 1.10 1.14 3152
 401 4753 3151 63 16 1.10 1.14 3152
 401 4561 3196 56 7 1.10 -5.86 3197
 401 4481 3693 87 2 1.10 1.14 3694
 401 4465 3151 87 1 1.10 1.14 3152
 401 4449 3151 87 1 1.10 1.14 3152
 401 4433 3151 87 1 1.10 1.14 3152
 401 4225 3151 87 1 1.10 1.14 3152
 401 4145 3151 87 1 1.10 1.14 3152
 401 4129 3151 87 1 1.10 1.14 3152
 401 4161 3693 87 2 1.10 1.14 3694
 417 4673 3151 64 2 6.10 6.14 3152
 417 4657 3151 64 1 6.10 6.14 3152
 417 4545 3151 87 1 1.10 1.14 3152
 417 4737 3151 63 16 1.10 1.14 3152
 417 4721 3151 63 14 1.10 1.14 3152
 417 4753 3151 63 16 1.10 1.14 3152
 417 4465 3151 87 1 1.10 1.14 3152
 417 4449 3151 87 1 1.10 1.14 3152
 417 4433 3151 87 1 1.10 1.14 3152
 417 4225 3151 87 1 1.10 1.14 3152
 417 4145 3151 87 1 1.10 1.14 3152
 417 4129 3151 87 1 1.10 1.14 3152
 433 4673 3151 64 2 6.10 6.14 3152
 433 4657 3151 64 1 6.10 6.14 3152
 433 4545 3151 87 1 1.10 1.14 3152
 433 4737 3151 63 16 1.10 1.14 3152
 433 4721 3151 63 14 1.10 1.14 3152
 433 4753 3151 63 16 1.10 1.14 3152
 433 4465 3151 87 1 1.10 1.14 3152
 433 4449 3151 87 1 1.10 1.14 3152
 433 4433 3151 87 1 1.10 1.14 3152
 433 4225 3151 87 1 1.10 1.14 3152
 433 4145 3151 87 1 1.10 1.14 3152
 433 4129 3151 87 1 1.10 1.14 3152
 449 4673 3151 64 2 6.10 6.14 3152
 449 4657 3151 64 1 6.10 6.14 3152
 449 4545 3151 87 1 1.10 1.14 3152
 449 4737 3151 63 16 1.10 1.14 3152
 449 4721 3151 63 14 1.10 1.14 3152
 449 4753 3151 63 16 1.10 1.14 3152
 449 4561 3196 56 7 1.10 -5.86 3197
 449 4465 3151 87 1 1.10 1.14 3152
 449 4449 3151 87 1 1.10 1.14 3152
 449 4433 3151 87 1 1.10 1.14 3152
 449 4225 3151 87 1 1.10 1.14 3152
 449 4145 3151 87 1 1.10 1.14 3152
 449 4129 3151 87 1 1.10 1.14 3152
 465 4097 3693 87 2 1.10 1.14 3694
 465 4161 3693 87 2 1.10 1.14 3694
 465 4673 3151 64 2 6.10 6.14 3152
 465 4657 3151 64 1 6.10 6.14 3152
 465 4545 3151 87 1 1.10 1.14 3152
 465 4737 3151 63 16 1.10 1.14 3152
 465 4721 3151 63 14 1.10 1.14 3152
 465 4753 3151 63 16 1.10 1.14 3152
 465 4481 3693 87 2 1.10 1.14 3694
 465 4465 3151 87 1 1.10 1.14 3152
 465 4449 3151 87 1 1.10 1.14 3152
 465 4433 3151 87 1 1.10 1.14 3152
 465 4049 3151 87 1 1.10 1.14 3152
 465 4065 3151 87 1 1.10 1.14 3152
 465 4081 3151 87 1 1.10 1.14 3152
 465 4225 3151 87 1 1.10 1.14 3152
 465 4033 3151 87 1 1.10 1.14 3152
 465 4017 3151 87 1 1.10 1.14 3152
 465 4001 3151 87 1 1.10 1.14 3152
 465 3985 3151 87 1 1.10 1.14 3152
 465 3969 3151 87 1 1.10 1.14 3152
 481 3969 3195 87 3 1.10 1.14 3196
 481 4289 3195 87 3 1.10 1.14 3196
 481 4225 3693 87 2 1.10 1.14 3694
 481 4673 3151 64 2 6.10 6.14 3152
 481 4657 3151 64 1 6.10 6.14 3152
 481 4545 3151 87 1 1.10 1.14 3152
 481 4737 3151 63 16 1.10 1.14 3152
 481 4721 3151 63 14 1.10 1.14 3152
 481 4753 3151 63 16 1.10 1.14 3152
 481 4065 3151 87 1 1.10 1.14 3152
 481 4081 3151 87 1 1.10 1.14 3152
 481 4465 3151 87 1 1.10 1.14 3152
 481 4449 3151 87 1 1.10 1.14 3152
 481 4433 3151 87 1 1.10 1.14 3152
 481 4417 3151 87 1 1.10 1.14 3152
 481 4401 3151 87 1 1.10 1.14 3152
 481 4385 3151 87 1 1.10 1.14 3152
 497 4065 3151 87 1 1.10 1.14 3152
 497 4081 3151 87 1 1.10 1.14 3152
 497 4673 3151 64 2 6.10 6.14 3152
 497 4657 3151 64 1 6.10 6.14 3152
 497 4545 3151 87 1 1.10 1.14 3152
 497 4737 3151 63 16 1.10 1.14 3152
 497 4721 3151 63 14 1.10 1.14 3152
 497 4753 3151 63 16 1.10 1.14 3152
 497 4465 3151 87 1 1.10 1.14 3152
 497 4449 3151 87 1 1.10 1.14 3152
 497 4433 3151 87 1 1.10 1.14 3152
 497 4417 3151 87 1 1.10 1.14 3152
 497 4401 3151 87 1 1.10 1.14 3152
 497 4385 3151 87 1 1.10 1.14 3152
 513 4065 3151 87 1 1.10 1.14 3152
 513 4081 3151 87 1 1.10 1.14 3152
 513 4673 3151 64 2 6.10 6.14 3152
 513 4657 3151 64 1 6.10 6.14 3152
 513 4545 3151 87 1 1.10 1.14 3152
 513 4737 3151 63 16 1.10 1.14 3152
 513 4721 3151 63 14 1.10 1.14 3152
 513 4753 3151 63 16 1.10 1.14 3152
 513 4561 3196 56 7 1.10 -5.86 3197
 513 4465 3151 87 1 1.10 1.14 3152
 513 4449 3151 87 1 1.10 1.14 3152
 513 4433 3151 87 1 1.10 1.14 3152
 513 4417 3151 87 1 1.10 1.14 3152
 513 4401 3151 87 1 1.10 1.14 3152
 513 4385 3151 87 1 1.10 1.14 3152
 529 4065 3151 87 1 1.10 1.14 3152
 529 4673 3151 64 2 6.10 6.14 3152
 529 4657 3151 64 1 6.10 6.14 3152
 529 4545 3151 87 1 1.10 1.14 3152
 529 4737 3151 63 16 1.10 1.14 3152
 529 4721 3151 63 14 1.10 1.14 3152
 529 4753 3151 63 16 1.10 1.14 3152
 529 4481 3693 87 2 1.10 1.14 3694
 529 4465 3151 87 1 1.10 1.14 3152
 529 4449 3151 87 1 1.10 1.14 3152
 529 4433 3151 87 1 1.10 1.14 3152
 529 4417 3151 87 1 1.10 1.14 3152
 529 4401 3151 87 1 1.10 1.14 3152
 529 4385 3151 87 1 1.10 1.14 3152
 545 4225 3693 87 2 1.10 1.14 3694
 545 4065 3151 87 1 1.10 1.14 3152
 545 4673 3151 64 2 6.10 6.14 3152
 545 4657 3151 64 1 6.10 6.14 3152
 545 4545 3151 87 1 1.10 1.14 3152
 545 4737 3151 63 16 1.10 1.14 3152
 545 4721 3151 63 14 1.10 1.14 3152
 545 4753 3151 63 16 1.10 1.14 3152
 545 4641 3192 56 4 1.10 -5.86 3193
 545 4465 3151 87 1 1.10 1.14 3152
 545 4449 3151 87 1 1.10 1.14 3152
 545 4433 3151 87 1 1.10 1.14 3152
 545 4417 3151 87 1 1.10 1.14 3152
 545 4401 3151 87 1 1.10 1.14 3152
 545 4385 3151 87 1 1.10 1.14 3152
 561 4065 3151 87 1 1.10 1.14 3152
 561 4673 3151 64 2 6.10 6.14 3152
 561 4657 3151 64 1 6.10 6.14 3152
 561 4545 3151 87 1 1.10 1.14 3152
 561 4737 3151 63 16 1.10 1.14 3152
 561 4721 3151 63 14 1.10 1.14 3152
 561 4753 3151 63 16 1.10 1.14 3152
 561 4561 3196 56 7 1.10 -5.86 3197
 561 4465 3151 87 1 1.10 1.14 3152
 561 4449 3151 87 1 1.10 1.14 3152
 561 4433 3151 87 1 1.10 1.14 3152
 561 4417 3151 87 1 1.10 1.14 3152
 561 4401 3151 87 1 1.10 1.14 3152
 561 4385 3151 87 1 1.10 1.14 3152
 577 3969 3195 87 3 1.10 1.14 3196
 577 4193 3196 89 2 1.10 1.14 3197 3430
 577 4065 3151 87 1 1.10 1.14 3152
 577 4289 3195 87 3 1.10 1.14 3196
 577 4673 3151 64 2 6.10 6.14 3152
 577 4657 3151 64 1 6.10 6.14 3152
 577 4545 3151 87 1 1.10 1.14 3152
 577 4737 3151 63 16 1.10 1.14 3152
 577 4721 3151 63 14 1.10 1.14 3152
 577 4753 3151 63 16 1.10 1.14 3152
 577 4465 3151 87 1 1.10 1.14 3152
 577 4449 3151 87 1 1.10 1.14 3152
 577 4433 3151 87 1 1.10 1.14 3152
 577 4417 3151 87 1 1.10 1.14 3152
 577 4401 3151 87 1 1.10 1.14 3152
 577 4385 3151 87 1 1.10 1.14 3152
 593 4065 3151 87 1 1.10 1.14 3152
 593 4545 3151 87 1 1.10 1.14 3152
 593 4737 3151 87 1 1.10 1.14 3152
 593 4721 3151 87 1 1.10 1.14 3152
 593 4705 3151 87 1 1.10 1.14 3152
 593 4689 3151 87 1 1.10 1.14 3152
 593 4673 3151 87 1 1.10 1.14 3152
 593 4753 3151 87 1 1.10 1.14 3152
 593 4481 3693 87 2 1.10 1.14 3694
 593 4465 3151 87 1 1.10 1.14 3152
 593 3873 3195 87 3 1.10 1.14 3196
 593 4449 3151 87 1 1.10 1.14 3152
 593 4433 3151 87 1 1.10 1.14 3152
 593 4417 3151 87 1 1.10 1.14 3152
 593 4401 3151 87 1 1.10 1.14 3152
 593 4385 3151 87 1 1.10 1.14 3152
 609 4225 3693 87 2 1.10 1.14 3694
 609 4065 3151 87 1 1.10 1.14 3152
 609 4193 3151 89 17 1.10 1.14 3152
 609 4545 3151 87 1 1.10 1.14 3152
 609 4737 3151 87 1 1.10 1.14 3152
 609 4721 3151 87 1 1.10 1.14 3152
 609 4705 3151 87 1 1.10 1.14 3152
 609 4689 3151 87 1 1.10 1.14 3152
 609 4673 3151 87 1 1.10 1.14 3152
 609 4753 3151 87 1 1.10 1.14 3152
 609 4465 3151 87 1 1.10 1.14 3152
 609 4449 3151 87 1 1.10 1.14 3152
 609 4433 3151 87 1 1.10 1.14 3152
 609 4417 3151 87 1 1.10 1.14 3152
 609 4401 3151 87 1 1.10 1.14 3152
 609 4385 3151 87 1 1.10 1.14 3152
 625 4065 3151 87 1 1.10 1.14 3152
 625 4737 3151 87 1 1.10 1.14 3152
 625 4721 3151 87 1 1.10 1.14 3152
 625 4705 3151 87 1 1.10 1.14 3152
 625 4689 3151 87 1 1.10 1.14 3152
 625 4673 3151 87 1 1.10 1.14 3152
 625 4753 3151 87 1 1.10 1.14 3152
 625 4545 3151 87 1 1.10 1.14 3152
 625 4465 3151 87 1 1.10 1.14 3152
 625 4449 3151 87 1 1.10 1.14 3152
 625 4433 3151 87 1 1.10 1.14 3152
 625 4417 3151 87 1 1.10 1.14 3152
 625 4401 3151 87 1 1.10 1.14 3152
 625 4385 3151 87 1 1.10 1.14 3152
 641 4065 3151 87 1 1.10 1.14 3152
 641 4737 3151 87 1 1.10 1.14 3152
 641 4721 3151 87 1 1.10 1.14 3152
 641 4705 3151 87 1 1.10 1.14 3152
 641 4689 3151 87 1 1.10 1.14 3152
 641 4673 3151 67 1 1.10 1.14 3152
 641 4753 3151 87 1 1.10 1.14 3152
 641 4545 3151 87 1 1.10 1.14 3152
 641 4465 3151 87 1 1.10 1.14 3152
 641 4449 3151 87 1 1.10 1.14 3152
 641 4433 3151 87 1 1.10 1.14 3152
 641 4417 3151 87 1 1.10 1.14 3152
 641 4401 3151 87 1 1.10 1.14 3152
 641 4385 3151 87 1 1.10 1.14 3152
 657 4065 3151 87 1 1.10 1.14 3152
 657 4737 3151 87 1 1.10 1.14 3152
 657 4721 3151 87 1 1.10 1.14 3152
 657 4705 3151 87 1 1.10 1.14 3152
 657 4689 3151 87 1 1.10 1.14 3152
 657 4673 3151 67 1 1.10 1.14 3152
 657 4753 3151 87 1 1.10 1.14 3152
 657 4529 3151 87 1 1.10 1.14 3152
 657 4513 3151 87 1 1.10 1.14 3152
 657 4497 3151 87 1 1.10 1.14 3152
 657 4481 3151 87 1 1.10 1.14 3152
 657 4465 3151 87 1 1.10 1.14 3152
 657 4449 3151 87 1 1.10 1.14 3152
 657 4433 3151 87 1 1.10 1.14 3152
 657 4417 3151 87 1 1.10 1.14 3152
 657 4401 3151 87 1 1.10 1.14 3152
 657 4385 3151 87 1 1.10 1.14 3152
 673 4225 3693 87 2 1.10 1.14 3694
 673 4049 3151 87 1 1.10 1.14 3152
 673 4065 3151 87 1 1.10 1.14 3152
 673 4289 3195 87 3 1.10 1.14 3196
 673 4033 3151 87 1 1.10 1.14 3152
 673 4017 3151 87 1 1.10 1.14 3152
 673 4673 3195 87 3 1.10 1.14 3196
 673 4513 3151 87 1 1.10 1.14 3152
 673 4001 3151 87 1 1.10 1.14 3152
 673 4497 3151 87 1 1.10 1.14 3152
 673 3985 3151 87 1 1.10 1.14 3152
 673 4481 3151 87 1 1.10 1.14 3152
 673 3969 3151 87 1 1.10 1.14 3152
 673 4465 3151 87 1 1.10 1.14 3152
 673 4449 3151 87 1 1.10 1.14 3152
 673 4433 3151 87 1 1.10 1.14 3152
 673 4417 3151 87 1 1.10 1.14 3152
 673 4401 3151 87 1 1.10 1.14 3152
 673 4385 3151 87 1 1.10 1.14 3152
 689 4017 3151 87 1 1.10 1.14 3152
 689 4513 3151 87 1 1.10 1.14 3152
 689 4001 3151 87 1 1.10 1.14 3152
 689 4497 3151 87 1 1.10 1.14 3152
 689 3985 3151 87 1 1.10 1.14 3152
 689 4481 3151 87 1 1.10 1.14 3152
 689 3969 3151 87 1 1.10 1.14 3152
 689 4465 3151 87 1 1.10 1.14 3152
 689 3873 3195 87 3 1.10 1.14 3196
 689 4449 3151 87 1 1.10 1.14 3152
 689 4433 3151 87 1 1.10 1.14 3152
 689 4417 3151 87 1 1.10 1.14 3152
 689 4401 3151 87 1 1.10 1.14 3152
 689 4385 3151 87 1 1.10 1.14 3152
 705 3969 3693 87 2 1.10 1.14 3694
 705 4513 3151 87 1 1.10 1.14 3152
 705 4497 3151 87 1 1.10 1.14 3152
 705 4481 3151 87 1 1.10 1.14 3152
 705 4465 3151 87 1 1.10 1.14 3152
 705 4449 3151 87 1 1.10 1.14 3152
 705 4433 3151 87 1 1.10 1.14 3152
 705 4417 3151 87 1 1.10 1.14 3152
 705 4401 3151 87 1 1.10 1.14 3152
 705 4385 3151 87 1 1.10 1.14 3152
 721 4625 3151 67 1 1.10 1.14 3152
 721 4513 3151 87 1 1.10 1.14 3152
 721 4497 3151 87 1 1.10 1.14 3152
 721 4481 3151 87 1 1.10 1.14 3152
 721 4465 3151 87 1 1.10 1.14 3152
 721 4449 3151 87 1 1.10 1.14 3152
 721 4433 3151 87 1 1.10 1.14 3152
 721 4417 3151 87 1 1.10 1.14 3152
 721 4401 3151 87 1 1.10 1.14 3152
 721 4385 3151 87 1 1.10 1.14 3152
 737 4097 3693 87 2 1.10 1.14 3694
 737 4161 3693 87 2 1.10 1.14 3694
 737 4225 3693 87 2 1.10 1.14 3694
 737 4625 3151 67 1 1.10 1.14 3152
 737 4641 3192 56 4 1.10 -5.86 3193
 737 4513 3151 87 1 1.10 1.14 3152
 737 4497 3151 87 1 1.10 1.14 3152
 737 4481 3151 87 1 1.10 1.14 3152
 737 4465 3151 87 1 1.10 1.14 3152
 737 4449 3151 87 1 1.10 1.14 3152
 737 4433 3151 87 1 1.10 1.14 3152
 737 4417 3151 87 1 1.10 1.14 3152
 737 4401 3151 87 1 1.10 1.14 3152
 737 4385 3151 87 1 1.10 1.14 3152
 753 4625 3151 67 1 1.10 1.14 3152
 753 4513 3151 87 1 1.10 1.14 3152
 753 4497 3151 87 1 1.10 1.14 3152
 753 4481 3151 87 1 1.10 1.14 3152
 753 4465 3151 87 1 1.10 1.14 3152
 753 4449 3151 87 1 1.10 1.14 3152
 753 4433 3151 87 1 1.10 1.14 3152
 753 4417 3151 87 1 1.10 1.14 3152
 753 4401 3151 87 1 1.10 1.14 3152
 753 4385 3151 87 1 1.10 1.14 3152
 769 4289 3195 87 3 1.10 1.14 3196
 769 3969 3693 87 2 1.10 1.14 3694
 769 4753 3151 87 1 1.10 1.14 3152
 769 4737 3151 87 1 1.10 1.14 3152
 769 4721 3151 87 1 1.10 1.14 3152
 769 4705 3151 87 1 1.10 1.14 3152
 769 4689 3151 87 1 1.10 1.14 3152
 769 4673 3151 87 1 1.10 1.14 3152
 769 4609 3693 57 26 1.10 -5.86 3694
 769 4545 3693 57 26 1.10 -5.86 3694
 769 4513 3151 87 1 1.10 1.14 3152
 769 4497 3151 87 1 1.10 1.14 3152
 769 4481 3151 87 1 1.10 1.14 3152
 769 4385 3195 87 3 1.10 1.14 3196
 785 4753 3151 87 1 1.10 1.14 3152
 785 4737 3151 87 1 1.10 1.14 3152
 785 4721 3151 87 1 1.10 1.14 3152
 785 4705 3151 87 1 1.10 1.14 3152
 785 4689 3151 87 1 1.10 1.14 3152
 785 4673 3151 87 1 1.10 1.14 3152
 785 4513 3151 87 1 1.10 1.14 3152
 785 4497 3151 87 1 1.10 1.14 3152
 785 4481 3151 87 1 1.10 1.14 3152
 785 3873 3195 87 3 1.10 1.14 3196
 801 4097 3693 87 2 1.10 1.14 3694
 801 4161 3693 87 2 1.10 1.14 3694
 801 4225 3693 87 2 1.10 1.14 3694
 801 4753 3151 87 1 1.10 1.14 3152
 801 4737 3151 87 1 1.10 1.14 3152
 801 4721 3151 87 1 1.10 1.14 3152
 801 4705 3151 87 1 1.10 1.14 3152
 801 4689 3151 87 1 1.10 1.14 3152
 801 4673 3151 67 1 1.10 1.14 3152
 801 4513 3151 87 1 1.10 1.14 3152
 801 4497 3151 87 1 1.10 1.14 3152
 801 4481 3151 87 1 1.10 1.14 3152
 817 4753 3151 87 1 1.10 1.14 3152
 817 4737 3151 87 1 1.10 1.14 3152
 817 4721 3151 87 1 1.10 1.14 3152
 817 4705 3151 87 1 1.10 1.14 3152
 817 4689 3151 87 1 1.10 1.14 3152
 817 4673 3151 67 1 1.10 1.14 3152
 817 4513 3151 87 1 1.10 1.14 3152
 817 4497 3151 87 1 1.10 1.14 3152
 817 4481 3151 87 1 1.10 1.14 3152
 833 4753 3151 87 1 1.10 1.14 3152
 833 4737 3151 87 1 1.10 1.14 3152
 833 4721 3151 87 1 1.10 1.14 3152
 833 4705 3151 87 1 1.10 1.14 3152
 833 4689 3151 87 1 1.10 1.14 3152
 833 4673 3151 87 1 1.10 1.14 3152
 833 4513 3151 87 1 1.10 1.14 3152
 833 3969 3693 87 2 1.10 1.14 3694
 833 4497 3151 87 1 1.10 1.14 3152
 833 4481 3151 87 1 1.10 1.14 3152
 849 4673 3195 87 3 1.10 1.14 3196
 849 4513 3151 87 1 1.10 1.14 3152
 849 4497 3151 87 1 1.10 1.14 3152
 849 4481 3151 87 1 1.10 1.14 3152
 865 4513 3151 87 1 1.10 1.14 3152
 865 4097 3151 87 1 1.10 1.14 3152
 865 4113 3151 87 1 1.10 1.14 3152
 865 4129 3151 87 1 1.10 1.14 3152
 865 4145 3151 87 1 1.10 1.14 3152
 865 4161 3151 87 1 1.10 1.14 3152
 865 4177 3151 87 1 1.10 1.14 3152
 865 4193 3151 87 1 1.10 1.14 3152
 865 4209 3151 87 1 1.10 1.14 3152
 865 4225 3151 87 1 1.10 1.14 3152
 865 4241 3151 87 1 1.10 1.14 3152
 865 4257 3151 87 1 1.10 1.14 3152
 865 4273 3151 87 1 1.10 1.14 3152
 865 4289 3151 87 1 1.10 1.14 3152
 865 4305 3151 87 1 1.10 1.14 3152
 865 4321 3151 87 1 1.10 1.14 3152
 865 4337 3151 87 1 1.10 1.14 3152
 865 4353 3151 87 1 1.10 1.14 3152
 865 4369 3151 87 1 1.10 1.14 3152
 865 4497 3151 87 1 1.10 1.14 3152
 865 4481 3151 87 1 1.10 1.14 3152
 865 4465 3151 87 1 1.10 1.14 3152
 865 4449 3151 87 1 1.10 1.14 3152
 865 4433 3151 87 1 1.10 1.14 3152
 865 4417 3151 87 1 1.10 1.14 3152
 865 4385 3151 87 1 1.10 1.14 3152
 865 4401 3151 87 1 1.10 1.14 3152
 881 4625 3151 67 1 1.10 1.14 3152
 881 4513 3151 87 1 1.10 1.14 3152
 881 4097 3151 87 1 1.10 1.14 3152
 881 4113 3151 87 1 1.10 1.14 3152
 881 4129 3151 87 1 1.10 1.14 3152
 881 4145 3151 87 1 1.10 1.14 3152
 881 4161 3151 87 1 1.10 1.14 3152
 881 4177 3151 87 1 1.10 1.14 3152
 881 4193 3151 87 1 1.10 1.14 3152
 881 4209 3151 87 1 1.10 1.14 3152
 881 4225 3151 87 1 1.10 1.14 3152
 881 4241 3151 87 1 1.10 1.14 3152
 881 4257 3151 87 1 1.10 1.14 3152
 881 4273 3151 87 1 1.10 1.14 3152
 881 4289 3151 87 1 1.10 1.14 3152
 881 4305 3151 87 1 1.10 1.14 3152
 881 4321 3151 87 1 1.10 1.14 3152
 881 4337 3151 87 1 1.10 1.14 3152
 881 4353 3151 87 1 1.10 1.14 3152
 881 4369 3151 87 1 1.10 1.14 3152
 881 4497 3151 87 1 1.10 1.14 3152
 881 4481 3151 87 1 1.10 1.14 3152
 881 4465 3151 87 1 1.10 1.14 3152
 881 3873 3195 87 3 1.10 1.14 3196
 881 4449 3151 87 1 1.10 1.14 3152
 881 4433 3151 87 1 1.10 1.14 3152
 881 4417 3151 87 1 1.10 1.14 3152
 881 4385 3151 87 1 1.10 1.14 3152
 881 4401 3151 87 1 1.10 1.14 3152
 897 4625 3151 67 1 1.10 1.14 3152
 897 4513 3151 87 1 1.10 1.14 3152
 897 4497 3151 87 1 1.10 1.14 3152
 897 4481 3151 87 1 1.10 1.14 3152
 897 4465 3151 87 1 1.10 1.14 3152
 897 4449 3151 87 1 1.10 1.14 3152
 897 4433 3151 87 1 1.10 1.14 3152
 897 4097 3151 87 1 1.10 1.14 3152
 897 4113 3151 87 1 1.10 1.14 3152
 897 4129 3151 87 1 1.10 1.14 3152
 897 4145 3151 87 1 1.10 1.14 3152
 897 4161 3151 87 1 1.10 1.14 3152
 897 4177 3151 87 1 1.10 1.14 3152
 897 4193 3151 87 1 1.10 1.14 3152
 897 4209 3151 87 1 1.10 1.14 3152
 897 4225 3151 87 1 1.10 1.14 3152
 897 3969 3693 87 2 1.10 1.14 3694
 897 4241 3151 87 1 1.10 1.14 3152
 897 4417 3151 87 1 1.10 1.14 3152
 897 4257 3151 87 1 1.10 1.14 3152
 897 4273 3151 87 1 1.10 1.14 3152
 897 4289 3151 87 1 1.10 1.14 3152
 897 4305 3195 87 3 1.10 1.14 3196
 897 4401 3151 87 1 1.10 1.14 3152
 913 4625 3151 67 1 1.10 1.14 3152
 913 4513 3151 87 1 1.10 1.14 3152
 913 4497 3151 87 1 1.10 1.14 3152
 913 4481 3151 87 1 1.10 1.14 3152
 913 4465 3151 87 1 1.10 1.14 3152
 913 4449 3151 87 1 1.10 1.14 3152
 913 4433 3151 87 1 1.10 1.14 3152
 913 4417 3151 87 1 1.10 1.14 3152
 913 4097 3151 87 1 1.10 1.14 3152
 913 4113 3151 87 1 1.10 1.14 3152
 913 4129 3151 87 1 1.10 1.14 3152
 913 4145 3151 87 1 1.10 1.14 3152
 913 4161 3151 87 1 1.10 1.14 3152
 913 4177 3151 87 1 1.10 1.14 3152
 913 4193 3151 87 1 1.10 1.14 3152
 913 4209 3151 87 1 1.10 1.14 3152
 913 4225 3151 87 1 1.10 1.14 3152
 913 4241 3151 87 1 1.10 1.14 3152
 913 4257 3151 87 1 1.10 1.14 3152
 913 4273 3151 87 1 1.10 1.14 3152
 913 4289 3151 87 1 1.10 1.14 3152
 913 4401 3151 87 1 1.10 1.14 3152
 929 4609 3693 57 26 1.10 -5.86 3694
 929 4545 3693 57 26 1.10 -5.86 3694
 929 4513 3151 87 1 1.10 1.14 3152
 929 4497 3151 87 1 1.10 1.14 3152
 929 4481 3151 87 1 1.10 1.14 3152
 929 4465 3151 87 1 1.10 1.14 3152
 929 4449 3151 87 1 1.10 1.14 3152
 929 4433 3151 87 1 1.10 1.14 3152
 929 4417 3151 87 1 1.10 1.14 3152
 929 4241 3151 61 11 1.10 1.14 3152
 929 4257 3151 87 1 1.10 1.14 3152
 929 4273 3151 87 1 1.10 1.14 3152
 929 4289 3151 87 1 1.10 1.14 3152
 929 4401 3151 87 1 1.10 1.14 3152
 945 4753 3151 87 1 1.10 1.14 3152
 945 4737 3151 87 1 1.10 1.14 3152
 945 4721 3151 87 1 1.10 1.14 3152
 945 4705 3151 87 1 1.10 1.14 3152
 945 4689 3151 87 1 1.10 1.14 3152
 945 4673 3151 87 1 1.10 1.14 3152
 945 4657 3151 79 66 0.10 4.14 3152
 945 4641 3151 79 65 0.10 4.14 3152
 945 4625 3151 79 65 0.10 4.14 3152
 945 4609 3151 79 65 0.10 4.14 3152
 945 4593 3151 79 65 0.10 4.14 3152
 945 4577 3151 79 65 0.10 4.14 3152
 945 4561 3151 79 65 0.10 4.14 3152
 945 4545 3151 79 65 0.10 4.14 3152
 945 4529 3151 79 64 0.10 4.14 3152
 945 4513 3151 87 1 1.10 1.14 3152
 945 4497 3151 87 1 1.10 1.14 3152
 945 4481 3151 87 1 1.10 1.14 3152
 945 4465 3151 87 1 1.10 1.14 3152
 945 4449 3151 87 1 1.10 1.14 3152
 945 4433 3151 87 1 1.10 1.14 3152
 945 4417 3151 87 1 1.10 1.14 3152
 945 4257 3151 87 1 1.10 1.14 3152
 945 4273 3151 87 1 1.10 1.14 3152
 945 4289 3151 87 1 1.10 1.14 3152
 945 4401 3151 87 1 1.10 1.14 3152
 961 4753 3151 63 16 1.10 1.14 3152
 961 4737 3151 63 14 1.10 1.14 3152
 961 4673 3151 61 1 1.10 1.14 3152
 961 4513 3151 87 1 1.10 1.14 3152
 961 4497 3151 87 1 1.10 1.14 3152
 961 4481 3151 87 1 1.10 1.14 3152
 961 4465 3151 87 1 1.10 1.14 3152
 961 4449 3151 87 1 1.10 1.14 3152
 961 4433 3151 87 1 1.10 1.14 3152
 961 4417 3151 87 1 1.10 1.14 3152
 961 3969 3195 87 3 1.10 1.14 3196
 961 4257 3151 87 1 1.10 1.14 3152
 961 4273 3151 87 1 1.10 1.14 3152
 961 4289 3151 87 1 1.10 1.14 3152
 961 4401 3151 87 1 1.10 1.14 3152
 977 4753 3151 63 16 1.10 1.14 3152
 977 4737 3151 63 14 1.10 1.14 3152
 977 4673 3151 61 1 1.10 1.14 3152
 977 4513 3151 87 1 1.10 1.14 3152
 977 4497 3151 87 1 1.10 1.14 3152
 977 4481 3151 87 1 1.10 1.14 3152
 977 4465 3151 87 1 1.10 1.14 3152
 977 4449 3151 87 1 1.10 1.14 3152
 977 4433 3151 87 1 1.10 1.14 3152
 977 4417 3151 87 1 1.10 1.14 3152
 977 4097 3151 87 1 1.10 1.14 3152
 977 4113 3151 87 1 1.10 1.14 3152
 977 4081 3151 87 1 1.10 1.14 3152
 977 4065 3151 87 1 1.10 1.14 3152
 977 3873 3195 87 3 1.10 1.14 3196
 977 4257 3151 87 1 1.10 1.14 3152
 977 4273 3151 87 1 1.10 1.14 3152
 977 4289 3151 87 1 1.10 1.14 3152
 977 4401 3151 87 1 1.10 1.14 3152
 993 4305 3195 87 3 1.10 1.14 3196
 993 4753 3151 63 16 1.10 1.14 3152
 993 4737 3151 63 14 1.10 1.14 3152
 993 4673 3151 61 1 1.10 1.14 3152
 993 4593 3151 79 48 0.10 4.14 3152
 993 4577 3151 79 51 0.10 4.14 3152
 993 4561 3151 79 51 0.10 4.14 3152
 993 4545 3151 79 51 0.10 4.14 3152
 993 4529 3151 79 50 0.10 4.14 3152
 993 4513 3151 87 1 1.10 1.14 3152
 993 4497 3151 87 1 1.10 1.14 3152
 993 4481 3151 87 1 1.10 1.14 3152
 993 4465 3151 87 1 1.10 1.14 3152
 993 4449 3151 87 1 1.10 1.14 3152
 993 4433 3151 87 1 1.10 1.14 3152
 993 4417 3151 87 1 1.10 1.14 3152
 993 4113 3151 87 1 1.10 1.14 3152
 993 4097 3151 87 1 1.10 1.14 3152
 993 4081 3151 87 1 1.10 1.14 3152
 993 4065 3151 87 1 1.10 1.14 3152
 993 4257 3151 87 1 1.10 1.14 3152
 993 4273 3151 87 1 1.10 1.14 3152
 993 4289 3151 87 1 1.10 1.14 3152
 993 4401 3151 87 1 1.10 1.14 3152
 1009 4753 3151 63 16 1.10 1.14 3152
 1009 4737 3151 63 14 1.10 1.14 3152
 1009 4673 3151 61 1 1.10 1.14 3152
 1009 4609 3151 61 2 1.10 1.14 3152
 1009 4513 3151 87 1 1.10 1.14 3152
 1009 4497 3151 87 1 1.10 1.14 3152
 1009 4481 3151 87 1 1.10 1.14 3152
 1009 4465 3151 87 1 1.10 1.14 3152
 1009 4449 3151 87 1 1.10 1.14 3152
 1009 4433 3151 87 1 1.10 1.14 3152
 1009 4417 3151 87 1 1.10 1.14 3152
 1009 4113 3151 87 1 1.10 1.14 3152
 1009 4097 3151 87 1 1.10 1.14 3152
 1009 4081 3151 87 1 1.10 1.14 3152
 1009 4065 3151 87 1 1.10 1.14 3152
 1009 4257 3151 87 1 1.10 1.14 3152
 1009 4273 3151 87 1 1.10 1.14 3152
 1009 4289 3151 87 1 1.10 1.14 3152
 1009 4401 3151 87 1 1.10 1.14 3152
 1025 4753 3151 63 16 1.10 1.14 3152
 1025 4737 3151 63 15 1.10 1.14 3152
 1025 4673 3151 61 1 1.10 1.14 3152
 1025 4609 3151 59 4 1.10 1.14 3152
 1025 4529 3192 67 26 1.10 1.14 3193
 1025 4513 3151 87 1 1.10 1.14 3152
 1025 4497 3151 87 1 1.10 1.14 3152
 1025 4481 3151 87 1 1.10 1.14 3152
 1025 4465 3151 87 1 1.10 1.14 3152
 1025 4449 3151 87 1 1.10 1.14 3152
 1025 4433 3151 87 1 1.10 1.14 3152
 1025 4417 3151 87 1 1.10 1.14 3152
 1025 4225 3192 51 1 1.10 1.14 3193 2
 1025 4193 3151 59 3 1.10 1.14 3152
 1025 4113 3151 87 1 1.10 1.14 3152
 1025 4097 3151 87 1 1.10 1.14 3152
 1025 4081 3151 87 1 1.10 1.14 3152
 1025 4065 3151 87 1 1.10 1.14 3152
 1025 4257 3151 87 1 1.10 1.14 3152
 1025 4273 3151 87 1 1.10 1.14 3152
 1025 4289 3151 87 1 1.10 1.14 3152
 1025 4401 3151 87 1 1.10 1.14 3152
 1041 4513 3151 87 1 1.10 1.14 3152
 1041 4497 3151 87 1 1.10 1.14 3152
 1041 4481 3151 87 1 1.10 1.14 3152
 1041 4465 3151 87 1 1.10 1.14 3152
 1041 4449 3151 87 1 1.10 1.14 3152
 1041 4433 3151 87 1 1.10 1.14 3152
 1041 4417 3151 87 1 1.10 1.14 3152
 1041 4289 3151 87 1 1.10 1.14 3152
 1041 4401 3151 87 1 1.10 1.14 3152
 1041 4753 3151 63 16 1.10 1.14 3152
 1041 4737 3151 63 15 1.10 1.14 3152
 1041 4673 3151 61 1 1.10 1.14 3152
 1041 4641 3192 56 4 1.10 -5.86 3193
 1041 4609 3151 61 2 1.10 1.14 3152
 1041 4225 3151 60 1 1.10 1.14 3152
 1041 4209 3151 60 1 1.10 1.14 3152
 1041 4193 3151 60 1 1.10 1.14 3152
 1041 4177 3151 60 1 1.10 1.14 3152
 1041 4161 3151 60 1 1.10 1.14 3152
 1041 4145 3151 60 1 1.10 1.14 3152
 1041 4129 3151 60 1 1.10 1.14 3152
 1041 4113 3151 87 1 1.10 1.14 3152
 1041 4097 3151 87 1 1.10 1.14 3152
 1041 4081 3151 87 1 1.10 1.14 3152
 1041 4065 3151 87 1 1.10 1.14 3152
 1041 4241 3151 60 1 1.10 1.14 3152
 1041 4257 3151 87 1 1.10 1.14 3152
 1041 4273 3151 87 1 1.10 1.14 3152
 1057 4577 3151 79 51 0.10 4.14 3152
 1057 4561 3151 79 51 0.10 4.14 3152
 1057 4545 3151 79 51 0.10 4.14 3152
 1057 4529 3151 79 50 0.10 4.14 3152
 1057 4513 3151 87 1 1.10 1.14 3152
 1057 4497 3151 87 1 1.10 1.14 3152
 1057 4481 3151 87 1 1.10 1.14 3152
 1057 4465 3151 87 1 1.10 1.14 3152
 1057 4449 3151 87 1 1.10 1.14 3152
 1057 4433 3151 87 1 1.10 1.14 3152
 1057 4417 3151 87 1 1.10 1.14 3152
 1057 4289 3151 87 1 1.10 1.14 3152
 1057 4401 3151 87 1 1.10 1.14 3152
 1057 4753 3151 63 16 1.10 1.14 3152
 1057 4737 3151 63 14 1.10 1.14 3152
 1057 4673 3151 61 1 1.10 1.14 3152
 1057 4593 3151 79 48 0.10 4.14 3152
 1057 4225 3151 60 1 1.10 1.14 3152
 1057 4209 3151 60 1 1.10 1.14 3152
 1057 4193 3151 60 1 1.10 1.14 3152
 1057 4177 3151 60 1 1.10 1.14 3152
 1057 4161 3151 60 1 1.10 1.14 3152
 1057 4145 3151 60 1 1.10 1.14 3152
 1057 4129 3151 60 1 1.10 1.14 3152
 1057 4065 3693 87 2 1.10 1.14 3694
 1057 3969 3195 87 3 1.10 1.14 3196
 1057 4241 3151 60 1 1.10 1.14 3152
 1057 4257 3151 87 1 1.10 1.14 3152
 1057 4273 3151 87 1 1.10 1.14 3152
 1073 4513 3151 87 1 1.10 1.14 3152
 1073 4497 3151 87 1 1.10 1.14 3152
 1073 4481 3151 87 1 1.10 1.14 3152
 1073 4465 3151 87 1 1.10 1.14 3152
 1073 4449 3151 87 1 1.10 1.14 3152
 1073 4433 3151 87 1 1.10 1.14 3152
 1073 4417 3151 87 1 1.10 1.14 3152
 1073 4289 3151 87 1 1.10 1.14 3152
 1073 4401 3151 87 1 1.10 1.14 3152
 1073 4753 3151 63 16 1.10 1.14 3152
 1073 4737 3151 63 14 1.10 1.14 3152
 1073 4673 3151 61 1 1.10 1.14 3152
 1073 4225 3151 60 1 1.10 1.14 3152
 1073 4209 3151 60 1 1.10 1.14 3152
 1073 4193 3151 60 1 1.10 1.14 3152
 1073 4177 3151 60 1 1.10 1.14 3152
 1073 4161 3151 60 1 1.10 1.14 3152
 1073 4145 3151 60 1 1.10 1.14 3152
 1073 4129 3151 60 1 1.10 1.14 3152
 1073 4241 3151 60 1 1.10 1.14 3152
 1073 4209 3151 96 28 -13.90 -13.86 3152 Corri Verso#L'Angolo!
 1073 4257 3151 87 1 1.10 1.14 3152
 1073 4273 3151 87 1 1.10 1.14 3152
 1089 4513 3151 87 1 1.10 1.14 3152
 1089 4497 3151 87 1 1.10 1.14 3152
 1089 4481 3151 87 1 1.10 1.14 3152
 1089 4465 3151 87 1 1.10 1.14 3152
 1089 4449 3151 87 1 1.10 1.14 3152
 1089 4433 3151 87 1 1.10 1.14 3152
 1089 4417 3151 87 1 1.10 1.14 3152
 1089 4289 3151 87 1 1.10 1.14 3152
 1089 4305 3151 87 1 1.10 1.14 3152
 1089 4321 3151 87 1 1.10 1.14 3152
 1089 4337 3151 87 1 1.10 1.14 3152
 1089 4353 3151 87 1 1.10 1.14 3152
 1089 4369 3151 87 1 1.10 1.14 3152
 1089 4385 3151 87 1 1.10 1.14 3152
 1089 4401 3151 87 1 1.10 1.14 3152
 1089 4753 3151 63 16 1.10 1.14 3152
 1089 4737 3151 63 14 1.10 1.14 3152
 1089 4673 3151 61 1 1.10 1.14 3152
 1089 4609 3151 96 28 -13.90 -13.86 3152 Usa ^ e Spazio per#Fare Un Salto Avitato#E Rompere Quei Blocchi!#(Solo Super Mario)
 1089 4257 3151 87 1 1.10 1.14 3152
 1089 4273 3151 87 1 1.10 1.14 3152
 1105 4513 3151 87 1 1.10 1.14 3152
 1105 4497 3151 87 1 1.10 1.14 3152
 1105 4481 3151 87 1 1.10 1.14 3152
 1105 4465 3151 87 1 1.10 1.14 3152
 1105 4449 3151 87 1 1.10 1.14 3152
 1105 4433 3151 87 1 1.10 1.14 3152
 1105 4417 3151 87 1 1.10 1.14 3152
 1105 4289 3151 87 1 1.10 1.14 3152
 1105 4305 3151 87 1 1.10 1.14 3152
 1105 4321 3151 87 1 1.10 1.14 3152
 1105 4337 3151 87 1 1.10 1.14 3152
 1105 4353 3151 87 1 1.10 1.14 3152
 1105 4369 3151 87 1 1.10 1.14 3152
 1105 4385 3151 87 1 1.10 1.14 3152
 1105 4401 3151 87 1 1.10 1.14 3152
 1105 4753 3151 63 16 1.10 1.14 3152
 1105 4737 3151 63 14 1.10 1.14 3152
 1105 4673 3151 61 1 1.10 1.14 3152
 1105 4641 3192 56 4 1.10 -5.86 3193
 1105 4257 3151 87 1 1.10 1.14 3152
 1105 4273 3151 87 1 1.10 1.14 3152
 1121 4577 3151 79 65 0.10 4.14 3152
 1121 4561 3151 79 65 0.10 4.14 3152
 1121 4545 3151 79 65 0.10 4.14 3152
 1121 4529 3151 79 64 0.10 4.14 3152
 1121 4513 3151 87 1 1.10 1.14 3152
 1121 4497 3151 87 1 1.10 1.14 3152
 1121 4481 3151 87 1 1.10 1.14 3152
 1121 4465 3151 87 1 1.10 1.14 3152
 1121 4449 3151 87 1 1.10 1.14 3152
 1121 4433 3151 87 1 1.10 1.14 3152
 1121 4417 3151 87 1 1.10 1.14 3152
 1121 4305 3151 87 1 1.10 1.14 3152
 1121 4321 3151 87 1 1.10 1.14 3152
 1121 4289 3151 87 1 1.10 1.14 3152
 1121 4337 3151 87 1 1.10 1.14 3152
 1121 4353 3151 87 1 1.10 1.14 3152
 1121 4369 3151 87 1 1.10 1.14 3152
 1121 4385 3151 87 1 1.10 1.14 3152
 1121 4401 3151 87 1 1.10 1.14 3152
 1121 4753 3151 87 1 1.10 1.14 3152
 1121 4737 3151 87 1 1.10 1.14 3152
 1121 4721 3151 87 1 1.10 1.14 3152
 1121 4705 3151 87 1 1.10 1.14 3152
 1121 4689 3151 87 1 1.10 1.14 3152
 1121 4673 3151 87 1 1.10 1.14 3152
 1121 4657 3151 79 66 0.10 4.14 3152
 1121 4641 3151 79 65 0.10 4.14 3152
 1121 4625 3151 79 65 0.10 4.14 3152
 1121 4609 3151 79 65 0.10 4.14 3152
 1121 4593 3151 79 65 0.10 4.14 3152
 1121 4273 3151 87 1 1.10 1.14 3152
 1121 4257 3151 87 1 1.10 1.14 3152
 1121 4065 3693 87 2 1.10 1.14 3694
 1137 4513 3151 87 1 1.10 1.14 3152
 1137 4497 3151 87 1 1.10 1.14 3152
 1137 4481 3151 87 1 1.10 1.14 3152
 1137 4465 3151 87 1 1.10 1.14 3152
 1137 4449 3151 87 1 1.10 1.14 3152
 1137 4433 3151 87 1 1.10 1.14 3152
 1137 4417 3151 87 1 1.10 1.14 3152
 1137 4353 3151 67 1 1.10 1.14 3152
 1137 4753 3151 87 1 1.10 1.14 3152
 1137 4737 3151 87 1 1.10 1.14 3152
 1137 4721 3151 87 1 1.10 1.14 3152
 1137 4705 3151 87 1 1.10 1.14 3152
 1137 4689 3151 87 1 1.10 1.14 3152
 1137 4673 3151 87 1 1.10 1.14 3152
 1137 4657 3151 87 1 1.10 1.14 3152
 1137 4273 3151 67 1 1.10 1.14 3152
 1153 4513 3151 87 1 1.10 1.14 3152
 1153 4497 3151 87 1 1.10 1.14 3152
 1153 4481 3151 87 1 1.10 1.14 3152
 1153 4465 3151 87 1 1.10 1.14 3152
 1153 4449 3151 87 1 1.10 1.14 3152
 1153 4433 3151 87 1 1.10 1.14 3152
 1153 4417 3151 87 1 1.10 1.14 3152
 1153 4753 3151 87 1 1.10 1.14 3152
 1153 4737 3151 87 1 1.10 1.14 3152
 1153 4721 3151 87 1 1.10 1.14 3152
 1153 4705 3151 87 1 1.10 1.14 3152
 1153 4689 3151 87 1 1.10 1.14 3152
 1153 4673 3151 87 1 1.10 1.14 3152
 1153 4657 3151 87 1 1.10 1.14 3152
 1153 4641 3151 87 1 1.10 1.14 3152
 1153 4625 3151 87 1 1.10 1.14 3152
 1153 4609 3151 95 1 1300001.10 1300001.14 3152 65 33
 1153 3969 3195 87 3 1.10 1.14 3196
 1169 4513 3151 87 1 1.10 1.14 3152
 1169 4497 3151 87 1 1.10 1.14 3152
 1169 4481 3151 87 1 1.10 1.14 3152
 1169 4465 3151 87 1 1.10 1.14 3152
 1169 4449 3151 87 1 1.10 1.14 3152
 1169 4433 3151 87 1 1.10 1.14 3152
 1169 4417 3151 87 1 1.10 1.14 3152
 1169 4321 3151 67 1 1.10 1.14 3152
 1169 4753 3151 63 14 1.10 1.14 3152
 1169 4737 3151 61 2 1.10 1.14 3152
 1169 4721 3151 61 2 1.10 1.14 3152
 1169 4657 3151 61 2 1.10 1.14 3152
 1169 4641 3151 61 2 1.10 1.14 3152
 1169 4625 3151 61 2 1.10 1.14 3152
 1185 4577 3151 87 1 1.10 1.14 3152
 1185 4561 3151 87 1 1.10 1.14 3152
 1185 4545 3151 87 1 1.10 1.14 3152
 1185 4529 3151 87 1 1.10 1.14 3152
 1185 4513 3151 87 1 1.10 1.14 3152
 1185 4497 3151 87 1 1.10 1.14 3152
 1185 4481 3151 87 1 1.10 1.14 3152
 1185 4465 3151 87 1 1.10 1.14 3152
 1185 4449 3151 87 1 1.10 1.14 3152
 1185 4417 3192 52 1 1.10 1.14 3193
 1185 4305 3151 87 1 1.10 1.14 3152
 1185 4289 3151 87 1 1.10 1.14 3152
 1185 4753 3151 63 14 1.10 1.14 3152
 1185 4737 3151 61 2 1.10 1.14 3152
 1185 4721 3151 61 2 1.10 1.14 3152
 1185 4705 3151 71 41 1.10 1.14 3152
 1185 4657 3151 87 1 1.10 1.14 3152
 1185 4641 3151 87 1 1.10 1.14 3152
 1185 4625 3151 87 1 1.10 1.14 3152
 1185 4609 3151 87 1 1.10 1.14 3152
 1185 4593 3151 87 1 1.10 1.14 3152
 1185 4273 3151 87 1 1.10 1.14 3152
 1185 4257 3151 87 1 1.10 1.14 3152
 1185 4241 3151 87 1 1.10 1.14 3152
 1185 4225 3151 87 1 1.10 1.14 3152
 1185 4209 3151 87 1 1.10 1.14 3152
 1185 4193 3151 87 1 1.10 1.14 3152
 1185 4129 3693 87 2 1.10 1.14 3694
 1185 4065 3693 87 2 1.10 1.14 3694
 1201 4321 3151 95 1 1300001.10 1300001.14 3152 65 49
 1201 4577 3151 87 1 1.10 1.14 3152
 1201 4561 3151 87 1 1.10 1.14 3152
 1201 4545 3151 87 1 1.10 1.14 3152
 1201 4529 3151 87 1 1.10 1.14 3152
 1201 4513 3151 87 1 1.10 1.14 3152
 1201 4497 3151 87 1 1.10 1.14 3152
 1201 4481 3151 87 1 1.10 1.14 3152
 1201 4465 3151 87 1 1.10 1.14 3152
 1201 4449 3151 87 1 1.10 1.14 3152
 1201 4417 3192 51 1 1.10 1.14 3193 3
 1201 4305 3151 87 1 1.10 1.14 3152
 1201 4289 3151 87 1 1.10 1.14 3152
 1201 4369 3151 59 20 1.10 1.14 3152
 1201 4369 3151 67 17 0.10 0.14 3152
 1201 4753 3151 63 14 1.10 1.14 3152
 1201 4737 3151 61 2 1.10 1.14 3152
 1201 4721 3151 61 2 1.10 1.14 3152
 1201 4657 3151 87 1 1.10 1.14 3152
 1201 4593 3693 87 2 1.10 1.14 3694
 1201 4273 3151 87 1 1.10 1.14 3152
 1201 4257 3151 87 1 1.10 1.14 3152
 1201 4241 3151 87 1 1.10 1.14 3152
 1201 4225 3151 87 1 1.10 1.14 3152
 1201 4209 3151 87 1 1.10 1.14 3152
 1201 4193 3151 87 1 1.10 1.14 3152
 1217 4433 3151 95 1 1300001.10 1300001.14 3152 97 1
 1217 4577 3151 87 1 1.10 1.14 3152
 1217 4561 3151 87 1 1.10 1.14 3152
 1217 4545 3151 87 1 1.10 1.14 3152
 1217 4529 3151 87 1 1.10 1.14 3152
 1217 4513 3151 87 1 1.10 1.14 3152
 1217 4497 3151 87 1 1.10 1.14 3152
 1217 4481 3151 87 1 1.10 1.14 3152
 1217 4465 3151 87 1 1.10 1.14 3152
 1217 4449 3151 87 1 1.10 1.14 3152
 1217 4305 3151 87 1 1.10 1.14 3152
 1217 4289 3151 87 1 1.10 1.14 3152
 1217 4753 3151 63 14 1.10 1.14 3152
 1217 4737 3151 61 2 1.10 1.14 3152
 1217 4721 3151 61 2 1.10 1.14 3152
 1217 4657 3151 87 1 1.10 1.14 3152
 1217 4273 3151 87 1 1.10 1.14 3152
 1217 4257 3151 87 1 1.10 1.14 3152
 1217 4241 3151 87 1 1.10 1.14 3152
 1217 4225 3151 87 1 1.10 1.14 3152
 1217 4209 3151 87 1 1.10 1.14 3152
 1217 4193 3151 87 1 1.10 1.14 3152
 1233 4577 3151 63 16 1.10 1.14 3152
 1233 4561 3151 63 16 1.10 1.14 3152
 1233 4545 3151 63 16 1.10 1.14 3152
 1233 4529 3151 63 16 1.10 1.14 3152
 1233 4513 3151 63 16 1.10 1.14 3152
 1233 4481 3192 63 18 1.10 1.14 3193
 1233 4305 3151 87 1 1.10 1.14 3152
 1233 4289 3151 87 1 1.10 1.14 3152
 1233 4753 3151 63 14 1.10 1.14 3152
 1233 4737 3151 61 2 1.10 1.14 3152
 1233 4721 3151 61 2 1.10 1.14 3152
 1233 4657 3151 87 1 1.10 1.14 3152
 1233 4273 3151 87 1 1.10 1.14 3152
 1233 4257 3151 87 1 1.10 1.14 3152
 1233 4241 3151 87 1 1.10 1.14 3152
 1233 4225 3151 87 1 1.10 1.14 3152
 1233 4209 3151 87 1 1.10 1.14 3152
 1233 4193 3151 87 1 1.10 1.14 3152
 1249 4577 3151 63 16 1.10 1.14 3152
 1249 4561 3151 63 16 1.10 1.14 3152
 1249 4545 3151 63 16 1.10 1.14 3152
 1249 4529 3151 63 16 1.10 1.14 3152
 1249 4513 3151 63 16 1.10 1.14 3152
 1249 4497 3151 63 14 1.10 1.14 3152
 1249 4305 3151 87 1 1.10 1.14 3152
 1249 4321 3693 87 2 1.10 1.14 3694
 1249 4289 3151 87 1 1.10 1.14 3152
 1249 4753 3151 63 14 1.10 1.14 3152
 1249 4657 3151 87 1 1.10 1.14 3152
 1249 4273 3151 87 1 1.10 1.14 3152
 1249 4257 3151 87 1 1.10 1.14 3152
 1249 4241 3151 87 1 1.10 1.14 3152
 1249 4225 3151 87 1 1.10 1.14 3152
 1249 4209 3151 87 1 1.10 1.14 3152
 1249 4193 3151 87 1 1.10 1.14 3152
 1249 4097 3195 87 3 1.10 1.14 3196
 1249 4001 3195 87 3 1.10 1.14 3196
 1265 4577 3151 63 16 1.10 1.14 3152
 1265 4561 3151 63 16 1.10 1.14 3152
 1265 4545 3151 63 16 1.10 1.14 3152
 1265 4529 3151 63 16 1.10 1.14 3152
 1265 4497 3196 63 20 1.10 1.14 3197
 1265 4305 3151 87 1 1.10 1.14 3152
 1265 4289 3151 87 1 1.10 1.14 3152
 1265 4465 3196 56 7 1.10 -5.86 3197
 1265 4753 3151 63 14 1.10 1.14 3152
 1265 4737 3151 61 2 1.10 1.14 3152
 1265 4721 3151 61 2 1.10 1.14 3152
 1265 4657 3151 87 1 1.10 1.14 3152
 1265 4593 3693 87 2 1.10 1.14 3694
 1265 4273 3151 87 1 1.10 1.14 3152
 1265 4257 3151 87 1 1.10 1.14 3152
 1265 4241 3151 87 1 1.10 1.14 3152
 1265 4225 3151 87 1 1.10 1.14 3152
 1265 4209 3151 87 1 1.10 1.14 3152
 1265 4193 3151 87 1 1.10 1.14 3152
 1281 4577 3151 63 16 1.10 1.14 3152
 1281 4561 3151 63 16 1.10 1.14 3152
 1281 4545 3151 63 16 1.10 1.14 3152
 1281 4529 3151 63 16 1.10 1.14 3152
 1281 4225 3195 87 3 1.10 1.14 3196
 1281 4753 3151 63 14 1.10 1.14 3152
 1281 4737 3151 61 2 1.10 1.14 3152
 1281 4721 3151 61 2 1.10 1.14 3152
 1281 4689 3151 79 53 0.10 4.14 3152
 1281 4673 3151 79 52 0.10 4.14 3152
 1281 4657 3151 87 1 1.10 1.14 3152
 1281 4209 3151 87 1 1.10 1.14 3152
 1281 4193 3151 87 1 1.10 1.14 3152
 1297 4577 3151 63 16 1.10 1.14 3152
 1297 4561 3151 63 16 1.10 1.14 3152
 1297 4545 3151 63 16 1.10 1.14 3152
 1297 4529 3151 63 16 1.10 1.14 3152
 1297 4513 3151 63 14 1.10 1.14 3152
 1297 4753 3151 63 14 1.10 1.14 3152
 1297 4737 3151 61 2 1.10 1.14 3152
 1297 4721 3151 61 2 1.10 1.14 3152
 1297 4657 3151 87 1 1.10 1.14 3152
 1297 4209 3151 87 1 1.10 1.14 3152
 1297 4193 3151 87 1 1.10 1.14 3152
 1313 4577 3151 63 16 1.10 1.14 3152
 1313 4561 3151 63 16 1.10 1.14 3152
 1313 4545 3151 63 16 1.10 1.14 3152
 1313 4529 3151 63 16 1.10 1.14 3152
 1313 4513 3151 63 14 1.10 1.14 3152
 1313 4321 3693 87 2 1.10 1.14 3694
 1313 4753 3151 63 14 1.10 1.14 3152
 1313 4657 3151 87 1 1.10 1.14 3152
 1313 4209 3151 87 1 1.10 1.14 3152
 1313 4193 3151 87 1 1.10 1.14 3152
 1329 4577 3151 63 16 1.10 1.14 3152
 1329 4561 3151 63 16 1.10 1.14 3152
 1329 4545 3151 63 16 1.10 1.14 3152
 1329 4529 3151 63 16 1.10 1.14 3152
 1329 4513 3151 63 14 1.10 1.14 3152
 1329 4481 3196 56 7 1.10 -5.86 3197
 1329 4753 3151 63 14 1.10 1.14 3152
 1329 4737 3151 61 2 1.10 1.14 3152
 1329 4721 3151 61 2 1.10 1.14 3152
 1329 4657 3151 87 1 1.10 1.14 3152
 1329 4593 3693 87 2 1.10 1.14 3694
 1329 4209 3151 87 1 1.10 1.14 3152
 1329 4193 3151 87 1 1.10 1.14 3152
 1345 4753 3151 63 14 1.10 1.14 3152
 1345 4737 3151 61 2 1.10 1.14 3152
 1345 4721 3151 61 2 1.10 1.14 3152
 1345 4657 3151 87 1 1.10 1.14 3152
 1345 4577 3151 63 16 1.10 1.14 3152
 1345 4561 3151 63 16 1.10 1.14 3152
 1345 4545 3151 63 16 1.10 1.14 3152
 1345 4529 3151 63 16 1.10 1.14 3152
 1345 4513 3151 63 14 1.10 1.14 3152
 1345 4209 3151 87 1 1.10 1.14 3152
 1345 4193 3151 87 1 1.10 1.14 3152
 1361 4753 3151 63 14 1.10 1.14 3152
 1361 4737 3151 61 2 1.10 1.14 3152
 1361 4721 3151 61 2 1.10 1.14 3152
 1361 4657 3151 87 1 1.10 1.14 3152
 1361 4577 3151 63 16 1.10 1.14 3152
 1361 4561 3151 63 16 1.10 1.14 3152
 1361 4545 3151 63 16 1.10 1.14 3152
 1361 4529 3151 63 16 1.10 1.14 3152
 1361 4513 3151 63 14 1.10 1.14 3152
 1361 4193 3151 87 1 1.10 1.14 3152
 1361 4209 3151 87 1 1.10 1.14 3152
 1377 4753 3151 63 14 1.10 1.14 3152
 1377 4737 3151 61 2 1.10 1.14 3152
 1377 4721 3151 61 2 1.10 1.14 3152
 1377 4657 3151 87 1 1.10 1.14 3152
 1377 4577 3151 63 16 1.10 1.14 3152
 1377 4561 3151 63 16 1.10 1.14 3152
 1377 4545 3151 63 16 1.10 1.14 3152
 1377 4529 3151 63 16 1.10 1.14 3152
 1377 4513 3151 63 14 1.10 1.14 3152
 1377 4321 3195 87 3 1.10 1.14 3196
 1377 4225 3195 87 3 1.10 1.14 3196
 1377 4193 3151 87 1 1.10 1.14 3152
 1377 4209 3151 87 1 1.10 1.14 3152
 1393 4753 3151 63 14 1.10 1.14 3152
 1393 4657 3151 87 1 1.10 1.14 3152
 1393 4641 3151 87 1 1.10 1.14 3152
 1393 4625 3151 87 1 1.10 1.14 3152
 1393 4609 3151 63 16 1.10 1.14 3152
 1393 4593 3151 63 16 1.10 1.14 3152
 1393 4577 3151 63 16 1.10 1.14 3152
 1393 4561 3151 63 16 1.10 1.14 3152
 1393 4545 3151 87 1 1.10 1.14 3152
 1393 4529 3151 87 1 1.10 1.14 3152
 1393 4513 3151 87 1 1.10 1.14 3152
 1393 4193 3151 87 1 1.10 1.14 3152
 1393 4209 3151 87 1 1.10 1.14 3152
 1393 4497 3151 95 1 1300001.10 1300001.14 3152 97 1
 1409 4753 3151 63 14 1.10 1.14 3152
 1409 4737 3151 61 2 1.10 1.14 3152
 1409 4721 3151 61 2 1.10 1.14 3152
 1409 4657 3151 87 1 1.10 1.14 3152
 1409 4641 3151 87 1 1.10 1.14 3152
 1409 4625 3151 63 16 1.10 1.14 3152
 1409 4609 3151 63 16 1.10 1.14 3152
 1409 4593 3151 63 16 1.10 1.14 3152
 1409 4577 3151 63 16 1.10 1.14 3152
 1409 4561 3151 63 16 1.10 1.14 3152
 1409 4545 3151 87 1 1.10 1.14 3152
 1409 4193 3151 87 1 1.10 1.14 3152
 1409 4209 3151 87 1 1.10 1.14 3152
 1409 4529 3151 87 1 1.10 1.14 3152
 1409 4513 3151 87 1 1.10 1.14 3152
 1425 4753 3151 63 14 1.10 1.14 3152
 1425 4737 3151 61 2 1.10 1.14 3152
 1425 4721 3151 61 2 1.10 1.14 3152
 1425 4657 3151 87 1 1.10 1.14 3152
 1425 4641 3151 63 16 1.10 1.14 3152
 1425 4625 3151 63 16 1.10 1.14 3152
 1425 4609 3151 63 16 1.10 1.14 3152
 1425 4593 3151 63 16 1.10 1.14 3152
 1425 4577 3151 63 16 1.10 1.14 3152
 1425 4561 3151 63 16 1.10 1.14 3152
 1425 4193 3151 87 1 1.10 1.14 3152
 1425 4209 3151 87 1 1.10 1.14 3152
 1425 4529 3196 63 20 1.10 1.14 3197
 1441 4753 3151 63 14 1.10 1.14 3152
 1441 4737 3151 61 2 1.10 1.14 3152
 1441 4721 3151 61 2 1.10 1.14 3152
 1441 4657 3151 87 1 1.10 1.14 3152
 1441 4641 3151 63 16 1.10 1.14 3152
 1441 4625 3151 63 16 1.10 1.14 3152
 1441 4609 3151 63 16 1.10 1.14 3152
 1441 4593 3151 63 16 1.10 1.14 3152
 1441 4193 3151 87 1 1.10 1.14 3152
 1441 4209 3151 87 1 1.10 1.14 3152
 1441 4577 3151 63 16 1.10 1.14 3152
 1441 4561 3151 63 16 1.10 1.14 3152
 1457 4753 3151 63 14 1.10 1.14 3152
 1457 4737 3151 61 2 1.10 1.14 3152
 1457 4721 3151 61 2 1.10 1.14 3152
 1457 4689 3151 79 53 0.10 4.14 3152
 1457 4673 3151 79 52 0.10 4.14 3152
 1457 4657 3151 87 1 1.10 1.14 3152
 1457 4641 3151 63 16 1.10 1.14 3152
 1457 4625 3151 63 16 1.10 1.14 3152
 1457 4609 3151 63 16 1.10 1.14 3152
 1457 4577 3151 63 16 1.10 1.14 3152
 1457 4545 3196 63 20 1.10 1.14 3197
 1457 4593 3151 63 16 1.10 1.14 3152
 1457 4513 3196 56 7 1.10 -5.86 3197
 1457 4545 3151 96 2 -13.90 -13.86 3152
 1473 4753 3151 63 14 1.10 1.14 3152
 1473 4657 3151 87 1 1.10 1.14 3152
 1473 4641 3151 63 16 1.10 1.14 3152
 1473 4625 3151 63 16 1.10 1.14 3152
 1473 4609 3151 63 16 1.10 1.14 3152
 1473 4257 3195 87 3 1.10 1.14 3196
 1473 4225 3151 87 1 1.10 1.14 3152
 1473 4241 3151 87 1 1.10 1.14 3152
 1473 4353 3195 87 3 1.10 1.14 3196
 1473 4577 3151 63 16 1.10 1.14 3152
 1473 4593 3151 63 16 1.10 1.14 3152
 1473 4545 3151 96 2 -13.90 -13.86 3152
 1489 4753 3151 63 14 1.10 1.14 3152
 1489 4737 3151 61 2 1.10 1.14 3152
 1489 4721 3151 61 2 1.10 1.14 3152
 1489 4657 3151 87 1 1.10 1.14 3152
 1489 4641 3151 63 16 1.10 1.14 3152
 1489 4625 3151 63 16 1.10 1.14 3152
 1489 4609 3151 63 16 1.10 1.14 3152
 1489 4225 3151 87 1 1.10 1.14 3152
 1489 4241 3151 87 1 1.10 1.14 3152
 1489 4593 3151 63 16 1.10 1.14 3152
 1489 4577 3151 63 16 1.10 1.14 3152
 1489 4561 3151 63 14 1.10 1.14 3152
 1505 4753 3151 63 14 1.10 1.14 3152
 1505 4737 3151 61 2 1.10 1.14 3152
 1505 4721 3151 61 2 1.10 1.14 3152
 1505 4225 3151 87 1 1.10 1.14 3152
 1505 4241 3151 87 1 1.10 1.14 3152
 1505 4609 3151 63 16 1.10 1.14 3152
 1505 4593 3151 63 16 1.10 1.14 3152
 1505 4577 3151 63 16 1.10 1.14 3152
 1505 4561 3151 63 14 1.10 1.14 3152
 1505 4625 3151 63 16 1.10 1.14 3152
 1505 4641 3151 63 16 1.10 1.14 3152
 1505 4657 3151 87 1 1.10 1.14 3152
 1521 4753 3151 63 14 1.10 1.14 3152
 1521 4225 3151 87 1 1.10 1.14 3152
 1521 4241 3151 87 1 1.10 1.14 3152
 1521 4561 3196 63 20 1.10 1.14 3197
 1521 4609 3151 63 16 1.10 1.14 3152
 1521 4593 3151 63 16 1.10 1.14 3152
 1521 4625 3151 63 16 1.10 1.14 3152
 1521 4641 3151 63 16 1.10 1.14 3152
 1521 4657 3151 87 1 1.10 1.14 3152
 1521 4529 3196 56 7 1.10 -5.86 3197
 1521 4561 3151 96 2 -13.90 -13.86 3152
 1537 4753 3151 63 14 1.10 1.14 3152
 1537 4737 3151 61 2 1.10 1.14 3152
 1537 4721 3151 61 2 1.10 1.14 3152
 1537 4225 3151 87 1 1.10 1.14 3152
 1537 4241 3151 87 1 1.10 1.14 3152
 1537 4609 3151 63 16 1.10 1.14 3152
 1537 4593 3151 63 16 1.10 1.14 3152
 1537 4625 3151 63 16 1.10 1.14 3152
 1537 4641 3151 63 16 1.10 1.14 3152
 1537 4657 3151 87 1 1.10 1.14 3152
 1553 4753 3151 87 1 1.10 1.14 3152
 1553 4737 3151 87 1 1.10 1.14 3152
 1553 4609 3151 63 16 1.10 1.14 3152
 1553 4593 3151 63 16 1.10 1.14 3152
 1553 4577 3151 63 14 1.10 1.14 3152
 1553 4625 3151 63 16 1.10 1.14 3152
 1553 4641 3151 63 16 1.10 1.14 3152
 1553 4657 3151 87 1 1.10 1.14 3152
 1553 4721 3151 87 1 1.10 1.14 3152
 1569 4753 3151 87 1 1.10 1.14 3152
 1569 4737 3151 87 1 1.10 1.14 3152
 1569 4289 3195 87 3 1.10 1.14 3196
 1569 4257 3151 87 1 1.10 1.14 3152
 1569 4273 3151 87 1 1.10 1.14 3152
 1569 4545 3151 95 1 1300001.10 1300001.14 3152 97 1
 1569 4673 3151 79 64 0.10 4.14 3152
 1569 4689 3151 79 65 0.10 4.14 3152
 1569 4705 3151 79 66 0.10 4.14 3152
 1569 4385 3195 87 3 1.10 1.14 3196
 1569 4609 3151 87 1 1.10 1.14 3152
 1569 4593 3151 87 1 1.10 1.14 3152
 1569 4577 3151 87 1 1.10 1.14 3152
 1569 4561 3151 87 1 1.10 1.14 3152
 1569 4625 3151 87 1 1.10 1.14 3152
 1569 4641 3151 87 1 1.10 1.14 3152
 1569 4657 3151 87 1 1.10 1.14 3152
 1569 4721 3151 87 1 1.10 1.14 3152
 1585 4753 3151 87 1 1.10 1.14 3152
 1585 4257 3151 87 1 1.10 1.14 3152
 1585 4273 3151 87 1 1.10 1.14 3152
 1585 4737 3151 87 1 1.10 1.14 3152
 1585 4593 3151 87 1 1.10 1.14 3152
 1585 4577 3151 87 1 1.10 1.14 3152
 1585 4561 3151 87 1 1.10 1.14 3152
 1585 4721 3151 87 1 1.10 1.14 3152
 1585 4513 3151 96 28 -13.90 -13.86 3152 Puoi Usare Il#Salto Avvitato#Su Alcuni Nemici
 1601 4753 3151 87 1 1.10 1.14 3152
 1601 4257 3151 87 1 1.10 1.14 3152
 1601 4273 3151 87 1 1.10 1.14 3152
 1601 4737 3151 87 1 1.10 1.14 3152
 1601 4705 3151 95 1 1300001.10 1300001.14 3152 33 33
 1601 4593 3151 87 1 1.10 1.14 3152
 1601 4577 3151 87 1 1.10 1.14 3152
 1601 4561 3151 87 1 1.10 1.14 3152
 1601 4657 3151 71 40 1.10 1.14 3152
 1601 4721 3151 87 1 1.10 1.14 3152
 1617 4753 3151 87 1 1.10 1.14 3152
 1617 4257 3151 87 1 1.10 1.14 3152
 1617 4273 3151 87 1 1.10 1.14 3152
 1617 4737 3151 87 1 1.10 1.14 3152
 1617 4593 3151 87 1 1.10 1.14 3152
 1617 4577 3151 87 1 1.10 1.14 3152
 1617 4561 3151 87 1 1.10 1.14 3152
 1617 4689 3192 71 12 1.10 1.14 3193 10 1
 1617 4721 3151 87 1 1.10 1.14 3152
 1633 4753 3151 87 1 1.10 1.14 3152
 1633 4257 3151 87 1 1.10 1.14 3152
 1633 4273 3151 87 1 1.10 1.14 3152
 1633 4737 3151 87 1 1.10 1.14 3152
 1633 4593 3151 87 1 1.10 1.14 3152
 1633 4577 3151 87 1 1.10 1.14 3152
 1633 4561 3151 87 1 1.10 1.14 3152
 1633 4529 3192 71 36 1.10 1.14 3193 1
 1633 4721 3151 87 1 1.10 1.14 3152
 1649 4753 3151 87 1 1.10 1.14 3152
 1649 4737 3151 87 1 1.10 1.14 3152
 1649 4481 3151 87 1 1.10 1.14 3152
 1649 4641 3151 87 1 1.10 1.14 3152
 1649 4625 3151 87 1 1.10 1.14 3152
 1649 4609 3151 87 1 1.10 1.14 3152
 1649 4593 3151 87 1 1.10 1.14 3152
 1649 4577 3151 87 1 1.10 1.14 3152
 1649 4561 3151 87 1 1.10 1.14 3152
 1649 4545 3151 87 1 1.10 1.14 3152
 1649 4529 3151 87 1 1.10 1.14 3152
 1649 4513 3151 87 1 1.10 1.14 3152
 1649 4497 3151 87 1 1.10 1.14 3152
 1649 4657 3151 87 1 1.10 1.14 3152
 1649 4673 3151 87 1 1.10 1.14 3152
 1649 4689 3151 87 1 1.10 1.14 3152
 1649 4705 3151 87 1 1.10 1.14 3152
 1649 4721 3151 87 1 1.10 1.14 3152
 1665 4545 3151 81 1 -999998.90 -18.86 3152
