 -10 278 691 0.42 1 1 1 1 1 2 1 301 0.42 1
-1
-1
-1
-1
-1
-1
-1
-1
-1
-1
-1
-1
-1
-1
-1
-1
-1
-1
-1
-1
-1
-1
y0
VoiD
 1 4321 3151 85 35 1.10 1.14 3152
 1 4337 3151 85 35 1.10 1.14 3152
 1 4353 3151 85 35 1.10 1.14 3152
 1 4369 3151 85 35 1.10 1.14 3152
 1 4385 3151 85 35 1.10 1.14 3152
 1 4401 3151 85 35 1.10 1.14 3152
 1 4417 3151 85 35 1.10 1.14 3152
 1 4433 3151 85 35 1.10 1.14 3152
 1 4449 3151 85 35 1.10 1.14 3152
 1 4465 3151 85 35 1.10 1.14 3152
 1 4481 3151 85 35 1.10 1.14 3152
 1 4497 3151 85 35 1.10 1.14 3152
 1 4513 3151 85 35 1.10 1.14 3152
 1 4529 3151 85 5 1.10 1.14 3152
 1 4545 3151 85 5 1.10 1.14 3152
 1 4609 3151 85 5 1.10 1.14 3152
 1 4593 3151 85 5 1.10 1.14 3152
 1 4577 3151 85 5 1.10 1.14 3152
 1 4561 3151 85 5 1.10 1.14 3152
 1 4129 3151 85 20 1.10 1.14 3152
 1 4113 3151 85 20 1.10 1.14 3152
 1 3937 3151 85 20 1.10 1.14 3152
 1 3953 3151 85 20 1.10 1.14 3152
 1 3969 3151 85 20 1.10 1.14 3152
 1 3985 3151 85 20 1.10 1.14 3152
 1 4001 3151 85 20 1.10 1.14 3152
 1 4017 3151 85 20 1.10 1.14 3152
 1 4033 3151 85 20 1.10 1.14 3152
 1 4049 3151 85 20 1.10 1.14 3152
 1 4065 3151 85 20 1.10 1.14 3152
 1 4081 3151 85 20 1.10 1.14 3152
 1 4097 3151 85 20 1.10 1.14 3152
 1 3921 3151 85 20 1.10 1.14 3152
 1 4305 3151 85 35 1.10 1.14 3152
 1 4289 3151 85 35 1.10 1.14 3152
 1 4273 3151 85 35 1.10 1.14 3152
 1 4257 3151 85 35 1.10 1.14 3152
 1 4241 3151 85 35 1.10 1.14 3152
 1 4225 3151 85 35 1.10 1.14 3152
 1 4161 3693 85 29 1.10 1.14 3694
 1 4145 3151 85 20 1.10 1.14 3152
 1 4753 3151 85 5 1.10 1.14 3152
 1 4737 3151 85 5 1.10 1.14 3152
 1 4721 3151 85 5 1.10 1.14 3152
 1 4705 3151 85 5 1.10 1.14 3152
 1 4689 3151 85 5 1.10 1.14 3152
 1 4673 3151 85 5 1.10 1.14 3152
 1 4657 3151 85 5 1.10 1.14 3152
 1 4641 3151 85 5 1.10 1.14 3152
 1 4625 3151 85 5 1.10 1.14 3152
 17 4321 3151 85 36 1.10 1.14 3152
 17 4337 3151 85 36 1.10 1.14 3152
 17 4353 3151 85 36 1.10 1.14 3152
 17 4369 3151 85 36 1.10 1.14 3152
 17 4385 3151 85 36 1.10 1.14 3152
 17 4401 3151 85 36 1.10 1.14 3152
 17 4417 3151 85 43 1.10 1.14 3152
 17 4433 3151 85 35 1.10 1.14 3152
 17 4449 3151 85 35 1.10 1.14 3152
 17 4465 3151 85 35 1.10 1.14 3152
 17 4481 3151 85 35 1.10 1.14 3152
 17 4497 3151 85 35 1.10 1.14 3152
 17 4513 3151 85 35 1.10 1.14 3152
 17 4529 3151 85 5 1.10 1.14 3152
 17 4545 3151 85 5 1.10 1.14 3152
 17 4609 3151 85 10 1.10 1.14 3152
 17 4593 3151 85 5 1.10 1.14 3152
 17 4577 3151 85 5 1.10 1.14 3152
 17 4561 3151 85 5 1.10 1.14 3152
 17 4129 3151 85 20 1.10 1.14 3152
 17 4113 3151 85 20 1.10 1.14 3152
 17 3937 3151 85 20 1.10 1.14 3152
 17 3953 3151 85 20 1.10 1.14 3152
 17 3969 3151 85 20 1.10 1.14 3152
 17 3985 3151 85 20 1.10 1.14 3152
 17 4001 3151 85 20 1.10 1.14 3152
 17 4017 3151 85 21 1.10 1.14 3152
 17 4033 3151 85 21 1.10 1.14 3152
 17 4049 3151 85 21 1.10 1.14 3152
 17 4065 3151 85 21 1.10 1.14 3152
 17 4081 3151 85 21 1.10 1.14 3152
 17 4097 3151 85 21 1.10 1.14 3152
 17 3921 3151 85 20 1.10 1.14 3152
 17 4145 3151 85 20 1.10 1.14 3152
 17 4305 3151 85 40 1.10 1.14 3152
 17 4289 3151 85 35 1.10 1.14 3152
 17 4273 3151 85 35 1.10 1.14 3152
 17 4257 3151 85 35 1.10 1.14 3152
 17 4241 3151 85 35 1.10 1.14 3152
 17 4225 3151 85 35 1.10 1.14 3152
 17 4753 3151 85 5 1.10 1.14 3152
 17 4737 3151 85 5 1.10 1.14 3152
 17 4721 3151 85 13 1.10 1.14 3152
 17 4705 3151 85 6 1.10 1.14 3152
 17 4689 3151 85 6 1.10 1.14 3152
 17 4673 3151 85 6 1.10 1.14 3152
 17 4657 3151 85 6 1.10 1.14 3152
 17 4641 3151 85 6 1.10 1.14 3152
 17 4625 3151 85 6 1.10 1.14 3152
 33 4417 3151 85 32 1.10 1.14 3152
 33 4433 3151 85 35 1.10 1.14 3152
 33 4449 3151 85 35 1.10 1.14 3152
 33 4465 3151 85 35 1.10 1.14 3152
 33 4481 3151 85 35 1.10 1.14 3152
 33 4497 3151 85 35 1.10 1.14 3152
 33 4513 3151 85 35 1.10 1.14 3152
 33 4529 3151 85 5 1.10 1.14 3152
 33 4545 3151 85 5 1.10 1.14 3152
 33 4609 3151 85 9 1.10 1.14 3152
 33 4593 3151 85 10 1.10 1.14 3152
 33 4577 3151 85 5 1.10 1.14 3152
 33 4561 3151 85 5 1.10 1.14 3152
 33 4129 3151 85 20 1.10 1.14 3152
 33 4113 3151 85 17 1.10 1.14 3152
 33 3937 3151 85 20 1.10 1.14 3152
 33 3953 3151 85 20 1.10 1.14 3152
 33 3969 3151 85 20 1.10 1.14 3152
 33 3985 3151 85 20 1.10 1.14 3152
 33 4001 3151 85 24 1.10 1.14 3152
 33 3921 3151 85 20 1.10 1.14 3152
 33 4145 3151 85 20 1.10 1.14 3152
 33 4305 3151 85 39 1.10 1.14 3152
 33 4289 3151 85 40 1.10 1.14 3152
 33 4273 3151 85 35 1.10 1.14 3152
 33 4257 3151 85 35 1.10 1.14 3152
 33 4241 3151 85 35 1.10 1.14 3152
 33 4225 3151 85 35 1.10 1.14 3152
 33 4753 3151 85 5 1.10 1.14 3152
 33 4737 3151 85 5 1.10 1.14 3152
 33 4721 3151 85 2 1.10 1.14 3152
 49 4385 3192 51 1 1.10 1.14 3193 1
 49 4417 3151 85 33 1.10 1.14 3152
 49 4433 3151 85 43 1.10 1.14 3152
 49 4449 3151 85 35 1.10 1.14 3152
 49 4465 3151 85 35 1.10 1.14 3152
 49 4481 3151 85 35 1.10 1.14 3152
 49 4497 3151 85 35 1.10 1.14 3152
 49 4513 3151 85 35 1.10 1.14 3152
 49 4529 3151 85 5 1.10 1.14 3152
 49 4545 3151 85 5 1.10 1.14 3152
 49 4593 3151 85 8 1.10 1.14 3152
 49 4577 3151 85 5 1.10 1.14 3152
 49 4561 3151 85 5 1.10 1.14 3152
 49 4129 3151 85 20 1.10 1.14 3152
 49 4113 3151 85 18 1.10 1.14 3152
 49 3937 3151 85 20 1.10 1.14 3152
 49 3953 3151 85 20 1.10 1.14 3152
 49 3969 3151 85 20 1.10 1.14 3152
 49 3985 3151 85 23 1.10 1.14 3152
 49 4081 3192 51 1 1.10 1.14 3193 2
 49 3921 3151 85 20 1.10 1.14 3152
 49 4145 3151 85 20 1.10 1.14 3152
 49 4289 3151 85 38 1.10 1.14 3152
 49 4273 3151 85 35 1.10 1.14 3152
 49 4257 3151 85 35 1.10 1.14 3152
 49 4241 3151 85 35 1.10 1.14 3152
 49 4225 3151 85 35 1.10 1.14 3152
 49 4753 3151 85 5 1.10 1.14 3152
 49 4737 3151 85 13 1.10 1.14 3152
 49 4721 3151 85 3 1.10 1.14 3152
 49 4689 3192 51 1 1.10 1.14 3193 0
 65 4433 3151 85 32 1.10 1.14 3152
 65 4449 3151 85 35 1.10 1.14 3152
 65 4465 3151 85 35 1.10 1.14 3152
 65 4481 3151 85 35 1.10 1.14 3152
 65 4497 3151 85 35 1.10 1.14 3152
 65 4513 3151 85 35 1.10 1.14 3152
 65 4529 3151 85 5 1.10 1.14 3152
 65 4545 3151 85 5 1.10 1.14 3152
 65 4593 3151 85 9 1.10 1.14 3152
 65 4577 3151 85 10 1.10 1.14 3152
 65 4561 3151 85 5 1.10 1.14 3152
 65 4129 3151 85 17 1.10 1.14 3152
 65 3937 3151 85 20 1.10 1.14 3152
 65 3953 3151 85 20 1.10 1.14 3152
 65 3969 3151 85 20 1.10 1.14 3152
 65 3985 3151 85 24 1.10 1.14 3152
 65 3921 3151 85 20 1.10 1.14 3152
 65 4145 3151 85 20 1.10 1.14 3152
 65 4289 3151 85 39 1.10 1.14 3152
 65 4273 3151 85 40 1.10 1.14 3152
 65 4257 3151 85 35 1.10 1.14 3152
 65 4241 3151 85 35 1.10 1.14 3152
 65 4225 3151 85 35 1.10 1.14 3152
 65 4161 3693 85 29 1.10 1.14 3694
 65 4753 3151 85 5 1.10 1.14 3152
 65 4737 3151 85 2 1.10 1.14 3152
 81 4401 3192 90 1 1.10 1.14 3193 Prendi!#Ti aiutera'#nel tuo viaggio!
 81 4433 3151 85 32 1.10 1.14 3152
 81 4449 3151 85 35 1.10 1.14 3152
 81 4465 3151 85 35 1.10 1.14 3152
 81 4481 3151 85 35 1.10 1.14 3152
 81 4497 3151 85 35 1.10 1.14 3152
 81 4513 3151 85 35 1.10 1.14 3152
 81 4529 3151 85 5 1.10 1.14 3152
 81 4545 3151 85 5 1.10 1.14 3152
 81 4577 3151 85 8 1.10 1.14 3152
 81 4561 3151 85 5 1.10 1.14 3152
 81 4129 3151 85 17 1.10 1.14 3152
 81 3937 3151 85 20 1.10 1.14 3152
 81 3953 3151 85 20 1.10 1.14 3152
 81 3969 3151 85 23 1.10 1.14 3152
 81 4097 3192 90 1 1.10 1.14 3193 Prendi!#Ti aiutera'#nel tuo viaggio!
 81 3921 3151 85 20 1.10 1.14 3152
 81 4145 3151 85 20 1.10 1.14 3152
 81 4273 3151 85 38 1.10 1.14 3152
 81 4257 3151 85 35 1.10 1.14 3152
 81 4241 3151 85 35 1.10 1.14 3152
 81 4225 3151 85 35 1.10 1.14 3152
 81 4753 3151 85 5 1.10 1.14 3152
 81 4737 3151 85 2 1.10 1.14 3152
 81 4705 3192 90 1 1.10 1.14 3193 Prendi!#Ti aiutera'#nel tuo viaggio!
 97 4433 3151 85 32 1.10 1.14 3152
 97 4449 3151 85 35 1.10 1.14 3152
 97 4465 3151 85 35 1.10 1.14 3152
 97 4481 3151 85 35 1.10 1.14 3152
 97 4497 3151 85 35 1.10 1.14 3152
 97 4513 3151 85 35 1.10 1.14 3152
 97 4529 3151 85 5 1.10 1.14 3152
 97 4545 3151 85 5 1.10 1.14 3152
 97 4577 3151 85 8 1.10 1.14 3152
 97 4561 3151 85 5 1.10 1.14 3152
 97 4129 3151 85 17 1.10 1.14 3152
 97 3937 3151 85 20 1.10 1.14 3152
 97 3953 3151 85 20 1.10 1.14 3152
 97 3969 3151 85 23 1.10 1.14 3152
 97 3921 3151 85 20 1.10 1.14 3152
 97 4145 3151 85 20 1.10 1.14 3152
 97 4273 3151 85 38 1.10 1.14 3152
 97 4257 3151 85 35 1.10 1.14 3152
 97 4241 3151 85 35 1.10 1.14 3152
 97 4225 3151 85 35 1.10 1.14 3152
 97 4753 3151 85 5 1.10 1.14 3152
 97 4737 3151 85 2 1.10 1.14 3152
 113 4433 3151 85 32 1.10 1.14 3152
 113 4449 3151 85 35 1.10 1.14 3152
 113 4465 3151 85 35 1.10 1.14 3152
 113 4481 3151 85 35 1.10 1.14 3152
 113 4497 3151 85 35 1.10 1.14 3152
 113 4513 3151 85 35 1.10 1.14 3152
 113 4529 3151 85 5 1.10 1.14 3152
 113 4545 3151 85 5 1.10 1.14 3152
 113 4577 3151 85 8 1.10 1.14 3152
 113 4561 3151 85 5 1.10 1.14 3152
 113 4129 3151 85 17 1.10 1.14 3152
 113 3937 3151 85 20 1.10 1.14 3152
 113 3953 3151 85 20 1.10 1.14 3152
 113 3969 3151 85 23 1.10 1.14 3152
 113 3921 3151 85 20 1.10 1.14 3152
 113 4145 3151 85 20 1.10 1.14 3152
 113 4273 3151 85 38 1.10 1.14 3152
 113 4257 3151 85 35 1.10 1.14 3152
 113 4241 3151 85 35 1.10 1.14 3152
 113 4225 3151 85 35 1.10 1.14 3152
 113 4753 3151 85 5 1.10 1.14 3152
 113 4737 3151 85 2 1.10 1.14 3152
 129 4433 3151 85 32 1.10 1.14 3152
 129 4449 3151 85 35 1.10 1.14 3152
 129 4465 3151 85 35 1.10 1.14 3152
 129 4481 3151 85 35 1.10 1.14 3152
 129 4497 3151 85 35 1.10 1.14 3152
 129 4513 3151 85 35 1.10 1.14 3152
 129 4529 3151 85 5 1.10 1.14 3152
 129 4545 3151 85 5 1.10 1.14 3152
 129 4577 3151 85 8 1.10 1.14 3152
 129 4561 3151 85 5 1.10 1.14 3152
 129 4417 3151 90 6 1.10 1.14 3152
 129 4129 3151 85 17 1.10 1.14 3152
 129 4113 3151 90 4 1.10 1.14 3152
 129 3937 3151 85 20 1.10 1.14 3152
 129 3953 3151 85 20 1.10 1.14 3152
 129 3969 3151 85 23 1.10 1.14 3152
 129 3921 3151 85 20 1.10 1.14 3152
 129 4145 3151 85 20 1.10 1.14 3152
 129 4273 3151 85 38 1.10 1.14 3152
 129 4257 3151 85 35 1.10 1.14 3152
 129 4241 3151 85 35 1.10 1.14 3152
 129 4225 3151 85 35 1.10 1.14 3152
 129 4161 3693 85 29 1.10 1.14 3694
 129 4753 3151 85 5 1.10 1.14 3152
 129 4737 3151 85 2 1.10 1.14 3152
 129 4721 3151 90 6 1.10 1.14 3152
 145 4433 3151 85 32 1.10 1.14 3152
 145 4449 3151 85 35 1.10 1.14 3152
 145 4465 3151 85 35 1.10 1.14 3152
 145 4481 3151 85 35 1.10 1.14 3152
 145 4497 3151 85 35 1.10 1.14 3152
 145 4513 3151 85 35 1.10 1.14 3152
 145 4529 3151 85 5 1.10 1.14 3152
 145 4545 3151 85 5 1.10 1.14 3152
 145 4577 3151 85 8 1.10 1.14 3152
 145 4561 3151 85 5 1.10 1.14 3152
 145 4129 3151 85 17 1.10 1.14 3152
 145 3937 3151 85 20 1.10 1.14 3152
 145 3953 3151 85 20 1.10 1.14 3152
 145 3969 3151 85 23 1.10 1.14 3152
 145 3921 3151 85 20 1.10 1.14 3152
 145 4145 3151 85 20 1.10 1.14 3152
 145 4273 3151 85 38 1.10 1.14 3152
 145 4257 3151 85 35 1.10 1.14 3152
 145 4241 3151 85 35 1.10 1.14 3152
 145 4225 3151 85 35 1.10 1.14 3152
 145 4753 3151 85 5 1.10 1.14 3152
 145 4737 3151 85 2 1.10 1.14 3152
 161 4433 3151 85 32 1.10 1.14 3152
 161 4449 3151 85 35 1.10 1.14 3152
 161 4465 3151 85 35 1.10 1.14 3152
 161 4481 3151 85 35 1.10 1.14 3152
 161 4497 3151 85 35 1.10 1.14 3152
 161 4513 3151 85 35 1.10 1.14 3152
 161 4529 3151 85 5 1.10 1.14 3152
 161 4545 3151 85 5 1.10 1.14 3152
 161 4577 3151 85 8 1.10 1.14 3152
 161 4561 3151 85 5 1.10 1.14 3152
 161 4129 3151 85 17 1.10 1.14 3152
 161 3937 3151 85 20 1.10 1.14 3152
 161 3953 3151 85 20 1.10 1.14 3152
 161 3969 3151 85 23 1.10 1.14 3152
 161 3921 3151 85 20 1.10 1.14 3152
 161 4145 3151 85 20 1.10 1.14 3152
 161 4273 3151 85 38 1.10 1.14 3152
 161 4257 3151 85 35 1.10 1.14 3152
 161 4241 3151 85 35 1.10 1.14 3152
 161 4225 3151 85 35 1.10 1.14 3152
 161 4753 3151 85 5 1.10 1.14 3152
 161 4737 3151 85 2 1.10 1.14 3152
 177 4433 3151 85 32 1.10 1.14 3152
 177 4449 3151 85 35 1.10 1.14 3152
 177 4465 3151 85 35 1.10 1.14 3152
 177 4481 3151 85 35 1.10 1.14 3152
 177 4497 3151 85 35 1.10 1.14 3152
 177 4513 3151 85 35 1.10 1.14 3152
 177 4529 3151 85 5 1.10 1.14 3152
 177 4545 3151 85 5 1.10 1.14 3152
 177 4593 3151 85 7 1.10 1.14 3152
 177 4577 3151 85 11 1.10 1.14 3152
 177 4561 3151 85 5 1.10 1.14 3152
 177 4129 3151 85 17 1.10 1.14 3152
 177 3937 3151 85 20 1.10 1.14 3152
 177 3953 3151 85 20 1.10 1.14 3152
 177 3969 3151 85 20 1.10 1.14 3152
 177 3985 3151 85 22 1.10 1.14 3152
 177 3921 3151 85 20 1.10 1.14 3152
 177 4145 3151 85 20 1.10 1.14 3152
 177 4289 3151 85 37 1.10 1.14 3152
 177 4273 3151 85 41 1.10 1.14 3152
 177 4257 3151 85 35 1.10 1.14 3152
 177 4241 3151 85 35 1.10 1.14 3152
 177 4225 3151 85 35 1.10 1.14 3152
 177 4753 3151 85 5 1.10 1.14 3152
 177 4737 3151 85 2 1.10 1.14 3152
 193 4417 3151 85 31 1.10 1.14 3152
 193 4433 3151 85 42 1.10 1.14 3152
 193 4449 3151 85 35 1.10 1.14 3152
 193 4465 3151 85 35 1.10 1.14 3152
 193 4481 3151 85 35 1.10 1.14 3152
 193 4497 3151 85 35 1.10 1.14 3152
 193 4513 3151 85 35 1.10 1.14 3152
 193 4529 3151 85 5 1.10 1.14 3152
 193 4545 3151 85 5 1.10 1.14 3152
 193 4593 3151 85 8 1.10 1.14 3152
 193 4577 3151 85 5 1.10 1.14 3152
 193 4561 3151 85 5 1.10 1.14 3152
 193 4129 3151 85 20 1.10 1.14 3152
 193 4113 3151 85 16 1.10 1.14 3152
 193 3937 3151 85 20 1.10 1.14 3152
 193 3953 3151 85 20 1.10 1.14 3152
 193 3969 3151 85 20 1.10 1.14 3152
 193 3985 3151 85 23 1.10 1.14 3152
 193 3921 3151 85 20 1.10 1.14 3152
 193 4145 3151 85 20 1.10 1.14 3152
 193 4289 3151 85 38 1.10 1.14 3152
 193 4273 3151 85 35 1.10 1.14 3152
 193 4257 3151 85 35 1.10 1.14 3152
 193 4241 3151 85 35 1.10 1.14 3152
 193 4225 3151 85 35 1.10 1.14 3152
 193 4161 3693 85 29 1.10 1.14 3694
 193 4753 3151 85 5 1.10 1.14 3152
 193 4737 3151 85 12 1.10 1.14 3152
 193 4721 3151 85 1 1.10 1.14 3152
 209 4417 3151 85 32 1.10 1.14 3152
 209 4433 3151 85 35 1.10 1.14 3152
 209 4449 3151 85 35 1.10 1.14 3152
 209 4465 3151 85 35 1.10 1.14 3152
 209 4481 3151 85 35 1.10 1.14 3152
 209 4497 3151 85 35 1.10 1.14 3152
 209 4513 3151 85 35 1.10 1.14 3152
 209 4529 3151 85 5 1.10 1.14 3152
 209 4545 3151 85 5 1.10 1.14 3152
 209 4609 3151 85 7 1.10 1.14 3152
 209 4593 3151 85 11 1.10 1.14 3152
 209 4577 3151 85 5 1.10 1.14 3152
 209 4561 3151 85 5 1.10 1.14 3152
 209 4129 3151 85 20 1.10 1.14 3152
 209 4113 3151 85 17 1.10 1.14 3152
 209 3937 3151 85 20 1.10 1.14 3152
 209 3953 3151 85 20 1.10 1.14 3152
 209 3969 3151 85 20 1.10 1.14 3152
 209 3985 3151 85 20 1.10 1.14 3152
 209 4001 3151 85 22 1.10 1.14 3152
 209 3921 3151 85 20 1.10 1.14 3152
 209 4145 3151 85 20 1.10 1.14 3152
 209 4305 3151 85 37 1.10 1.14 3152
 209 4289 3151 85 41 1.10 1.14 3152
 209 4273 3151 85 35 1.10 1.14 3152
 209 4257 3151 85 35 1.10 1.14 3152
 209 4241 3151 85 35 1.10 1.14 3152
 209 4225 3151 85 35 1.10 1.14 3152
 209 4753 3151 85 5 1.10 1.14 3152
 209 4737 3151 85 5 1.10 1.14 3152
 209 4721 3151 85 2 1.10 1.14 3152
 225 4321 3151 85 34 1.10 1.14 3152
 225 4337 3151 85 34 1.10 1.14 3152
 225 4353 3151 85 34 1.10 1.14 3152
 225 4369 3151 85 34 1.10 1.14 3152
 225 4385 3151 85 34 1.10 1.14 3152
 225 4401 3151 85 34 1.10 1.14 3152
 225 4417 3151 85 42 1.10 1.14 3152
 225 4433 3151 85 35 1.10 1.14 3152
 225 4449 3151 85 35 1.10 1.14 3152
 225 4465 3151 85 35 1.10 1.14 3152
 225 4481 3151 85 35 1.10 1.14 3152
 225 4497 3151 85 35 1.10 1.14 3152
 225 4513 3151 85 35 1.10 1.14 3152
 225 4529 3151 85 5 1.10 1.14 3152
 225 4545 3151 85 5 1.10 1.14 3152
 225 4609 3151 85 11 1.10 1.14 3152
 225 4593 3151 85 5 1.10 1.14 3152
 225 4577 3151 85 5 1.10 1.14 3152
 225 4561 3151 85 5 1.10 1.14 3152
 225 4129 3151 85 20 1.10 1.14 3152
 225 4113 3151 85 20 1.10 1.14 3152
 225 3937 3151 85 20 1.10 1.14 3152
 225 3953 3151 85 20 1.10 1.14 3152
 225 3969 3151 85 20 1.10 1.14 3152
 225 3985 3151 85 20 1.10 1.14 3152
 225 4001 3151 85 20 1.10 1.14 3152
 225 4017 3151 85 19 1.10 1.14 3152
 225 4033 3151 85 19 1.10 1.14 3152
 225 4049 3151 85 19 1.10 1.14 3152
 225 4065 3151 85 19 1.10 1.14 3152
 225 4081 3151 85 19 1.10 1.14 3152
 225 4097 3151 85 19 1.10 1.14 3152
 225 3921 3151 85 20 1.10 1.14 3152
 225 4145 3151 85 20 1.10 1.14 3152
 225 4305 3151 85 41 1.10 1.14 3152
 225 4289 3151 85 35 1.10 1.14 3152
 225 4273 3151 85 35 1.10 1.14 3152
 225 4257 3151 85 35 1.10 1.14 3152
 225 4241 3151 85 35 1.10 1.14 3152
 225 4225 3151 85 35 1.10 1.14 3152
 225 4753 3151 85 5 1.10 1.14 3152
 225 4737 3151 85 5 1.10 1.14 3152
 225 4721 3151 85 12 1.10 1.14 3152
 225 4705 3151 85 4 1.10 1.14 3152
 225 4689 3151 85 4 1.10 1.14 3152
 225 4673 3151 85 4 1.10 1.14 3152
 225 4657 3151 85 4 1.10 1.14 3152
 225 4641 3151 85 4 1.10 1.14 3152
 225 4625 3151 85 4 1.10 1.14 3152
 241 4321 3151 85 35 1.10 1.14 3152
 241 4337 3151 85 35 1.10 1.14 3152
 241 4353 3151 85 35 1.10 1.14 3152
 241 4369 3151 85 35 1.10 1.14 3152
 241 4385 3151 85 35 1.10 1.14 3152
 241 4401 3151 85 35 1.10 1.14 3152
 241 4417 3151 85 35 1.10 1.14 3152
 241 4433 3151 85 35 1.10 1.14 3152
 241 4449 3151 85 35 1.10 1.14 3152
 241 4465 3151 85 35 1.10 1.14 3152
 241 4481 3151 85 35 1.10 1.14 3152
 241 4497 3151 85 35 1.10 1.14 3152
 241 4513 3151 85 35 1.10 1.14 3152
 241 4529 3151 85 5 1.10 1.14 3152
 241 4545 3151 85 5 1.10 1.14 3152
 241 4609 3151 85 5 1.10 1.14 3152
 241 4593 3151 85 5 1.10 1.14 3152
 241 4577 3151 85 5 1.10 1.14 3152
 241 4561 3151 85 5 1.10 1.14 3152
 241 4129 3151 85 20 1.10 1.14 3152
 241 4113 3151 85 20 1.10 1.14 3152
 241 3937 3151 85 20 1.10 1.14 3152
 241 3953 3151 85 20 1.10 1.14 3152
 241 3969 3151 85 20 1.10 1.14 3152
 241 3985 3151 85 20 1.10 1.14 3152
 241 4001 3151 85 20 1.10 1.14 3152
 241 4017 3151 85 20 1.10 1.14 3152
 241 4033 3151 85 20 1.10 1.14 3152
 241 4049 3151 85 20 1.10 1.14 3152
 241 4065 3151 85 20 1.10 1.14 3152
 241 4081 3151 85 20 1.10 1.14 3152
 241 4097 3151 85 20 1.10 1.14 3152
 241 3921 3151 85 20 1.10 1.14 3152
 241 4145 3151 85 20 1.10 1.14 3152
 241 4305 3151 85 35 1.10 1.14 3152
 241 4289 3151 85 35 1.10 1.14 3152
 241 4273 3151 85 35 1.10 1.14 3152
 241 4257 3151 85 35 1.10 1.14 3152
 241 4241 3151 85 35 1.10 1.14 3152
 241 4225 3151 85 35 1.10 1.14 3152
 241 4753 3151 85 5 1.10 1.14 3152
 241 4737 3151 85 5 1.10 1.14 3152
 241 4721 3151 85 5 1.10 1.14 3152
 241 4705 3151 85 5 1.10 1.14 3152
 241 4689 3151 85 5 1.10 1.14 3152
 241 4673 3151 85 5 1.10 1.14 3152
 241 4657 3151 85 5 1.10 1.14 3152
 241 4641 3151 85 5 1.10 1.14 3152
 241 4625 3151 85 5 1.10 1.14 3152
 257 4689 3151 81 1 -999998.90 -18.86 3152
