 -10 272 691 0.42 1 1 1 1 1 2 2 301 0.42 1
signs_10.png
-1
-1
-1
-1
-1
-1
-1
-1
-1
-1
-1
-1
-1
-1
-1
-1
-1
-1
-1
-1
-1
y0
VoiD
 1 4753 3151 92 5 1.10 6.14 3152
 1 4737 3151 92 5 1.10 6.14 3152
 1 4721 3151 92 5 1.10 6.14 3152
 1 4705 3151 92 5 1.10 6.14 3152
 1 4689 3151 92 5 1.10 6.14 3152
 1 4673 3151 92 5 1.10 6.14 3152
 1 4657 3151 92 5 1.10 6.14 3152
 1 4641 3151 92 5 1.10 6.14 3152
 1 4625 3151 92 5 1.10 6.14 3152
 1 4609 3151 92 5 1.10 6.14 3152
 1 4593 3151 92 5 1.10 6.14 3152
 1 4577 3151 92 5 1.10 6.14 3152
 1 4561 3151 92 5 1.10 6.14 3152
 1 4545 3151 92 2 1.10 6.14 3152
 17 4753 3151 92 5 1.10 6.14 3152
 17 4737 3151 92 5 1.10 6.14 3152
 17 4721 3151 92 5 1.10 6.14 3152
 17 4705 3151 92 5 1.10 6.14 3152
 17 4689 3151 92 5 1.10 6.14 3152
 17 4673 3151 92 5 1.10 6.14 3152
 17 4657 3151 92 5 1.10 6.14 3152
 17 4641 3151 92 5 1.10 6.14 3152
 17 4625 3151 92 5 1.10 6.14 3152
 17 4609 3151 92 5 1.10 6.14 3152
 17 4593 3151 92 5 1.10 6.14 3152
 17 4577 3151 92 5 1.10 6.14 3152
 17 4561 3151 92 5 1.10 6.14 3152
 17 4545 3151 92 2 1.10 6.14 3152
 33 4753 3151 92 5 1.10 6.14 3152
 33 4737 3151 92 5 1.10 6.14 3152
 33 4721 3151 92 5 1.10 6.14 3152
 33 4705 3151 92 5 1.10 6.14 3152
 33 4689 3151 92 5 1.10 6.14 3152
 33 4673 3151 92 5 1.10 6.14 3152
 33 4657 3151 92 5 1.10 6.14 3152
 33 4641 3151 92 5 1.10 6.14 3152
 33 4625 3151 92 5 1.10 6.14 3152
 33 4609 3151 92 5 1.10 6.14 3152
 33 4593 3151 92 5 1.10 6.14 3152
 33 4577 3151 92 5 1.10 6.14 3152
 33 4561 3151 92 5 1.10 6.14 3152
 33 4545 3151 92 2 1.10 6.14 3152
 33 4513 3192 51 1 1.10 1.14 3193 0
 33 4497 3151 60 1 1.10 1.14 3152
 49 4753 3151 92 5 1.10 6.14 3152
 49 4737 3151 92 5 1.10 6.14 3152
 49 4721 3151 92 5 1.10 6.14 3152
 49 4705 3151 92 5 1.10 6.14 3152
 49 4689 3151 92 5 1.10 6.14 3152
 49 4673 3151 92 5 1.10 6.14 3152
 49 4657 3151 92 5 1.10 6.14 3152
 49 4641 3151 92 5 1.10 6.14 3152
 49 4625 3151 92 5 1.10 6.14 3152
 49 4609 3151 92 5 1.10 6.14 3152
 49 4593 3151 92 5 1.10 6.14 3152
 49 4577 3151 92 5 1.10 6.14 3152
 49 4561 3151 92 5 1.10 6.14 3152
 49 4545 3151 92 2 1.10 6.14 3152
 49 4497 3151 59 6 1.10 1.14 3152
 65 4753 3151 92 5 1.10 6.14 3152
 65 4737 3151 92 5 1.10 6.14 3152
 65 4721 3151 92 5 1.10 6.14 3152
 65 4705 3151 92 5 1.10 6.14 3152
 65 4689 3151 92 5 1.10 6.14 3152
 65 4673 3151 92 5 1.10 6.14 3152
 65 4657 3151 92 5 1.10 6.14 3152
 65 4641 3151 92 5 1.10 6.14 3152
 65 4625 3151 92 5 1.10 6.14 3152
 65 4609 3151 92 5 1.10 6.14 3152
 65 4593 3151 92 5 1.10 6.14 3152
 65 4577 3151 92 5 1.10 6.14 3152
 65 4561 3151 92 5 1.10 6.14 3152
 65 4545 3151 92 2 1.10 6.14 3152
 81 4753 3151 92 6 1.10 6.14 3152
 81 4737 3151 92 6 1.10 6.14 3152
 81 4721 3151 92 6 1.10 6.14 3152
 81 4705 3151 92 6 1.10 6.14 3152
 81 4689 3151 92 6 1.10 6.14 3152
 81 4673 3151 92 6 1.10 6.14 3152
 81 4657 3151 92 6 1.10 6.14 3152
 81 4641 3151 92 6 1.10 6.14 3152
 81 4625 3151 92 6 1.10 6.14 3152
 81 4609 3151 92 6 1.10 6.14 3152
 81 4593 3151 92 6 1.10 6.14 3152
 81 4577 3151 92 6 1.10 6.14 3152
 81 4561 3151 92 6 1.10 6.14 3152
 81 4289 3151 95 1 1300001.10 1300001.14 3152 65 33
 81 4529 3151 95 1 1300001.10 1300001.14 3152 1 33
 81 4401 3151 95 1 1300001.10 1300001.14 3152 1 33
 81 4305 3151 84 1 6.10 6.14 3152
 81 4545 3151 92 3 1.10 6.14 3152
 81 4417 3151 84 1 6.10 6.14 3152
 97 4641 3151 96 27 -13.90 -13.86 3152
 97 4305 3151 80 3 -8.90 -8.86 3152
 97 4401 3151 80 2 -8.90 -8.86 3152
 113 4641 3151 96 27 -13.90 -13.86 3152
 113 4545 3677 62 4 1.10 1.14 3678
 129 4641 3151 96 27 -13.90 -13.86 3152
 145 4641 3151 96 27 -13.90 -13.86 3152
 161 4641 3151 96 27 -13.90 -13.86 3152
 161 4241 3151 60 1 1.10 1.14 3152
 161 4257 3151 60 1 1.10 1.14 3152
 161 4273 3151 60 1 1.10 1.14 3152
 161 4289 3151 60 1 1.10 1.14 3152
 161 4545 3151 80 2 -8.90 -8.86 3152
 177 4641 3151 96 27 -13.90 -13.86 3152
 177 4353 3151 67 1 1.10 1.14 3152
 193 4641 3151 96 27 -13.90 -13.86 3152
 193 4337 3151 67 1 1.10 1.14 3152
 209 4641 3151 96 27 -13.90 -13.86 3152
 209 4337 3151 67 1 1.10 1.14 3152
 225 4641 3151 96 27 -13.90 -13.86 3152
 225 4353 3151 67 1 1.10 1.14 3152
 241 4641 3151 96 27 -13.90 -13.86 3152
 257 4641 3151 96 27 -13.90 -13.86 3152
 273 4641 3151 96 27 -13.90 -13.86 3152
 273 4401 3151 80 2 -8.90 -8.86 3152
 289 4305 3151 80 4 -8.90 -8.86 3152
 289 4545 3151 80 1 -8.90 -8.86 3152
 289 4641 3151 96 27 -13.90 -13.86 3152
 305 4289 3151 95 1 1300001.10 1300001.14 3152 97 1
 305 4529 3151 95 1 1300001.10 1300001.14 3152 33 33
 305 4305 3151 84 1 6.10 6.14 3152
 305 4545 3151 84 1 6.10 6.14 3152
 305 4641 3151 96 27 -13.90 -13.86 3152
 321 4641 3151 96 27 -13.90 -13.86 3152
 337 4641 3151 96 27 -13.90 -13.86 3152
 353 4529 3151 57 25 1.10 -5.86 3152
 353 4641 3151 96 27 -13.90 -13.86 3152
 369 4513 3151 57 25 1.10 -5.86 3152
 369 4641 3151 96 27 -13.90 -13.86 3152
 385 4497 3151 57 25 1.10 -5.86 3152
 385 4641 3151 96 27 -13.90 -13.86 3152
 401 4385 3151 57 25 1.10 -5.86 3152
 401 4641 3151 96 27 -13.90 -13.86 3152
 417 4337 3151 57 25 1.10 -5.86 3152
 417 4353 3151 57 25 1.10 -5.86 3152
 417 4369 3151 57 25 1.10 -5.86 3152
 417 4497 3151 96 27 -13.90 -13.86 3152
 433 4497 3151 96 27 -13.90 -13.86 3152
 449 4497 3151 96 27 -13.90 -13.86 3152
 465 4497 3151 96 27 -13.90 -13.86 3152
 481 4497 3151 96 27 -13.90 -13.86 3152
 497 4497 3151 96 27 -13.90 -13.86 3152
 513 4497 3151 96 27 -13.90 -13.86 3152
 529 4497 3151 96 27 -13.90 -13.86 3152
 545 4497 3151 96 27 -13.90 -13.86 3152
 561 4385 3151 57 25 1.10 -5.86 3152
 561 4369 3151 57 25 1.10 -5.86 3152
 561 4497 3151 96 27 -13.90 -13.86 3152
 577 4353 3151 57 25 1.10 -5.86 3152
 577 4337 3151 57 25 1.10 -5.86 3152
 577 4497 3151 96 27 -13.90 -13.86 3152
 593 4497 3151 96 27 -13.90 -13.86 3152
 609 4497 3151 96 27 -13.90 -13.86 3152
 625 4497 3151 96 27 -13.90 -13.86 3152
 641 4497 3151 96 27 -13.90 -13.86 3152
 657 4497 3151 96 27 -13.90 -13.86 3152
 673 4497 3151 96 27 -13.90 -13.86 3152
 689 4497 3151 96 27 -13.90 -13.86 3152
 705 4353 3151 57 25 1.10 -5.86 3152
 705 4369 3151 57 25 1.10 -5.86 3152
 705 4385 3151 57 25 1.10 -5.86 3152
 705 4497 3151 96 27 -13.90 -13.86 3152
 721 4337 3151 57 25 1.10 -5.86 3152
 721 4497 3151 96 27 -13.90 -13.86 3152
 737 4497 3151 96 27 -13.90 -13.86 3152
 753 4497 3151 96 27 -13.90 -13.86 3152
 769 4497 3151 96 27 -13.90 -13.86 3152
 785 4497 3151 96 27 -13.90 -13.86 3152
 801 4497 3151 96 27 -13.90 -13.86 3152
 817 4497 3151 96 27 -13.90 -13.86 3152
 833 4497 3151 96 27 -13.90 -13.86 3152
 849 4497 3151 96 27 -13.90 -13.86 3152
 865 4337 3151 57 25 1.10 -5.86 3152
 865 4353 3151 57 25 1.10 -5.86 3152
 865 4369 3151 57 25 1.10 -5.86 3152
 865 4385 3151 57 25 1.10 -5.86 3152
 865 4497 3151 96 27 -13.90 -13.86 3152
 881 4497 3151 96 27 -13.90 -13.86 3152
 897 4497 3151 96 27 -13.90 -13.86 3152
 913 4497 3151 96 27 -13.90 -13.86 3152
 929 4497 3151 96 27 -13.90 -13.86 3152
 945 4497 3151 96 27 -13.90 -13.86 3152
 961 4353 3151 59 18 1.10 1.14 3152
 961 4401 3151 80 2 -8.90 -8.86 3152
 961 4497 3151 96 27 -13.90 -13.86 3152
 977 4497 3151 96 27 -13.90 -13.86 3152
 993 4497 3151 96 27 -13.90 -13.86 3152
 1009 4497 3151 96 27 -13.90 -13.86 3152
 1025 4497 3151 96 27 -13.90 -13.86 3152
 1041 4497 3151 96 27 -13.90 -13.86 3152
 1057 4497 3151 96 27 -13.90 -13.86 3152
 1073 4497 3151 96 27 -13.90 -13.86 3152
 1089 4241 3151 60 1 1.10 1.14 3152
 1089 4257 3151 60 1 1.10 1.14 3152
 1089 4273 3151 60 1 1.10 1.14 3152
 1089 4289 3151 60 1 1.10 1.14 3152
 1089 4305 3151 60 1 1.10 1.14 3152
 1089 4321 3151 60 1 1.10 1.14 3152
 1089 4337 3151 60 1 1.10 1.14 3152
 1089 4353 3151 60 1 1.10 1.14 3152
 1089 4369 3151 60 1 1.10 1.14 3152
 1089 4385 3151 60 1 1.10 1.14 3152
 1089 4401 3151 60 1 1.10 1.14 3152
 1089 4497 3151 96 27 -13.90 -13.86 3152
 1105 4401 3151 80 3 -8.90 -8.86 3152
 1105 4417 3151 80 2 -8.90 -8.86 3152
 1105 4497 3151 96 27 -13.90 -13.86 3152
 1121 4497 3151 96 27 -13.90 -13.86 3152
 1137 4497 3151 96 27 -13.90 -13.86 3152
 1153 4497 3151 96 27 -13.90 -13.86 3152
 1169 4497 3151 96 27 -13.90 -13.86 3152
 1185 4497 3151 96 27 -13.90 -13.86 3152
 1201 4497 3151 96 27 -13.90 -13.86 3152
 1217 4417 3151 80 5 -8.90 -8.86 3152
 1217 4497 3151 96 27 -13.90 -13.86 3152
 1233 4417 3151 84 1 6.10 6.14 3152
 1233 4497 3151 96 27 -13.90 -13.86 3152
 1249 4417 3151 84 1 6.10 6.14 3152
 1249 4369 3151 59 18 1.10 1.14 3152
 1249 4385 3192 51 1 1.10 1.14 3193 1
 1249 4497 3151 96 27 -13.90 -13.86 3152
 1265 4417 3151 84 1 6.10 6.14 3152
 1265 4369 3151 59 6 1.10 1.14 3152
 1265 4385 3192 52 1 1.10 1.14 3193
 1265 4497 3151 96 27 -13.90 -13.86 3152
 1281 4417 3151 84 1 6.10 6.14 3152
 1281 4497 3151 96 27 -13.90 -13.86 3152
 1297 4401 3151 95 1 1300001.10 1300001.14 3152 33 33
 1297 4417 3151 84 1 6.10 6.14 3152
 1297 4497 3151 96 27 -13.90 -13.86 3152
 1313 4497 3151 96 27 -13.90 -13.86 3152
 1329 4417 3677 62 4 1.10 1.14 3678
 1329 4497 3151 96 27 -13.90 -13.86 3152
 1345 4497 3151 96 27 -13.90 -13.86 3152
 1361 4497 3151 96 27 -13.90 -13.86 3152
 1377 4497 3151 96 27 -13.90 -13.86 3152
 1393 4497 3151 96 27 -13.90 -13.86 3152
 1409 4289 3151 95 1 1300001.10 1300001.14 3152 1 33
 1409 4305 3151 84 1 6.10 6.14 3152
 1409 4497 3151 96 27 -13.90 -13.86 3152
 1425 4305 3151 80 2 -8.90 -8.86 3152
 1425 4353 3151 80 1 -8.90 -8.86 3152
 1425 4497 3151 96 27 -13.90 -13.86 3152
 1441 4497 3151 96 27 -13.90 -13.86 3152
 1457 4385 3151 80 2 -8.90 -8.86 3152
 1457 4417 3151 80 1 -8.90 -8.86 3152
 1457 4497 3151 96 27 -13.90 -13.86 3152
 1473 4497 3151 96 27 -13.90 -13.86 3152
 1489 4177 3151 60 1 1.10 1.14 3152
 1489 4193 3151 60 1 1.10 1.14 3152
 1489 4209 3151 60 1 1.10 1.14 3152
 1489 4225 3151 60 1 1.10 1.14 3152
 1489 4241 3151 60 1 1.10 1.14 3152
 1489 4257 3151 60 1 1.10 1.14 3152
 1489 4273 3151 60 1 1.10 1.14 3152
 1489 4289 3151 60 1 1.10 1.14 3152
 1489 4353 3151 80 4 -8.90 -8.86 3152
 1489 4385 3151 80 1 -8.90 -8.86 3152
 1489 4497 3151 96 27 -13.90 -13.86 3152
 1505 4561 3151 96 27 -13.90 -13.86 3152
 1521 4561 3151 96 27 -13.90 -13.86 3152
 1537 4561 3151 96 27 -13.90 -13.86 3152
 1553 4433 3151 95 1 1300001.10 1300001.14 3152 1 33
 1553 4449 3151 84 1 6.10 6.14 3152
 1553 4561 3151 96 27 -13.90 -13.86 3152
 1569 4305 3151 80 3 -8.90 -8.86 3152
 1569 4449 3151 80 2 -8.90 -8.86 3152
 1569 4561 3151 96 27 -13.90 -13.86 3152
 1585 4289 3151 95 1 1300001.10 1300001.14 3152 65 33
 1585 4305 3151 84 1 6.10 6.14 3152
 1585 4417 3151 80 2 -8.90 -8.86 3152
 1585 4449 3151 80 1 -8.90 -8.86 3152
 1585 4561 3151 96 27 -13.90 -13.86 3152
 1601 4561 3151 96 27 -13.90 -13.86 3152
 1617 4561 3151 96 27 -13.90 -13.86 3152
 1633 4561 3151 96 27 -13.90 -13.86 3152
 1649 4561 3151 96 27 -13.90 -13.86 3152
 1665 4369 3151 62 8 1.10 1.14 3152
 1665 4465 3151 62 8 1.10 1.14 3152
 1665 4561 3151 96 27 -13.90 -13.86 3152
 1681 4561 3151 96 27 -13.90 -13.86 3152
 1697 4561 3151 96 27 -13.90 -13.86 3152
 1713 4561 3151 96 27 -13.90 -13.86 3152
 1729 4369 3151 62 8 1.10 1.14 3152
 1729 4465 3151 62 8 1.10 1.14 3152
 1729 4561 3151 96 27 -13.90 -13.86 3152
 1745 4561 3151 96 27 -13.90 -13.86 3152
 1761 4561 3151 96 27 -13.90 -13.86 3152
 1777 4561 3151 96 27 -13.90 -13.86 3152
 1793 4369 3151 62 8 1.10 1.14 3152
 1793 4465 3151 62 8 1.10 1.14 3152
 1793 4561 3151 96 27 -13.90 -13.86 3152
 1809 4561 3151 96 27 -13.90 -13.86 3152
 1825 4561 3151 96 27 -13.90 -13.86 3152
 1841 4561 3151 96 27 -13.90 -13.86 3152
 1857 4353 3151 95 1 1300001.10 1300001.14 3152 1 33
 1857 4369 3151 62 8 1.10 1.14 3152
 1857 4465 3151 62 8 1.10 1.14 3152
 1857 4561 3151 96 27 -13.90 -13.86 3152
 1873 4561 3151 96 27 -13.90 -13.86 3152
 1889 4561 3151 96 27 -13.90 -13.86 3152
 1905 4561 3151 96 27 -13.90 -13.86 3152
 1921 4449 3151 95 1 1300001.10 1300001.14 3152 33 33
 1921 4465 3151 84 1 6.10 6.14 3152
 1921 4417 3151 80 1 -8.90 -8.86 3152
 1921 4369 3151 80 2 -8.90 -8.86 3152
 1921 4561 3151 96 27 -13.90 -13.86 3152
 1937 4561 3151 96 27 -13.90 -13.86 3152
 1953 4561 3151 96 27 -13.90 -13.86 3152
 1969 4545 3151 96 27 -13.90 -13.86 3152
 1985 4529 3151 96 27 -13.90 -13.86 3152
 2001 4513 3151 96 27 -13.90 -13.86 3152
 2033 4513 3151 96 27 -13.90 -13.86 3152
 2049 4529 3151 96 27 -13.90 -13.86 3152
 2065 4609 3151 96 27 -13.90 -13.86 3152
 2065 4593 3151 96 27 -13.90 -13.86 3152
 2065 4577 3151 96 27 -13.90 -13.86 3152
 2065 4561 3151 96 27 -13.90 -13.86 3152
 2081 4625 3151 96 27 -13.90 -13.86 3152
 2097 4577 3151 61 1 1.10 1.14 3152
 2097 4625 3151 96 27 -13.90 -13.86 3152
 2113 4593 3151 80 2 -8.90 -8.86 3152
 2113 4369 3151 80 3 -8.90 -8.86 3152
 2113 4625 3151 96 27 -13.90 -13.86 3152
 2129 4529 3151 95 1 1300001.10 1300001.14 3152 1 33
 2129 4369 3151 95 1 1300001.10 1300001.14 3152 65 33
 2129 4433 3151 62 7 1.10 1.14 3152
 2129 4545 3151 62 7 1.10 1.14 3152
 2129 4481 3151 62 7 1.10 1.14 3152
 2129 4385 3151 62 7 1.10 1.14 3152
 2129 4625 3151 96 27 -13.90 -13.86 3152
 2145 4401 3151 58 1 1.10 -4.86 3152
 2145 4417 3151 58 1 1.10 -4.86 3152
 2145 4529 3151 58 1 1.10 -4.86 3152
 2145 4513 3151 58 1 1.10 -4.86 3152
 2145 4449 3151 58 1 1.10 -4.86 3152
 2145 4465 3151 58 1 1.10 -4.86 3152
 2145 4497 3151 58 1 1.10 -4.86 3152
 2145 4273 3151 58 1 1.10 -4.86 3152
 2145 4289 3151 58 1 1.10 -4.86 3152
 2145 4305 3151 58 1 1.10 -4.86 3152
 2145 4321 3151 58 1 1.10 -4.86 3152
 2145 4337 3151 58 1 1.10 -4.86 3152
 2145 4353 3151 58 1 1.10 -4.86 3152
 2145 4369 3151 58 1 1.10 -4.86 3152
 2145 4625 3151 96 27 -13.90 -13.86 3152
 2161 4625 3151 96 27 -13.90 -13.86 3152
 2177 4625 3151 96 27 -13.90 -13.86 3152
 2193 4625 3151 96 27 -13.90 -13.86 3152
 2209 4625 3151 96 27 -13.90 -13.86 3152
 2225 4625 3151 96 27 -13.90 -13.86 3152
 2241 4625 3151 96 27 -13.90 -13.86 3152
 2257 4625 3151 96 27 -13.90 -13.86 3152
 2273 4625 3151 96 27 -13.90 -13.86 3152
 2289 4625 3151 96 27 -13.90 -13.86 3152
 2305 4593 3151 80 5 -8.90 -8.86 3152
 2305 4625 3151 96 27 -13.90 -13.86 3152
 2321 4593 3151 84 1 6.10 6.14 3152
 2337 4593 3151 84 1 6.10 6.14 3152
 2337 4561 3192 52 1 1.10 1.14 3193
 2337 4529 3151 67 1 1.10 1.14 3152
 2353 4593 3151 84 1 6.10 6.14 3152
 2353 4529 3151 59 6 1.10 1.14 3152
 2353 4481 3151 67 1 1.10 1.14 3152
 2369 4593 3151 84 1 6.10 6.14 3152
 2369 4529 3151 59 1 1.10 1.14 3152
 2369 4481 3151 67 1 1.10 1.14 3152
 2385 4593 3151 84 1 6.10 6.14 3152
 2385 4529 3151 67 1 1.10 1.14 3152
 2401 4593 3151 84 1 6.10 6.14 3152
 2449 4577 3194 62 2 1.10 1.14 3195
 2561 4545 3194 62 2 1.10 1.14 3195
 2673 4641 3194 62 2 1.10 1.14 3195
 2737 4593 3194 62 2 1.10 1.14 3195
 2785 4545 3194 62 2 1.10 1.14 3195
 2897 4497 3194 62 2 1.10 1.14 3195
 2945 4497 3194 62 2 1.10 1.14 3195
 2993 4497 3194 62 2 1.10 1.14 3195
 3025 4145 3151 61 20 1.10 1.14 3152
 3041 4081 3192 67 26 1.10 1.14 3193
 3041 4145 3151 61 20 1.10 1.14 3152
 3041 4497 3194 62 2 1.10 1.14 3195
 3057 4145 3151 61 20 1.10 1.14 3152
 3073 4145 3151 61 20 1.10 1.14 3152
 3073 4097 3151 59 15 1.10 1.14 3152
 3089 4145 3151 61 20 1.10 1.14 3152
 3089 4497 3194 62 2 1.10 1.14 3195
 3105 4145 3151 61 20 1.10 1.14 3152
 3121 4481 3151 95 1 1300001.10 1300001.14 3152 33 33
 3121 4081 3151 61 7 1.10 1.14 3152 BONUS
 3121 4433 3151 59 20 1.10 1.14 3152
 3121 4369 3151 59 20 1.10 1.14 3152
 3121 4369 3151 65 1 0.10 0.14 3152
 3137 4145 3151 61 20 1.10 1.14 3152
 3137 4561 3151 58 1 1.10 -4.86 3152
 3137 4545 3151 58 1 1.10 -4.86 3152
 3137 4529 3151 58 1 1.10 -4.86 3152
 3137 4513 3151 58 1 1.10 -4.86 3152
 3137 4497 3151 58 1 1.10 -4.86 3152
 3137 4481 3151 58 1 1.10 -4.86 3152
 3137 4465 3151 58 1 1.10 -4.86 3152
 3137 4449 3151 58 1 1.10 -4.86 3152
 3137 4433 3151 58 1 1.10 -4.86 3152
 3137 4417 3151 58 1 1.10 -4.86 3152
 3137 4401 3151 58 1 1.10 -4.86 3152
 3137 4385 3151 58 1 1.10 -4.86 3152
 3137 4369 3151 58 1 1.10 -4.86 3152
 3137 4353 3151 58 1 1.10 -4.86 3152
 3137 4337 3151 58 1 1.10 -4.86 3152
 3153 4145 3151 61 20 1.10 1.14 3152
 3169 4145 3151 61 20 1.10 1.14 3152
 3201 4657 3194 62 2 1.10 1.14 3195
 3233 4561 3194 62 2 1.10 1.14 3195
 3249 4657 3194 62 2 1.10 1.14 3195
 3329 4609 3194 62 2 1.10 1.14 3195
 3329 4529 3194 62 2 1.10 1.14 3195
 3441 4529 3194 62 2 1.10 1.14 3195
 3521 4497 3194 62 2 1.10 1.14 3195
 3585 4449 3194 62 2 1.10 1.14 3195
 3633 4529 3194 62 2 1.10 1.14 3195
 3665 4401 3194 62 2 1.10 1.14 3195
 3713 4561 3194 62 2 1.10 1.14 3195
 3745 4369 3194 62 2 1.10 1.14 3195
 3825 4625 3194 62 2 1.10 1.14 3195
 3841 4321 3194 62 2 1.10 1.14 3195
 3921 4625 3194 62 2 1.10 1.14 3195
 3921 4289 3194 62 2 1.10 1.14 3195
 4001 4289 3151 58 1 1.10 -4.86 3152
 4017 4625 3194 62 2 1.10 1.14 3195
 4017 4289 3151 58 1 1.10 -4.86 3152
 4033 4289 3151 58 1 1.10 -4.86 3152
 4049 4225 3151 59 6 1.10 1.14 3152
 4049 4289 3151 58 1 1.10 -4.86 3152
 4065 4225 3151 59 3 1.10 1.14 3152
 4065 4289 3151 58 1 1.10 -4.86 3152
 4081 4225 3151 59 3 1.10 1.14 3152
 4081 4289 3151 58 1 1.10 -4.86 3152
 4097 4225 3151 59 2 1.10 1.14 3152
 4097 4289 3151 58 1 1.10 -4.86 3152
 4113 4289 3151 58 1 1.10 -4.86 3152
 4129 4593 3151 84 25 6.10 6.14 3152
 4129 4289 3151 58 1 1.10 -4.86 3152
 4145 4593 3151 84 23 6.10 6.14 3152
 4145 4225 3151 59 21 1.10 1.14 3152
 4145 4289 3151 58 1 1.10 -4.86 3152
 4161 4593 3151 84 23 6.10 6.14 3152
 4161 4225 3151 59 21 1.10 1.14 3152
 4161 4289 3151 61 1 1.10 1.14 3152
 4177 4433 3645 68 1 1.10 11.14 3646
 4177 4593 3151 84 23 6.10 6.14 3152
 4193 4593 3151 84 26 6.10 6.14 3152
 4193 4049 3151 96 1 -13.90 -13.86 3152
 4193 4065 3151 96 1 -13.90 -13.86 3152
 4193 4081 3151 96 1 -13.90 -13.86 3152
 4193 4097 3151 96 1 -13.90 -13.86 3152
 4193 4113 3151 96 1 -13.90 -13.86 3152
 4193 4129 3151 96 1 -13.90 -13.86 3152
 4193 4145 3151 96 1 -13.90 -13.86 3152
 4193 4161 3151 96 1 -13.90 -13.86 3152
 4193 4177 3151 96 1 -13.90 -13.86 3152
 4193 4193 3151 96 1 -13.90 -13.86 3152
 4193 4209 3151 96 1 -13.90 -13.86 3152
 4193 4225 3151 96 1 -13.90 -13.86 3152
 4193 4241 3151 96 1 -13.90 -13.86 3152
 4193 4257 3151 96 1 -13.90 -13.86 3152
 4193 4273 3151 96 1 -13.90 -13.86 3152
 4193 4289 3151 96 1 -13.90 -13.86 3152
 4193 4305 3151 96 1 -13.90 -13.86 3152
 4193 4321 3151 96 1 -13.90 -13.86 3152
 4193 4337 3151 96 1 -13.90 -13.86 3152
 4193 4353 3151 96 1 -13.90 -13.86 3152
 4193 4369 3151 96 1 -13.90 -13.86 3152
 4193 4385 3151 96 1 -13.90 -13.86 3152
 4193 4401 3151 96 1 -13.90 -13.86 3152
 4193 4417 3151 96 1 -13.90 -13.86 3152
 4193 4433 3151 96 1 -13.90 -13.86 3152
 4209 4753 3151 92 4 1.10 6.14 3152
 4209 4737 3151 92 4 1.10 6.14 3152
 4209 4721 3151 92 4 1.10 6.14 3152
 4209 4705 3151 92 4 1.10 6.14 3152
 4209 4689 3151 92 4 1.10 6.14 3152
 4209 4673 3151 92 4 1.10 6.14 3152
 4209 4657 3151 92 4 1.10 6.14 3152
 4209 4641 3151 92 4 1.10 6.14 3152
 4209 4625 3151 92 4 1.10 6.14 3152
 4209 4609 3151 92 4 1.10 6.14 3152
 4209 4593 3151 92 1 1.10 6.14 3152
 4225 4497 3195 68 2 1.10 11.14 3196
 4225 4753 3151 92 5 1.10 6.14 3152
 4225 4737 3151 92 5 1.10 6.14 3152
 4225 4721 3151 92 5 1.10 6.14 3152
 4225 4705 3151 92 5 1.10 6.14 3152
 4225 4689 3151 92 5 1.10 6.14 3152
 4225 4673 3151 92 5 1.10 6.14 3152
 4225 4657 3151 92 5 1.10 6.14 3152
 4225 4641 3151 92 5 1.10 6.14 3152
 4225 4625 3151 92 5 1.10 6.14 3152
 4225 4609 3151 92 5 1.10 6.14 3152
 4225 4593 3151 92 2 1.10 6.14 3152
 4241 4753 3151 92 5 1.10 6.14 3152
 4241 4737 3151 92 5 1.10 6.14 3152
 4241 4721 3151 92 5 1.10 6.14 3152
 4241 4705 3151 92 5 1.10 6.14 3152
 4241 4689 3151 92 5 1.10 6.14 3152
 4241 4673 3151 92 5 1.10 6.14 3152
 4241 4657 3151 92 5 1.10 6.14 3152
 4241 4641 3151 92 5 1.10 6.14 3152
 4241 4625 3151 92 5 1.10 6.14 3152
 4241 4609 3151 92 5 1.10 6.14 3152
 4241 4593 3151 92 2 1.10 6.14 3152
 4257 4753 3151 92 5 1.10 6.14 3152
 4257 4737 3151 92 5 1.10 6.14 3152
 4257 4721 3151 92 5 1.10 6.14 3152
 4257 4705 3151 92 5 1.10 6.14 3152
 4257 4689 3151 92 5 1.10 6.14 3152
 4257 4673 3151 92 5 1.10 6.14 3152
 4257 4657 3151 92 5 1.10 6.14 3152
 4257 4641 3151 92 5 1.10 6.14 3152
 4257 4625 3151 92 5 1.10 6.14 3152
 4257 4609 3151 92 5 1.10 6.14 3152
 4257 4593 3151 92 2 1.10 6.14 3152
 4273 4753 3151 92 5 1.10 6.14 3152
 4273 4737 3151 92 5 1.10 6.14 3152
 4273 4721 3151 92 5 1.10 6.14 3152
 4273 4705 3151 92 5 1.10 6.14 3152
 4273 4689 3151 92 5 1.10 6.14 3152
 4273 4673 3151 92 5 1.10 6.14 3152
 4273 4657 3151 92 5 1.10 6.14 3152
 4273 4641 3151 92 5 1.10 6.14 3152
 4273 4625 3151 92 5 1.10 6.14 3152
 4273 4609 3151 92 5 1.10 6.14 3152
 4273 4593 3151 92 2 1.10 6.14 3152
 4289 4753 3151 92 5 1.10 6.14 3152
 4289 4737 3151 92 5 1.10 6.14 3152
 4289 4721 3151 92 5 1.10 6.14 3152
 4289 4705 3151 92 5 1.10 6.14 3152
 4289 4689 3151 92 5 1.10 6.14 3152
 4289 4673 3151 92 5 1.10 6.14 3152
 4289 4657 3151 92 5 1.10 6.14 3152
 4289 4641 3151 92 5 1.10 6.14 3152
 4289 4625 3151 92 5 1.10 6.14 3152
 4289 4609 3151 92 5 1.10 6.14 3152
 4289 4593 3151 92 2 1.10 6.14 3152
 4305 4753 3151 92 5 1.10 6.14 3152
 4305 4737 3151 92 5 1.10 6.14 3152
 4305 4721 3151 92 5 1.10 6.14 3152
 4305 4705 3151 92 5 1.10 6.14 3152
 4305 4689 3151 92 5 1.10 6.14 3152
 4305 4673 3151 92 5 1.10 6.14 3152
 4305 4657 3151 92 5 1.10 6.14 3152
 4305 4641 3151 92 5 1.10 6.14 3152
 4305 4625 3151 92 5 1.10 6.14 3152
 4305 4609 3151 92 5 1.10 6.14 3152
 4305 4593 3151 92 2 1.10 6.14 3152
 4321 4753 3151 92 5 1.10 6.14 3152
 4321 4737 3151 92 5 1.10 6.14 3152
 4321 4721 3151 92 5 1.10 6.14 3152
 4321 4705 3151 92 5 1.10 6.14 3152
 4321 4689 3151 92 5 1.10 6.14 3152
 4321 4673 3151 92 5 1.10 6.14 3152
 4321 4657 3151 92 5 1.10 6.14 3152
 4321 4641 3151 92 5 1.10 6.14 3152
 4321 4625 3151 92 5 1.10 6.14 3152
 4321 4609 3151 92 5 1.10 6.14 3152
 4321 4593 3151 92 2 1.10 6.14 3152
 4337 4753 3151 92 5 1.10 6.14 3152
 4337 4737 3151 92 5 1.10 6.14 3152
 4337 4721 3151 92 5 1.10 6.14 3152
 4337 4705 3151 92 5 1.10 6.14 3152
 4337 4689 3151 92 5 1.10 6.14 3152
 4337 4673 3151 92 5 1.10 6.14 3152
 4337 4657 3151 92 5 1.10 6.14 3152
 4337 4641 3151 92 5 1.10 6.14 3152
 4337 4625 3151 92 5 1.10 6.14 3152
 4337 4609 3151 92 5 1.10 6.14 3152
 4337 4593 3151 92 2 1.10 6.14 3152
 4353 4513 3151 81 1 -999998.90 -18.86 3152
