 -10 1312 3434 0.42 1 1 1 1 1 2 2 61 1312.42 2
smw_ov10.png
cloud_10.png
-1
-1
-1
-1
-1
-1
-1
-1
-1
-1
-1
-1
-1
-1
-1
-1
-1
-1
athlet10.png
-1
y0
VoiD
 1 4753 3151 77 5 1.10 1.14 3152
 1 4737 3151 77 5 1.10 1.14 3152
 1 4721 3151 77 5 1.10 1.14 3152
 1 4705 3151 77 5 1.10 1.14 3152
 1 4689 3151 77 33 1.10 1.14 3152
 1 4673 3151 96 1 -13.90 -13.86 3152
 1 4657 3151 96 1 -13.90 -13.86 3152
 1 4641 3151 96 1 -13.90 -13.86 3152
 1 4625 3151 96 1 -13.90 -13.86 3152
 1 4609 3151 96 1 -13.90 -13.86 3152
 1 4593 3151 96 1 -13.90 -13.86 3152
 1 4577 3151 96 1 -13.90 -13.86 3152
 1 4561 3151 96 1 -13.90 -13.86 3152
 1 4225 3151 96 1 -13.90 -13.86 3152
 1 4337 3151 95 2 1300001.10 1300001.14 3152 17 49
 1 4337 3151 96 2 -13.90 -13.86 3152
 1 4417 3151 95 2 1300001.10 1300001.14 3152 17 1
 1 4417 3151 96 1 -13.90 -13.86 3152
 1 4433 3151 95 2 1300001.10 1300001.14 3152 17 17
 1 4433 3151 96 1 -13.90 -13.86 3152
 1 4449 3151 95 2 1300001.10 1300001.14 3152 17 33
 1 4449 3151 96 1 -13.90 -13.86 3152
 1 4465 3151 96 1 -13.90 -13.86 3152
 1 4481 3151 96 1 -13.90 -13.86 3152
 1 4497 3151 96 1 -13.90 -13.86 3152
 1 4513 3151 96 1 -13.90 -13.86 3152
 1 4529 3151 96 1 -13.90 -13.86 3152
 1 4545 3151 96 1 -13.90 -13.86 3152
 17 4753 3151 77 5 1.10 1.14 3152
 17 4737 3151 77 5 1.10 1.14 3152
 17 4721 3151 77 5 1.10 1.14 3152
 17 4705 3151 77 5 1.10 1.14 3152
 17 4689 3151 77 33 1.10 1.14 3152
 17 4625 3151 59 1 1.10 1.14 3152
 17 4625 3151 67 3 0.10 0.14 3152
 17 4657 3192 53 13 1.10 -5.86 3193
 17 4225 3151 96 1 -13.90 -13.86 3152
 17 4305 3192 51 1 1.10 1.14 3193 1
 17 4337 3151 95 2 1300001.10 1300001.14 3152 33 49
 17 4337 3151 96 13 -13.90 -13.86 3152
 17 4369 3151 59 4 1.10 1.14 3152
 17 4417 3151 95 2 1300001.10 1300001.14 3152 17 1
 17 4417 3151 96 1 -13.90 -13.86 3152
 17 4433 3151 95 2 1300001.10 1300001.14 3152 17 17
 17 4449 3151 95 2 1300001.10 1300001.14 3152 17 33
 33 4753 3151 77 5 1.10 1.14 3152
 33 4737 3151 77 5 1.10 1.14 3152
 33 4721 3151 77 5 1.10 1.14 3152
 33 4705 3151 77 37 1.10 1.14 3152
 33 4689 3151 77 34 1.10 1.14 3152
 33 4225 3151 96 1 -13.90 -13.86 3152
 33 4417 3151 95 2 1300001.10 1300001.14 3152 17 1
 33 4417 3151 96 1 -13.90 -13.86 3152
 33 4433 3151 95 2 1300001.10 1300001.14 3152 17 17
 33 4449 3151 95 2 1300001.10 1300001.14 3152 17 33
 49 4753 3151 77 5 1.10 1.14 3152
 49 4737 3151 77 5 1.10 1.14 3152
 49 4721 3151 77 33 1.10 1.14 3152
 49 4705 3151 63 1 1.10 1.14 3152
 49 4225 3151 96 1 -13.90 -13.86 3152
 49 4417 3151 95 2 1300001.10 1300001.14 3152 33 1
 49 4417 3151 96 13 -13.90 -13.86 3152
 49 4433 3151 95 2 1300001.10 1300001.14 3152 33 17
 49 4433 3151 96 1 -13.90 -13.86 3152
 49 4449 3151 95 2 1300001.10 1300001.14 3152 33 33
 49 4449 3151 96 1 -13.90 -13.86 3152
 65 4753 3151 77 5 1.10 1.14 3152
 65 4737 3151 77 5 1.10 1.14 3152
 65 4721 3151 77 33 1.10 1.14 3152
 65 4705 3151 63 1 1.10 1.14 3152
 65 4225 3151 96 1 -13.90 -13.86 3152
 65 4433 3151 96 27 -13.90 -13.86 3152
 65 4449 3151 96 1 -13.90 -13.86 3152
 81 4753 3151 77 5 1.10 1.14 3152
 81 4737 3151 77 5 1.10 1.14 3152
 81 4721 3151 77 5 1.10 1.14 3152
 81 4705 3151 77 35 1.10 1.14 3152
 81 4689 3151 77 32 1.10 1.14 3152
 81 4225 3151 96 1 -13.90 -13.86 3152
 81 4417 3151 95 2 1300001.10 1300001.14 3152 1 1
 81 4417 3151 96 12 -13.90 -13.86 3152
 81 4433 3151 95 2 1300001.10 1300001.14 3152 1 17
 81 4433 3151 96 1 -13.90 -13.86 3152
 81 4449 3151 95 2 1300001.10 1300001.14 3152 1 33
 81 4449 3151 96 1 -13.90 -13.86 3152
 97 4705 3151 75 4 6.10 6.14 3152
 97 4689 3151 75 4 6.10 6.14 3152
 97 4673 3151 75 4 6.10 6.14 3152
 97 4657 3151 75 4 6.10 6.14 3152
 97 4641 3151 75 4 6.10 6.14 3152
 97 4625 3151 75 1 6.10 6.14 3152
 97 4753 3151 77 5 1.10 1.14 3152
 97 4737 3151 77 5 1.10 1.14 3152
 97 4721 3151 77 5 1.10 1.14 3152
 97 4705 3151 77 37 1.10 1.14 3152
 97 4689 3151 77 34 1.10 1.14 3152
 97 4225 3151 96 1 -13.90 -13.86 3152
 97 4417 3151 95 2 1300001.10 1300001.14 3152 17 1
 97 4417 3151 96 1 -13.90 -13.86 3152
 97 4433 3151 95 2 1300001.10 1300001.14 3152 17 17
 97 4449 3151 95 2 1300001.10 1300001.14 3152 17 33
 113 4705 3151 75 5 6.10 6.14 3152
 113 4689 3151 75 5 6.10 6.14 3152
 113 4673 3151 75 5 6.10 6.14 3152
 113 4657 3151 75 5 6.10 6.14 3152
 113 4641 3151 75 5 6.10 6.14 3152
 113 4625 3151 75 2 6.10 6.14 3152
 113 4753 3151 77 5 1.10 1.14 3152
 113 4737 3151 77 5 1.10 1.14 3152
 113 4721 3151 77 33 1.10 1.14 3152
 113 4705 3151 63 1 1.10 1.14 3152
 113 4609 3151 90 6 1.10 1.14 3152
 113 4225 3151 96 1 -13.90 -13.86 3152
 113 4385 3192 53 13 1.10 -5.86 3193
 113 4417 3151 95 2 1300001.10 1300001.14 3152 17 1
 113 4417 3151 96 1 -13.90 -13.86 3152
 113 4433 3151 95 2 1300001.10 1300001.14 3152 17 17
 113 4449 3151 95 2 1300001.10 1300001.14 3152 17 33
 129 4705 3151 75 5 6.10 6.14 3152
 129 4689 3151 75 5 6.10 6.14 3152
 129 4673 3151 75 5 6.10 6.14 3152
 129 4657 3151 75 5 6.10 6.14 3152
 129 4641 3151 75 5 6.10 6.14 3152
 129 4625 3151 75 2 6.10 6.14 3152
 129 4753 3151 77 5 1.10 1.14 3152
 129 4737 3151 77 5 1.10 1.14 3152
 129 4721 3151 77 33 1.10 1.14 3152
 129 4705 3151 63 1 1.10 1.14 3152
 129 4593 3192 51 1 1.10 1.14 3193 0
 129 4225 3151 96 1 -13.90 -13.86 3152
 129 4385 3151 95 2 1300001.10 1300001.14 3152 177 49
 129 4401 3151 95 2 1300001.10 1300001.14 3152 193 1
 129 4401 3151 90 6 1.10 1.14 3152
 129 4401 3151 96 5 -13.90 -13.86 3152
 129 4417 3151 95 2 1300001.10 1300001.14 3152 129 33
 129 4417 3151 96 1 -13.90 -13.86 3152
 129 4433 3151 95 2 1300001.10 1300001.14 3152 17 17
 129 4449 3151 95 2 1300001.10 1300001.14 3152 17 33
 145 4705 3151 75 6 6.10 6.14 3152
 145 4689 3151 75 6 6.10 6.14 3152
 145 4673 3151 75 6 6.10 6.14 3152
 145 4657 3151 75 6 6.10 6.14 3152
 145 4641 3151 75 6 6.10 6.14 3152
 145 4625 3151 75 3 6.10 6.14 3152
 145 4753 3151 77 5 1.10 1.14 3152
 145 4737 3151 77 5 1.10 1.14 3152
 145 4721 3151 77 5 1.10 1.14 3152
 145 4705 3151 77 35 1.10 1.14 3152
 145 4689 3151 77 32 1.10 1.14 3152
 145 4225 3151 96 1 -13.90 -13.86 3152
 145 4401 3151 95 2 1300001.10 1300001.14 3152 145 1
 145 4401 3151 96 8 -13.90 -13.86 3152
 145 4417 3151 95 2 1300001.10 1300001.14 3152 113 33
 145 4417 3151 96 1 -13.90 -13.86 3152
 145 4433 3151 95 2 1300001.10 1300001.14 3152 17 17
 145 4449 3151 95 2 1300001.10 1300001.14 3152 17 33
 161 4753 3151 77 5 1.10 1.14 3152
 161 4737 3151 77 5 1.10 1.14 3152
 161 4721 3151 77 5 1.10 1.14 3152
 161 4705 3151 77 37 1.10 1.14 3152
 161 4689 3151 77 34 1.10 1.14 3152
 161 4225 3151 96 1 -13.90 -13.86 3152
 161 4385 3192 53 13 1.10 -5.86 3193
 161 4417 3151 95 2 1300001.10 1300001.14 3152 33 1
 161 4417 3151 96 13 -13.90 -13.86 3152
 161 4433 3151 95 2 1300001.10 1300001.14 3152 33 17
 161 4433 3151 96 1 -13.90 -13.86 3152
 161 4449 3151 95 2 1300001.10 1300001.14 3152 33 33
 161 4449 3151 96 1 -13.90 -13.86 3152
 177 4753 3151 77 5 1.10 1.14 3152
 177 4737 3151 77 5 1.10 1.14 3152
 177 4721 3151 77 33 1.10 1.14 3152
 177 4705 3151 63 1 1.10 1.14 3152
 177 4225 3151 96 1 -13.90 -13.86 3152
 177 4433 3151 96 27 -13.90 -13.86 3152
 177 4449 3151 96 1 -13.90 -13.86 3152
 193 4753 3151 77 5 1.10 1.14 3152
 193 4737 3151 77 5 1.10 1.14 3152
 193 4721 3151 77 33 1.10 1.14 3152
 193 4705 3151 63 1 1.10 1.14 3152
 193 4225 3151 96 1 -13.90 -13.86 3152
 193 4433 3151 96 27 -13.90 -13.86 3152
 193 4449 3151 96 1 -13.90 -13.86 3152
 209 4753 3151 77 5 1.10 1.14 3152
 209 4737 3151 77 5 1.10 1.14 3152
 209 4721 3151 77 5 1.10 1.14 3152
 209 4705 3151 77 35 1.10 1.14 3152
 209 4689 3151 77 32 1.10 1.14 3152
 209 4225 3151 96 1 -13.90 -13.86 3152
 209 4417 3151 95 2 1300001.10 1300001.14 3152 1 1
 209 4417 3151 96 12 -13.90 -13.86 3152
 209 4433 3151 95 2 1300001.10 1300001.14 3152 1 17
 209 4433 3151 96 1 -13.90 -13.86 3152
 209 4449 3151 95 2 1300001.10 1300001.14 3152 1 33
 209 4449 3151 96 1 -13.90 -13.86 3152
 225 4753 3151 77 5 1.10 1.14 3152
 225 4737 3151 77 5 1.10 1.14 3152
 225 4721 3151 77 5 1.10 1.14 3152
 225 4705 3151 77 5 1.10 1.14 3152
 225 4689 3151 77 33 1.10 1.14 3152
 225 4625 3151 59 1 1.10 1.14 3152
 225 4625 3151 67 4 0.10 0.14 3152
 225 4657 3192 53 13 1.10 -5.86 3193
 225 4225 3151 96 1 -13.90 -13.86 3152
 225 4385 3192 53 13 1.10 -5.86 3193
 225 4417 3151 95 2 1300001.10 1300001.14 3152 17 1
 225 4417 3151 96 1 -13.90 -13.86 3152
 225 4433 3151 95 2 1300001.10 1300001.14 3152 17 17
 225 4449 3151 95 2 1300001.10 1300001.14 3152 17 33
 241 4753 3151 77 5 1.10 1.14 3152
 241 4737 3151 77 5 1.10 1.14 3152
 241 4721 3151 77 5 1.10 1.14 3152
 241 4705 3151 77 5 1.10 1.14 3152
 241 4689 3151 77 33 1.10 1.14 3152
 241 4225 3151 96 1 -13.90 -13.86 3152
 241 4417 3151 95 2 1300001.10 1300001.14 3152 33 1
 241 4417 3151 96 1 -13.90 -13.86 3152
 241 4433 3151 95 2 1300001.10 1300001.14 3152 33 17
 241 4449 3151 95 2 1300001.10 1300001.14 3152 33 33
 257 4657 3151 81 1 -999998.90 -18.86 3152
 257 4225 3151 96 1 -13.90 -13.86 3152
