 -10 1253 691 0.42 1 1 1 1 1 2 2 301 0.42 1

-1
-1
-1
-1
-1
-1
-1
-1
-1
-1
-1
-1
-1
-1
-1
-1
-1
-1
-1
-1
-1
y0
VoiD
 1 4753 3151 77 5 1.10 1.14 3152
 1 4609 3192 51 1 1.10 1.14 3193 0
 1 4641 3151 77 2 1.10 1.14 3152
 1 4657 3195 77 31 1.10 1.14 3196
 17 4753 3151 77 5 1.10 1.14 3152
 17 4641 3151 77 2 1.10 1.14 3152
 33 4753 3151 77 5 1.10 1.14 3152
 33 4593 3151 67 1 1.10 1.14 3152
 33 4641 3151 77 2 1.10 1.14 3152
 49 4753 3151 77 5 1.10 1.14 3152
 49 4641 3151 77 2 1.10 1.14 3152
 49 4593 3151 59 1 1.10 1.14 3152
 49 4593 3151 67 2 0.10 0.14 3152
 65 4753 3151 77 5 1.10 1.14 3152
 65 4641 3151 77 2 1.10 1.14 3152
 65 4593 3151 67 1 1.10 1.14 3152
 81 4753 3151 77 5 1.10 1.14 3152
 81 4641 3151 77 2 1.10 1.14 3152
 97 4753 3151 77 5 1.10 1.14 3152
 97 4737 3151 77 5 1.10 1.14 3152
 97 4721 3151 77 5 1.10 1.14 3152
 97 4705 3151 77 5 1.10 1.14 3152
 97 4689 3151 77 5 1.10 1.14 3152
 97 4673 3151 77 5 1.10 1.14 3152
 97 4657 3151 77 5 1.10 1.14 3152
 97 4641 3151 77 2 1.10 1.14 3152
 113 4753 3151 4 4 1400001.10 1400001.14 3152
 113 4737 3151 4 4 1400001.10 1400001.14 3152
 113 4721 3151 4 4 1400001.10 1400001.14 3152
 113 4705 3151 4 3 1400001.10 1400001.14 3152
 113 4689 3151 77 5 1.10 1.14 3152
 113 4673 3151 77 5 1.10 1.14 3152
 113 4657 3151 77 5 1.10 1.14 3152
 113 4641 3151 77 2 1.10 1.14 3152
 129 4721 3151 4 2 1400001.10 1400001.14 3152
 129 4705 3151 4 5 1400001.10 1400001.14 3152
 129 4753 3151 77 5 1.10 1.14 3152
 129 4737 3151 77 5 1.10 1.14 3152
 129 4721 3151 77 2 1.10 1.14 3152
 129 4689 3151 77 5 1.10 1.14 3152
 129 4673 3151 77 5 1.10 1.14 3152
 129 4657 3151 77 5 1.10 1.14 3152
 129 4641 3151 77 2 1.10 1.14 3152
 145 4721 3151 4 2 1400001.10 1400001.14 3152
 145 4705 3151 4 5 1400001.10 1400001.14 3152
 145 4753 3151 77 5 1.10 1.14 3152
 145 4737 3151 77 5 1.10 1.14 3152
 145 4721 3151 77 2 1.10 1.14 3152
 145 4689 3151 77 5 1.10 1.14 3152
 145 4673 3151 77 5 1.10 1.14 3152
 145 4657 3151 77 5 1.10 1.14 3152
 145 4641 3151 77 2 1.10 1.14 3152
 161 4545 3151 4 3 1400001.10 1400001.14 3152
 161 4721 3151 4 6 1400001.10 1400001.14 3152
 161 4705 3151 4 5 1400001.10 1400001.14 3152
 161 4689 3151 4 4 1400001.10 1400001.14 3152
 161 4673 3151 4 4 1400001.10 1400001.14 3152
 161 4657 3151 4 4 1400001.10 1400001.14 3152
 161 4641 3151 4 3 1400001.10 1400001.14 3152
 161 4625 3151 4 4 1400001.10 1400001.14 3152
 161 4609 3151 4 4 1400001.10 1400001.14 3152
 161 4593 3151 4 4 1400001.10 1400001.14 3152
 161 4577 3151 4 4 1400001.10 1400001.14 3152
 161 4561 3151 4 4 1400001.10 1400001.14 3152
 161 4641 3151 64 4 6.10 6.14 3152
 161 4625 3151 64 1 6.10 6.14 3152
 161 4753 3151 77 5 1.10 1.14 3152
 161 4737 3151 77 5 1.10 1.14 3152
 161 4721 3151 77 2 1.10 1.14 3152
 177 4545 3151 4 5 1400001.10 1400001.14 3152
 177 4081 3151 77 1 1.10 1.14 3152
 177 4097 3151 77 4 1.10 1.14 3152
 177 4113 3151 77 4 1.10 1.14 3152
 177 4129 3151 77 4 1.10 1.14 3152
 177 4145 3151 77 4 1.10 1.14 3152
 177 4161 3151 77 7 1.10 1.14 3152
 177 4753 3151 77 5 1.10 1.14 3152
 177 4737 3151 77 5 1.10 1.14 3152
 177 4721 3151 77 5 1.10 1.14 3152
 177 4705 3151 77 5 1.10 1.14 3152
 177 4689 3151 77 5 1.10 1.14 3152
 177 4673 3151 77 5 1.10 1.14 3152
 177 4657 3151 77 13 1.10 1.14 3152
 177 4641 3151 77 15 1.10 1.14 3152
 177 4577 3151 77 7 1.10 1.14 3152
 177 4561 3151 77 1 1.10 1.14 3152
 193 4545 3151 4 5 1400001.10 1400001.14 3152
 193 4081 3151 77 3 1.10 1.14 3152
 193 4097 3151 77 6 1.10 1.14 3152
 193 4113 3151 77 6 1.10 1.14 3152
 193 4129 3151 77 6 1.10 1.14 3152
 193 4145 3151 77 13 1.10 1.14 3152
 193 4161 3151 77 8 1.10 1.14 3152
 193 4753 3151 77 5 1.10 1.14 3152
 193 4737 3151 77 5 1.10 1.14 3152
 193 4721 3151 77 5 1.10 1.14 3152
 193 4705 3151 77 5 1.10 1.14 3152
 193 4689 3151 77 5 1.10 1.14 3152
 193 4673 3151 77 13 1.10 1.14 3152
 193 4657 3151 77 15 1.10 1.14 3152
 193 4577 3151 77 8 1.10 1.14 3152
 193 4561 3151 77 2 1.10 1.14 3152
 209 4081 3151 4 5 1400001.10 1400001.14 3152
 209 4097 3151 4 6 1400001.10 1400001.14 3152
 209 4113 3151 4 6 1400001.10 1400001.14 3152
 209 4129 3151 4 3 1400001.10 1400001.14 3152
 209 4145 3151 4 4 1400001.10 1400001.14 3152
 209 4161 3151 4 4 1400001.10 1400001.14 3152
 209 4177 3151 4 4 1400001.10 1400001.14 3152
 209 4193 3151 4 4 1400001.10 1400001.14 3152
 209 4209 3151 4 4 1400001.10 1400001.14 3152
 209 4225 3151 4 4 1400001.10 1400001.14 3152
 209 4241 3151 4 4 1400001.10 1400001.14 3152
 209 4257 3151 4 4 1400001.10 1400001.14 3152
 209 4273 3151 4 4 1400001.10 1400001.14 3152
 209 4289 3151 4 4 1400001.10 1400001.14 3152
 209 4305 3151 4 4 1400001.10 1400001.14 3152
 209 4321 3151 4 4 1400001.10 1400001.14 3152
 209 4337 3151 4 4 1400001.10 1400001.14 3152
 209 4353 3151 4 4 1400001.10 1400001.14 3152
 209 4369 3151 4 4 1400001.10 1400001.14 3152
 209 4385 3151 4 4 1400001.10 1400001.14 3152
 209 4401 3151 4 4 1400001.10 1400001.14 3152
 209 4417 3151 4 4 1400001.10 1400001.14 3152
 209 4433 3151 4 4 1400001.10 1400001.14 3152
 209 4449 3151 4 4 1400001.10 1400001.14 3152
 209 4465 3151 4 4 1400001.10 1400001.14 3152
 209 4481 3151 4 4 1400001.10 1400001.14 3152
 209 4497 3151 4 4 1400001.10 1400001.14 3152
 209 4513 3151 4 4 1400001.10 1400001.14 3152
 209 4529 3151 4 4 1400001.10 1400001.14 3152
 209 4545 3151 4 5 1400001.10 1400001.14 3152
 209 4241 3151 96 1 -13.90 -13.86 3152
 209 4257 3151 96 1 -13.90 -13.86 3152
 209 4273 3151 96 1 -13.90 -13.86 3152
 209 4289 3151 96 1 -13.90 -13.86 3152
 209 4305 3151 96 1 -13.90 -13.86 3152
 209 4321 3151 96 1 -13.90 -13.86 3152
 209 4753 3151 77 5 1.10 1.14 3152
 209 4737 3151 77 5 1.10 1.14 3152
 209 4721 3151 77 5 1.10 1.14 3152
 209 4705 3151 77 5 1.10 1.14 3152
 209 4689 3151 77 13 1.10 1.14 3152
 209 4673 3151 77 15 1.10 1.14 3152
 209 4577 3151 77 8 1.10 1.14 3152
 209 4561 3151 77 2 1.10 1.14 3152
 225 4081 3151 4 5 1400001.10 1400001.14 3152
 225 4097 3151 4 6 1400001.10 1400001.14 3152
 225 4113 3151 4 6 1400001.10 1400001.14 3152
 225 4129 3151 4 6 1400001.10 1400001.14 3152
 225 4129 3151 77 1 1.10 1.14 3152
 225 4145 3151 77 4 1.10 1.14 3152
 225 4161 3151 77 4 1.10 1.14 3152
 225 4177 3151 77 4 1.10 1.14 3152
 225 4193 3151 77 4 1.10 1.14 3152
 225 4209 3151 77 4 1.10 1.14 3152
 225 4225 3151 77 4 1.10 1.14 3152
 225 4241 3151 77 4 1.10 1.14 3152
 225 4257 3151 77 4 1.10 1.14 3152
 225 4273 3151 77 4 1.10 1.14 3152
 225 4289 3151 77 4 1.10 1.14 3152
 225 4305 3151 77 4 1.10 1.14 3152
 225 4321 3151 77 4 1.10 1.14 3152
 225 4337 3151 77 4 1.10 1.14 3152
 225 4353 3151 77 5 1.10 1.14 3152
 225 4369 3151 77 5 1.10 1.14 3152
 225 4385 3151 77 5 1.10 1.14 3152
 225 4401 3151 77 4 1.10 1.14 3152
 225 4417 3151 77 4 1.10 1.14 3152
 225 4433 3151 77 4 1.10 1.14 3152
 225 4449 3151 77 4 1.10 1.14 3152
 225 4465 3151 77 4 1.10 1.14 3152
 225 4481 3151 77 4 1.10 1.14 3152
 225 4497 3151 77 4 1.10 1.14 3152
 225 4513 3151 77 4 1.10 1.14 3152
 225 4529 3151 77 4 1.10 1.14 3152
 225 4545 3151 77 4 1.10 1.14 3152
 225 4753 3151 77 5 1.10 1.14 3152
 225 4737 3151 77 5 1.10 1.14 3152
 225 4721 3151 77 5 1.10 1.14 3152
 225 4705 3151 77 13 1.10 1.14 3152
 225 4689 3151 77 15 1.10 1.14 3152
 225 4593 3151 77 22 1.10 1.14 3152
 225 4577 3151 77 11 1.10 1.14 3152
 225 4561 3151 77 12 1.10 1.14 3152
 241 4081 3151 4 5 1400001.10 1400001.14 3152
 241 4097 3151 4 6 1400001.10 1400001.14 3152
 241 4113 3151 4 6 1400001.10 1400001.14 3152
 241 4129 3151 4 6 1400001.10 1400001.14 3152
 241 4305 3151 76 41 1300001.10 1300001.14 3152
 241 4321 3151 76 41 1300001.10 1300001.14 3152
 241 4337 3151 76 41 1300001.10 1300001.14 3152
 241 4353 3151 76 41 1300001.10 1300001.14 3152
 241 4369 3151 76 41 1300001.10 1300001.14 3152
 241 4385 3151 76 41 1300001.10 1300001.14 3152
 241 4401 3151 76 41 1300001.10 1300001.14 3152
 241 4129 3151 77 2 1.10 1.14 3152
 241 4145 3151 77 5 1.10 1.14 3152
 241 4161 3693 77 30 1.10 1.14 3694
 241 4225 3693 77 30 1.10 1.14 3694
 241 4289 3151 77 5 1.10 1.14 3152
 241 4305 3151 77 39 1.10 1.14 3152
 241 4401 3151 77 33 1.10 1.14 3152
 241 4417 3151 77 5 1.10 1.14 3152
 241 4433 3151 77 5 1.10 1.14 3152
 241 4449 3151 77 5 1.10 1.14 3152
 241 4465 3151 77 5 1.10 1.14 3152
 241 4481 3151 77 5 1.10 1.14 3152
 241 4449 3151 96 27 -13.90 -13.86 3152
 241 4753 3151 77 5 1.10 1.14 3152
 241 4737 3151 77 5 1.10 1.14 3152
 241 4721 3151 77 5 1.10 1.14 3152
 241 4705 3151 77 20 1.10 1.14 3152
 241 4609 3151 77 24 1.10 1.14 3152
 241 4593 3151 77 11 1.10 1.14 3152
 241 4497 3195 77 31 1.10 1.14 3196
 257 4081 3151 4 5 1400001.10 1400001.14 3152
 257 4097 3151 4 6 1400001.10 1400001.14 3152
 257 4113 3151 4 6 1400001.10 1400001.14 3152
 257 4129 3151 4 6 1400001.10 1400001.14 3152
 257 4305 3151 76 41 1300001.10 1300001.14 3152
 257 4321 3151 76 41 1300001.10 1300001.14 3152
 257 4337 3151 76 41 1300001.10 1300001.14 3152
 257 4353 3151 76 41 1300001.10 1300001.14 3152
 257 4369 3151 76 41 1300001.10 1300001.14 3152
 257 4385 3151 76 41 1300001.10 1300001.14 3152
 257 4401 3151 76 41 1300001.10 1300001.14 3152
 257 4129 3151 77 2 1.10 1.14 3152
 257 4145 3151 77 5 1.10 1.14 3152
 257 4289 3151 77 5 1.10 1.14 3152
 257 4305 3151 77 39 1.10 1.14 3152
 257 4353 3151 67 1 1.10 1.14 3152
 257 4401 3151 77 33 1.10 1.14 3152
 257 4417 3151 77 5 1.10 1.14 3152
 257 4433 3151 77 5 1.10 1.14 3152
 257 4449 3151 77 5 1.10 1.14 3152
 257 4465 3151 77 5 1.10 1.14 3152
 257 4481 3151 77 5 1.10 1.14 3152
 257 4449 3151 96 27 -13.90 -13.86 3152
 257 4753 3151 77 5 1.10 1.14 3152
 257 4737 3151 77 5 1.10 1.14 3152
 257 4721 3151 77 19 1.10 1.14 3152
 257 4705 3151 77 21 1.10 1.14 3152
 257 4609 3151 77 25 1.10 1.14 3152
 257 4593 3151 77 5 1.10 1.14 3152
 273 4081 3151 4 5 1400001.10 1400001.14 3152
 273 4097 3151 4 6 1400001.10 1400001.14 3152
 273 4113 3151 4 6 1400001.10 1400001.14 3152
 273 4129 3151 4 6 1400001.10 1400001.14 3152
 273 4305 3151 76 41 1300001.10 1300001.14 3152
 273 4321 3151 76 41 1300001.10 1300001.14 3152
 273 4337 3151 76 41 1300001.10 1300001.14 3152
 273 4353 3151 76 41 1300001.10 1300001.14 3152
 273 4369 3151 76 41 1300001.10 1300001.14 3152
 273 4385 3151 76 41 1300001.10 1300001.14 3152
 273 4401 3151 76 41 1300001.10 1300001.14 3152
 273 4113 3151 77 14 1.10 1.14 3152
 273 4129 3151 77 12 1.10 1.14 3152
 273 4145 3151 77 5 1.10 1.14 3152
 273 4289 3151 77 5 1.10 1.14 3152
 273 4305 3151 77 39 1.10 1.14 3152
 273 4353 3151 59 1 1.10 1.14 3152
 273 4401 3151 77 33 1.10 1.14 3152
 273 4417 3151 77 5 1.10 1.14 3152
 273 4433 3151 77 5 1.10 1.14 3152
 273 4449 3151 77 5 1.10 1.14 3152
 273 4465 3151 77 5 1.10 1.14 3152
 273 4481 3151 77 5 1.10 1.14 3152
 273 4353 3151 67 3 0.10 0.14 3152
 273 4449 3151 96 27 -13.90 -13.86 3152
 273 4753 3151 77 5 1.10 1.14 3152
 273 4737 3151 77 13 1.10 1.14 3152
 273 4721 3151 77 15 1.10 1.14 3152
 273 4625 3151 77 24 1.10 1.14 3152
 273 4609 3151 77 11 1.10 1.14 3152
 273 4593 3151 77 5 1.10 1.14 3152
 289 4081 3151 4 5 1400001.10 1400001.14 3152
 289 4097 3151 4 6 1400001.10 1400001.14 3152
 289 4113 3151 4 6 1400001.10 1400001.14 3152
 289 4305 3151 76 41 1300001.10 1300001.14 3152
 289 4321 3151 76 41 1300001.10 1300001.14 3152
 289 4337 3151 76 41 1300001.10 1300001.14 3152
 289 4353 3151 76 41 1300001.10 1300001.14 3152
 289 4369 3151 76 41 1300001.10 1300001.14 3152
 289 4385 3151 76 41 1300001.10 1300001.14 3152
 289 4401 3151 76 41 1300001.10 1300001.14 3152
 289 4097 3151 77 14 1.10 1.14 3152
 289 4113 3151 77 12 1.10 1.14 3152
 289 4129 3151 77 5 1.10 1.14 3152
 289 4145 3151 77 5 1.10 1.14 3152
 289 4289 3151 77 5 1.10 1.14 3152
 289 4305 3151 77 39 1.10 1.14 3152
 289 4353 3151 67 1 1.10 1.14 3152
 289 4401 3151 77 33 1.10 1.14 3152
 289 4417 3151 77 5 1.10 1.14 3152
 289 4433 3151 77 5 1.10 1.14 3152
 289 4449 3151 77 5 1.10 1.14 3152
 289 4465 3151 77 5 1.10 1.14 3152
 289 4481 3151 77 5 1.10 1.14 3152
 289 4449 3151 96 27 -13.90 -13.86 3152
 289 4753 3151 77 13 1.10 1.14 3152
 289 4737 3151 77 15 1.10 1.14 3152
 289 4625 3151 77 25 1.10 1.14 3152
 289 4609 3151 77 5 1.10 1.14 3152
 289 4593 3151 77 5 1.10 1.14 3152
 305 4081 3151 4 5 1400001.10 1400001.14 3152
 305 4305 3151 76 41 1300001.10 1300001.14 3152
 305 4321 3151 76 41 1300001.10 1300001.14 3152
 305 4337 3151 76 41 1300001.10 1300001.14 3152
 305 4353 3151 76 41 1300001.10 1300001.14 3152
 305 4369 3151 76 41 1300001.10 1300001.14 3152
 305 4385 3151 76 41 1300001.10 1300001.14 3152
 305 4401 3151 76 41 1300001.10 1300001.14 3152
 305 4081 3151 77 14 1.10 1.14 3152
 305 4097 3151 77 12 1.10 1.14 3152
 305 4113 3151 77 5 1.10 1.14 3152
 305 4129 3151 77 5 1.10 1.14 3152
 305 4145 3151 77 5 1.10 1.14 3152
 305 4161 3693 77 30 1.10 1.14 3694
 305 4225 3693 77 30 1.10 1.14 3694
 305 4289 3151 77 5 1.10 1.14 3152
 305 4305 3151 77 39 1.10 1.14 3152
 305 4353 3151 59 1 1.10 1.14 3152
 305 4401 3151 77 33 1.10 1.14 3152
 305 4417 3151 77 5 1.10 1.14 3152
 305 4433 3151 77 5 1.10 1.14 3152
 305 4449 3151 77 5 1.10 1.14 3152
 305 4465 3151 77 5 1.10 1.14 3152
 305 4481 3151 77 5 1.10 1.14 3152
 305 4401 3151 96 1 -13.90 -13.86 3152
 305 4449 3151 96 27 -13.90 -13.86 3152
 305 4753 3151 77 2 1.10 1.14 3152
 305 4641 3151 77 24 1.10 1.14 3152
 305 4625 3151 77 11 1.10 1.14 3152
 305 4609 3151 77 5 1.10 1.14 3152
 305 4593 3151 77 5 1.10 1.14 3152
 321 4305 3151 76 41 1300001.10 1300001.14 3152
 321 4321 3151 76 41 1300001.10 1300001.14 3152
 321 4337 3151 76 41 1300001.10 1300001.14 3152
 321 4353 3151 76 41 1300001.10 1300001.14 3152
 321 4369 3151 76 41 1300001.10 1300001.14 3152
 321 4385 3151 76 41 1300001.10 1300001.14 3152
 321 4401 3151 76 41 1300001.10 1300001.14 3152
 321 4417 3151 76 41 1300001.10 1300001.14 3152
 321 3969 3151 77 1 1.10 1.14 3152
 321 3985 3151 77 4 1.10 1.14 3152
 321 4001 3151 77 4 1.10 1.14 3152
 321 4017 3151 77 4 1.10 1.14 3152
 321 4033 3151 77 4 1.10 1.14 3152
 321 4049 3151 77 4 1.10 1.14 3152
 321 4065 3151 77 4 1.10 1.14 3152
 321 4081 3151 77 12 1.10 1.14 3152
 321 4097 3693 77 30 1.10 1.14 3694
 321 4289 3151 77 5 1.10 1.14 3152
 321 4305 3151 77 39 1.10 1.14 3152
 321 4353 3151 67 1 1.10 1.14 3152
 321 4401 3151 77 33 1.10 1.14 3152
 321 4417 3151 77 33 1.10 1.14 3152
 321 4433 3151 77 5 1.10 1.14 3152
 321 4449 3151 77 5 1.10 1.14 3152
 321 4465 3151 77 5 1.10 1.14 3152
 321 4481 3151 77 5 1.10 1.14 3152
 321 4449 3151 96 27 -13.90 -13.86 3152
 321 4753 3151 77 2 1.10 1.14 3152
 321 4641 3151 77 25 1.10 1.14 3152
 321 4625 3151 77 5 1.10 1.14 3152
 321 4609 3151 77 5 1.10 1.14 3152
 321 4593 3151 77 5 1.10 1.14 3152
 337 4305 3151 76 41 1300001.10 1300001.14 3152
 337 4321 3151 76 41 1300001.10 1300001.14 3152
 337 4337 3151 76 41 1300001.10 1300001.14 3152
 337 4353 3151 76 41 1300001.10 1300001.14 3152
 337 4369 3151 76 41 1300001.10 1300001.14 3152
 337 4385 3151 76 41 1300001.10 1300001.14 3152
 337 4401 3151 76 41 1300001.10 1300001.14 3152
 337 4417 3151 76 41 1300001.10 1300001.14 3152
 337 3953 3151 77 14 1.10 1.14 3152
 337 3969 3151 77 12 1.10 1.14 3152
 337 3985 3151 77 5 1.10 1.14 3152
 337 4001 3151 77 5 1.10 1.14 3152
 337 4017 3151 77 5 1.10 1.14 3152
 337 4033 3693 77 30 1.10 1.14 3694
 337 4289 3151 77 5 1.10 1.14 3152
 337 4305 3151 77 39 1.10 1.14 3152
 337 4401 3151 77 33 1.10 1.14 3152
 337 4417 3151 77 33 1.10 1.14 3152
 337 4433 3151 77 5 1.10 1.14 3152
 337 4449 3151 77 5 1.10 1.14 3152
 337 4465 3151 77 5 1.10 1.14 3152
 337 4481 3151 77 5 1.10 1.14 3152
 337 4497 3151 77 5 1.10 1.14 3152
 337 4449 3151 96 27 -13.90 -13.86 3152
 337 4753 3151 77 12 1.10 1.14 3152
 337 4657 3151 77 22 1.10 1.14 3152
 337 4641 3151 77 11 1.10 1.14 3152
 337 4625 3151 77 5 1.10 1.14 3152
 337 4609 3151 77 5 1.10 1.14 3152
 337 4593 3151 77 5 1.10 1.14 3152
 337 4577 3151 77 5 1.10 1.14 3152
 337 4721 3192 70 3 1.10 -4.86 3193
 337 4513 3693 77 30 1.10 1.14 3694
 353 3953 3151 76 41 1300001.10 1300001.14 3152
 353 4305 3151 76 41 1300001.10 1300001.14 3152
 353 4321 3151 76 41 1300001.10 1300001.14 3152
 353 4337 3151 76 41 1300001.10 1300001.14 3152
 353 4353 3151 76 41 1300001.10 1300001.14 3152
 353 4369 3151 76 41 1300001.10 1300001.14 3152
 353 4385 3151 76 41 1300001.10 1300001.14 3152
 353 4401 3151 76 41 1300001.10 1300001.14 3152
 353 4417 3151 76 41 1300001.10 1300001.14 3152
 353 3969 3151 77 5 1.10 1.14 3152
 353 3985 3151 77 5 1.10 1.14 3152
 353 4001 3151 77 5 1.10 1.14 3152
 353 4017 3151 77 5 1.10 1.14 3152
 353 4289 3151 77 5 1.10 1.14 3152
 353 4305 3151 77 39 1.10 1.14 3152
 353 4369 3151 59 21 1.10 1.14 3152
 353 4401 3151 77 33 1.10 1.14 3152
 353 4417 3151 77 33 1.10 1.14 3152
 353 4433 3151 77 5 1.10 1.14 3152
 353 4449 3151 77 5 1.10 1.14 3152
 353 4465 3151 77 5 1.10 1.14 3152
 353 4481 3151 77 5 1.10 1.14 3152
 353 4497 3151 77 5 1.10 1.14 3152
 353 3921 3694 69 1 1.10 -4.86 3695
 353 3953 3694 69 2 1.10 -4.86 3695
 353 3937 3694 70 17 1.10 -5.86 3695 2
 353 4449 3151 96 27 -13.90 -13.86 3152
 353 4737 3151 76 41 1300001.10 1300001.14 3152
 353 4753 3151 77 5 1.10 1.14 3152
 353 4673 3151 77 22 1.10 1.14 3152
 353 4657 3151 77 11 1.10 1.14 3152
 353 4641 3151 77 5 1.10 1.14 3152
 353 4625 3151 77 5 1.10 1.14 3152
 353 4609 3151 77 5 1.10 1.14 3152
 353 4593 3151 77 5 1.10 1.14 3152
 353 4577 3151 77 5 1.10 1.14 3152
 353 4721 3192 69 4 1.10 -4.86 3193
 369 3953 3151 76 41 1300001.10 1300001.14 3152
 369 4321 3151 76 41 1300001.10 1300001.14 3152
 369 4337 3151 76 41 1300001.10 1300001.14 3152
 369 4353 3151 76 41 1300001.10 1300001.14 3152
 369 4369 3151 76 41 1300001.10 1300001.14 3152
 369 4385 3151 76 41 1300001.10 1300001.14 3152
 369 4401 3151 76 41 1300001.10 1300001.14 3152
 369 3969 3151 77 5 1.10 1.14 3152
 369 3985 3151 77 5 1.10 1.14 3152
 369 4001 3151 77 5 1.10 1.14 3152
 369 4017 3151 77 5 1.10 1.14 3152
 369 4161 3151 77 5 1.10 1.14 3152
 369 4177 3151 77 5 1.10 1.14 3152
 369 4193 3151 77 5 1.10 1.14 3152
 369 4209 3151 77 5 1.10 1.14 3152
 369 4225 3693 77 30 1.10 1.14 3694
 369 4289 3151 77 5 1.10 1.14 3152
 369 4305 3151 77 5 1.10 1.14 3152
 369 4321 3151 77 35 1.10 1.14 3152
 369 4337 3151 77 35 1.10 1.14 3152
 369 4353 3151 77 35 1.10 1.14 3152
 369 4369 3151 77 35 1.10 1.14 3152
 369 4385 3151 77 35 1.10 1.14 3152
 369 4401 3151 77 5 1.10 1.14 3152
 369 4417 3151 77 5 1.10 1.14 3152
 369 4433 3151 77 5 1.10 1.14 3152
 369 4449 3693 77 30 1.10 1.14 3694
 369 4401 3151 96 1 -13.90 -13.86 3152
 369 4449 3151 96 27 -13.90 -13.86 3152
 369 4737 3151 76 41 1300001.10 1300001.14 3152
 369 4721 3151 76 41 1300001.10 1300001.14 3152
 369 4721 3151 76 58 1200001.10 1199991.14 3152
 369 4753 3151 77 5 1.10 1.14 3152
 369 4705 3151 77 4 1.10 1.14 3152
 369 4689 3151 77 4 1.10 1.14 3152
 369 4673 3151 77 11 1.10 1.14 3152
 369 4721 3192 70 4 1.10 -4.86 3193 5 0
 369 4577 3195 77 31 1.10 1.14 3196
 385 4321 3151 76 41 1300001.10 1300001.14 3152
 385 4353 3151 76 41 1300001.10 1300001.14 3152
 385 3873 3151 60 1 1.10 1.14 3152
 385 3921 3151 77 14 1.10 1.14 3152
 385 3937 3151 77 4 1.10 1.14 3152
 385 3953 3151 77 12 1.10 1.14 3152
 385 3969 3151 77 5 1.10 1.14 3152
 385 3985 3151 77 5 1.10 1.14 3152
 385 4001 3151 77 5 1.10 1.14 3152
 385 4017 3151 77 5 1.10 1.14 3152
 385 4097 3151 77 5 1.10 1.14 3152
 385 4113 3151 77 5 1.10 1.14 3152
 385 4129 3151 77 5 1.10 1.14 3152
 385 4145 3151 77 5 1.10 1.14 3152
 385 4161 3151 77 5 1.10 1.14 3152
 385 4177 3151 77 5 1.10 1.14 3152
 385 4193 3151 77 5 1.10 1.14 3152
 385 4209 3151 77 5 1.10 1.14 3152
 385 4289 3151 77 5 1.10 1.14 3152
 385 4305 3151 77 5 1.10 1.14 3152
 385 4321 3151 77 5 1.10 1.14 3152
 385 4337 3151 77 5 1.10 1.14 3152
 385 4353 3151 77 5 1.10 1.14 3152
 385 4369 3151 77 5 1.10 1.14 3152
 385 4385 3151 77 5 1.10 1.14 3152
 385 4401 3151 77 5 1.10 1.14 3152
 385 4417 3151 77 5 1.10 1.14 3152
 385 4433 3151 77 5 1.10 1.14 3152
 385 4449 3151 96 27 -13.90 -13.86 3152
 385 4753 3151 76 41 1300001.10 1300001.14 3152
 385 4705 3151 77 5 1.10 1.14 3152
 385 4689 3151 77 5 1.10 1.14 3152
 385 4673 3151 77 5 1.10 1.14 3152
 385 4753 3694 69 2 1.10 -4.86 3695
 385 4721 3196 69 19 1.10 -4.86 3197
 401 3825 3151 59 1 1.10 1.14 3152
 401 3873 3151 60 1 1.10 1.14 3152
 401 3921 3151 77 2 1.10 1.14 3152
 401 3937 3151 77 5 1.10 1.14 3152
 401 3953 3151 77 5 1.10 1.14 3152
 401 3969 3693 77 30 1.10 1.14 3694
 401 4033 3151 77 5 1.10 1.14 3152
 401 4049 3151 77 5 1.10 1.14 3152
 401 4065 3195 77 31 1.10 1.14 3196
 401 4161 3693 77 30 1.10 1.14 3694
 401 4289 3151 77 5 1.10 1.14 3152
 401 4305 3151 77 5 1.10 1.14 3152
 401 4321 3151 77 5 1.10 1.14 3152
 401 4337 3151 77 5 1.10 1.14 3152
 401 4353 3151 77 5 1.10 1.14 3152
 401 4369 3151 77 5 1.10 1.14 3152
 401 4385 3151 77 5 1.10 1.14 3152
 401 4401 3151 77 5 1.10 1.14 3152
 401 4417 3151 77 5 1.10 1.14 3152
 401 4433 3151 77 5 1.10 1.14 3152
 401 4449 3151 96 27 -13.90 -13.86 3152
 401 4753 3151 76 41 1300001.10 1300001.14 3152
 401 4721 3151 76 41 1300001.10 1300001.14 3152
 401 4705 3151 76 41 1300001.10 1300001.14 3152
 401 4705 3151 77 5 1.10 1.14 3152
 401 4689 3151 77 5 1.10 1.14 3152
 401 4673 3151 77 5 1.10 1.14 3152
 401 4513 3693 77 30 1.10 1.14 3694
 417 4401 3151 77 5 1.10 1.14 3152
 417 4417 3151 77 5 1.10 1.14 3152
 417 4433 3151 77 5 1.10 1.14 3152
 417 3921 3151 77 2 1.10 1.14 3152
 417 3937 3151 77 5 1.10 1.14 3152
 417 3953 3151 77 5 1.10 1.14 3152
 417 4033 3151 77 5 1.10 1.14 3152
 417 4049 3151 77 5 1.10 1.14 3152
 417 4385 3151 77 5 1.10 1.14 3152
 417 4369 3151 77 5 1.10 1.14 3152
 417 4353 3151 77 5 1.10 1.14 3152
 417 4337 3151 77 5 1.10 1.14 3152
 417 4321 3151 77 5 1.10 1.14 3152
 417 4305 3151 77 5 1.10 1.14 3152
 417 4289 3151 77 5 1.10 1.14 3152
 417 4449 3151 96 27 -13.90 -13.86 3152
 417 4753 3151 76 41 1300001.10 1300001.14 3152
 417 4753 3151 77 5 1.10 1.14 3152
 417 4737 3151 77 5 1.10 1.14 3152
 417 4721 3151 77 5 1.10 1.14 3152
 417 4705 3151 77 5 1.10 1.14 3152
 417 4689 3151 77 5 1.10 1.14 3152
 417 4673 3151 77 5 1.10 1.14 3152
 433 4369 3151 77 5 1.10 1.14 3152
 433 4385 3151 77 5 1.10 1.14 3152
 433 4401 3151 77 5 1.10 1.14 3152
 433 4417 3151 77 5 1.10 1.14 3152
 433 4433 3151 77 5 1.10 1.14 3152
 433 4449 3151 77 5 1.10 1.14 3152
 433 4465 3151 77 5 1.10 1.14 3152
 433 3921 3151 77 2 1.10 1.14 3152
 433 3937 3151 77 5 1.10 1.14 3152
 433 3953 3151 77 5 1.10 1.14 3152
 433 4033 3151 77 5 1.10 1.14 3152
 433 4049 3151 77 5 1.10 1.14 3152
 433 4353 3151 77 5 1.10 1.14 3152
 433 4337 3151 77 5 1.10 1.14 3152
 433 4321 3151 77 5 1.10 1.14 3152
 433 4305 3151 77 5 1.10 1.14 3152
 433 4289 3151 77 5 1.10 1.14 3152
 433 4273 3151 77 5 1.10 1.14 3152
 433 4257 3151 77 5 1.10 1.14 3152
 433 4241 3151 77 5 1.10 1.14 3152
 433 4225 3151 77 5 1.10 1.14 3152
 433 4481 3151 77 5 1.10 1.14 3152
 433 4497 3151 77 5 1.10 1.14 3152
 433 4449 3151 96 27 -13.90 -13.86 3152
 433 4753 3151 77 5 1.10 1.14 3152
 433 4737 3151 77 5 1.10 1.14 3152
 433 4721 3151 77 5 1.10 1.14 3152
 433 4705 3151 77 5 1.10 1.14 3152
 433 4689 3151 77 5 1.10 1.14 3152
 433 4673 3151 77 5 1.10 1.14 3152
 449 3761 3645 68 3 1.10 11.14 3646
 449 4353 3151 77 5 1.10 1.14 3152
 449 4369 3151 77 5 1.10 1.14 3152
 449 4385 3151 77 5 1.10 1.14 3152
 449 4401 3151 77 5 1.10 1.14 3152
 449 4417 3151 77 5 1.10 1.14 3152
 449 4433 3151 77 5 1.10 1.14 3152
 449 4449 3151 77 5 1.10 1.14 3152
 449 4465 3151 77 5 1.10 1.14 3152
 449 4481 3151 77 5 1.10 1.14 3152
 449 3921 3151 77 2 1.10 1.14 3152
 449 3937 3151 77 5 1.10 1.14 3152
 449 3953 3151 77 5 1.10 1.14 3152
 449 4033 3151 77 5 1.10 1.14 3152
 449 4337 3151 77 5 1.10 1.14 3152
 449 4321 3151 77 5 1.10 1.14 3152
 449 4305 3151 77 5 1.10 1.14 3152
 449 4289 3151 77 5 1.10 1.14 3152
 449 4273 3151 77 5 1.10 1.14 3152
 449 4257 3151 77 5 1.10 1.14 3152
 449 4241 3151 77 5 1.10 1.14 3152
 449 4225 3151 77 5 1.10 1.14 3152
 449 4049 3151 77 5 1.10 1.14 3152
 449 4497 3151 77 5 1.10 1.14 3152
 449 4449 3151 96 27 -13.90 -13.86 3152
 449 4753 3151 77 5 1.10 1.14 3152
 449 4737 3151 77 5 1.10 1.14 3152
 449 4721 3151 77 5 1.10 1.14 3152
 449 4705 3151 77 5 1.10 1.14 3152
 449 4689 3151 77 5 1.10 1.14 3152
 449 4673 3151 77 5 1.10 1.14 3152
 465 3921 3151 77 15 1.10 1.14 3152
 465 3937 3151 77 13 1.10 1.14 3152
 465 3953 3151 77 5 1.10 1.14 3152
 465 4225 3693 77 30 1.10 1.14 3694
 465 4161 3693 77 30 1.10 1.14 3694
 465 4049 3151 77 5 1.10 1.14 3152
 465 4033 3151 77 5 1.10 1.14 3152
 465 3969 3693 77 30 1.10 1.14 3694
 465 4289 3195 77 31 1.10 1.14 3196
 465 4385 3195 77 31 1.10 1.14 3196
 465 4449 3151 96 27 -13.90 -13.86 3152
 465 3713 3151 96 1 -13.90 -13.86 3152
 465 3729 3151 96 1 -13.90 -13.86 3152
 465 3745 3151 96 1 -13.90 -13.86 3152
 465 3761 3151 96 1 -13.90 -13.86 3152
 465 4673 3195 77 31 1.10 1.14 3196
 465 4577 3195 77 31 1.10 1.14 3196
 465 4481 3195 77 31 1.10 1.14 3196
 481 3937 3151 77 20 1.10 1.14 3152
 481 3953 3151 77 5 1.10 1.14 3152
 481 4049 3151 77 5 1.10 1.14 3152
 481 4033 3151 77 5 1.10 1.14 3152
 497 3937 3151 77 21 1.10 1.14 3152
 497 3953 3151 77 13 1.10 1.14 3152
 497 4097 3693 77 30 1.10 1.14 3694
 497 4033 3693 77 30 1.10 1.14 3694
 513 3953 3151 77 20 1.10 1.14 3152
 529 4161 3693 77 30 1.10 1.14 3694
 529 4017 3151 77 5 1.10 1.14 3152
 529 4001 3151 77 5 1.10 1.14 3152
 529 3985 3151 77 5 1.10 1.14 3152
 529 3953 3151 77 21 1.10 1.14 3152
 529 3969 3151 77 13 1.10 1.14 3152
 529 4225 3693 77 30 1.10 1.14 3694
 545 4017 3151 77 5 1.10 1.14 3152
 545 4001 3151 77 5 1.10 1.14 3152
 545 3985 3151 77 5 1.10 1.14 3152
 545 3969 3151 77 20 1.10 1.14 3152
 561 4289 3195 77 31 1.10 1.14 3196
 561 4385 3195 77 31 1.10 1.14 3196
 561 4145 3151 77 5 1.10 1.14 3152
 561 4129 3151 77 13 1.10 1.14 3152
 561 4113 3151 77 6 1.10 1.14 3152
 561 4097 3151 77 6 1.10 1.14 3152
 561 4081 3151 77 6 1.10 1.14 3152
 561 4065 3151 77 6 1.10 1.14 3152
 561 4049 3151 77 6 1.10 1.14 3152
 561 4033 3151 77 6 1.10 1.14 3152
 561 4017 3151 77 6 1.10 1.14 3152
 561 4001 3151 77 6 1.10 1.14 3152
 561 3985 3151 77 6 1.10 1.14 3152
 561 3969 3151 77 21 1.10 1.14 3152
 561 4577 3195 77 31 1.10 1.14 3196
 561 4481 3195 77 31 1.10 1.14 3196
 561 4673 3195 77 31 1.10 1.14 3196
 577 4145 3151 77 13 1.10 1.14 3152
 577 4129 3151 77 15 1.10 1.14 3152
 593 4209 3151 77 5 1.10 1.14 3152
 593 4193 3151 77 5 1.10 1.14 3152
 593 4177 3151 77 5 1.10 1.14 3152
 593 4161 3151 77 13 1.10 1.14 3152
 593 4145 3151 77 15 1.10 1.14 3152
 593 4225 3693 77 30 1.10 1.14 3694
 609 4209 3151 77 5 1.10 1.14 3152
 609 4193 3151 77 5 1.10 1.14 3152
 609 4177 3151 77 13 1.10 1.14 3152
 609 4161 3151 77 15 1.10 1.14 3152
 609 4705 3151 76 41 1300001.10 1300001.14 3152
 625 4209 3151 77 5 1.10 1.14 3152
 625 4193 3151 77 13 1.10 1.14 3152
 625 4177 3151 77 15 1.10 1.14 3152
 641 4209 3151 77 13 1.10 1.14 3152
 641 4193 3151 77 15 1.10 1.14 3152
 657 4337 3151 76 41 1300001.10 1300001.14 3152
 657 4353 3151 76 41 1300001.10 1300001.14 3152
 657 4369 3151 76 41 1300001.10 1300001.14 3152
 657 4385 3151 76 41 1300001.10 1300001.14 3152
 657 4401 3151 76 41 1300001.10 1300001.14 3152
 657 4417 3151 76 41 1300001.10 1300001.14 3152
 657 4433 3151 76 41 1300001.10 1300001.14 3152
 657 4449 3151 76 41 1300001.10 1300001.14 3152
 657 4465 3151 76 41 1300001.10 1300001.14 3152
 657 4481 3151 76 41 1300001.10 1300001.14 3152
 657 4497 3151 76 41 1300001.10 1300001.14 3152
 657 4513 3151 76 41 1300001.10 1300001.14 3152
 657 4529 3151 76 41 1300001.10 1300001.14 3152
 657 4545 3151 76 41 1300001.10 1300001.14 3152
 657 4305 3151 77 5 1.10 1.14 3152
 657 4321 3151 77 5 1.10 1.14 3152
 657 4257 3151 77 6 1.10 1.14 3152
 657 4241 3151 77 6 1.10 1.14 3152
 657 4225 3151 77 6 1.10 1.14 3152
 657 4209 3151 77 3 1.10 1.14 3152
 657 4273 3151 77 6 1.10 1.14 3152
 657 4289 3151 77 13 1.10 1.14 3152
 657 4337 3196 69 18 1.10 -4.86 3197
 657 4369 3694 69 2 1.10 -4.86 3695
 657 4385 3694 69 2 1.10 -4.86 3695
 657 4401 3694 69 2 1.10 -4.86 3695
 657 4417 3694 69 2 1.10 -4.86 3695
 657 4433 3694 69 2 1.10 -4.86 3695
 657 4449 3694 69 2 1.10 -4.86 3695
 657 4465 3694 69 2 1.10 -4.86 3695
 657 4481 3694 69 2 1.10 -4.86 3695
 657 4497 3694 69 2 1.10 -4.86 3695
 657 4513 3694 69 2 1.10 -4.86 3695
 657 4529 3694 69 2 1.10 -4.86 3695
 657 4545 3694 69 2 1.10 -4.86 3695
 657 4593 3151 76 41 1300001.10 1300001.14 3152
 657 4577 3151 76 41 1300001.10 1300001.14 3152
 657 4561 3151 76 41 1300001.10 1300001.14 3152
 657 4753 3151 76 41 1300001.10 1300001.14 3152
 657 4737 3151 76 41 1300001.10 1300001.14 3152
 657 4721 3151 76 41 1300001.10 1300001.14 3152
 657 4705 3151 76 41 1300001.10 1300001.14 3152
 657 4689 3151 76 41 1300001.10 1300001.14 3152
 657 4673 3151 76 41 1300001.10 1300001.14 3152
 657 4657 3151 76 41 1300001.10 1300001.14 3152
 657 4641 3151 76 41 1300001.10 1300001.14 3152
 657 4625 3151 76 41 1300001.10 1300001.14 3152
 657 4609 3151 76 41 1300001.10 1300001.14 3152
 657 4593 3694 69 2 1.10 -4.86 3695
 657 4577 3694 69 2 1.10 -4.86 3695
 657 4561 3694 69 2 1.10 -4.86 3695
 657 4753 3694 69 2 1.10 -4.86 3695
 657 4737 3694 69 2 1.10 -4.86 3695
 657 4721 3694 69 2 1.10 -4.86 3695
 657 4705 3694 69 2 1.10 -4.86 3695
 657 4689 3694 69 2 1.10 -4.86 3695
 657 4673 3694 69 2 1.10 -4.86 3695
 657 4657 3694 69 2 1.10 -4.86 3695
 657 4641 3694 69 2 1.10 -4.86 3695
 657 4625 3694 69 2 1.10 -4.86 3695
 657 4609 3694 69 2 1.10 -4.86 3695
 673 4353 3151 76 41 1300001.10 1300001.14 3152
 673 4369 3151 76 41 1300001.10 1300001.14 3152
 673 4385 3151 76 41 1300001.10 1300001.14 3152
 673 4401 3151 76 41 1300001.10 1300001.14 3152
 673 4417 3151 76 41 1300001.10 1300001.14 3152
 673 4433 3151 76 41 1300001.10 1300001.14 3152
 673 4449 3151 76 41 1300001.10 1300001.14 3152
 673 4465 3151 76 41 1300001.10 1300001.14 3152
 673 4481 3151 76 41 1300001.10 1300001.14 3152
 673 4497 3151 76 41 1300001.10 1300001.14 3152
 673 4513 3151 76 41 1300001.10 1300001.14 3152
 673 4529 3151 76 41 1300001.10 1300001.14 3152
 673 4545 3151 76 41 1300001.10 1300001.14 3152
 673 4305 3151 77 6 1.10 1.14 3152
 673 4321 3151 77 6 1.10 1.14 3152
 673 4289 3151 77 3 1.10 1.14 3152
 673 4593 3151 76 41 1300001.10 1300001.14 3152
 673 4577 3151 76 41 1300001.10 1300001.14 3152
 673 4561 3151 76 41 1300001.10 1300001.14 3152
 673 4753 3151 76 41 1300001.10 1300001.14 3152
 673 4737 3151 76 41 1300001.10 1300001.14 3152
 673 4721 3151 76 41 1300001.10 1300001.14 3152
 673 4705 3151 76 41 1300001.10 1300001.14 3152
 673 4689 3151 76 41 1300001.10 1300001.14 3152
 673 4673 3151 76 41 1300001.10 1300001.14 3152
 673 4657 3151 76 41 1300001.10 1300001.14 3152
 673 4641 3151 76 41 1300001.10 1300001.14 3152
 673 4625 3151 76 41 1300001.10 1300001.14 3152
 673 4609 3151 76 41 1300001.10 1300001.14 3152
 689 4353 3151 76 41 1300001.10 1300001.14 3152
 689 4369 3151 77 6 1.10 1.14 3152
 689 4385 3151 77 6 1.10 1.14 3152
 689 4401 3151 77 6 1.10 1.14 3152
 689 4417 3151 77 6 1.10 1.14 3152
 689 4433 3151 77 13 1.10 1.14 3152
 689 4449 3151 77 5 1.10 1.14 3152
 689 4465 3151 77 5 1.10 1.14 3152
 689 4481 3151 77 5 1.10 1.14 3152
 689 4497 3151 77 5 1.10 1.14 3152
 689 4513 3151 77 5 1.10 1.14 3152
 689 4529 3151 77 5 1.10 1.14 3152
 689 4545 3151 77 5 1.10 1.14 3152
 689 4337 3192 70 19 1.10 -5.86 3193 1
 689 4593 3151 77 5 1.10 1.14 3152
 689 4577 3151 77 5 1.10 1.14 3152
 689 4561 3151 77 5 1.10 1.14 3152
 689 4657 3151 77 5 1.10 1.14 3152
 689 4641 3151 77 5 1.10 1.14 3152
 689 4625 3151 77 5 1.10 1.14 3152
 689 4609 3151 77 5 1.10 1.14 3152
 689 4673 3195 77 31 1.10 1.14 3196
 705 4433 3151 77 3 1.10 1.14 3152
 705 4449 3151 77 6 1.10 1.14 3152
 705 4465 3151 77 6 1.10 1.14 3152
 705 4481 3151 77 6 1.10 1.14 3152
 705 4497 3151 77 13 1.10 1.14 3152
 705 4513 3151 77 5 1.10 1.14 3152
 705 4529 3151 77 5 1.10 1.14 3152
 705 4545 3151 77 5 1.10 1.14 3152
 705 4337 3192 69 3 1.10 -4.86 3193
 705 4593 3151 77 5 1.10 1.14 3152
 705 4577 3151 77 5 1.10 1.14 3152
 705 4561 3151 77 5 1.10 1.14 3152
 705 4657 3151 77 5 1.10 1.14 3152
 705 4641 3151 77 5 1.10 1.14 3152
 705 4625 3151 77 5 1.10 1.14 3152
 705 4609 3151 77 5 1.10 1.14 3152
 721 4497 3151 77 3 1.10 1.14 3152
 721 4513 3151 77 6 1.10 1.14 3152
 721 4529 3151 77 6 1.10 1.14 3152
 721 4545 3151 77 6 1.10 1.14 3152
 721 4593 3151 77 13 1.10 1.14 3152
 721 4577 3151 77 6 1.10 1.14 3152
 721 4561 3151 77 6 1.10 1.14 3152
 721 4657 3151 77 5 1.10 1.14 3152
 721 4641 3151 77 5 1.10 1.14 3152
 721 4625 3151 77 5 1.10 1.14 3152
 721 4609 3151 77 5 1.10 1.14 3152
 737 4593 3151 77 3 1.10 1.14 3152
 737 4657 3151 77 13 1.10 1.14 3152
 737 4641 3151 77 6 1.10 1.14 3152
 737 4625 3151 77 6 1.10 1.14 3152
 737 4609 3151 77 6 1.10 1.14 3152
 753 4657 3151 77 2 1.10 1.14 3152
 769 4657 3151 77 2 1.10 1.14 3152
 785 4689 3151 77 5 1.10 1.14 3152
 785 4673 3151 77 5 1.10 1.14 3152
 785 4657 3151 77 2 1.10 1.14 3152
 785 4705 3693 77 30 1.10 1.14 3694
 801 4689 3151 77 5 1.10 1.14 3152
 801 4673 3151 77 5 1.10 1.14 3152
 801 4657 3151 77 2 1.10 1.14 3152
 817 4689 3151 77 5 1.10 1.14 3152
 817 4673 3151 77 13 1.10 1.14 3152
 817 4657 3151 77 3 1.10 1.14 3152
 833 4577 3194 62 1 1.10 1.14 3195
 833 4689 3151 77 5 1.10 1.14 3152
 833 4673 3151 77 2 1.10 1.14 3152
 833 4737 3151 96 27 -13.90 -13.86 3152
 849 4705 3693 77 30 1.10 1.14 3694
 849 4689 3151 77 5 1.10 1.14 3152
 849 4673 3151 77 2 1.10 1.14 3152
 849 4737 3151 96 27 -13.90 -13.86 3152
 865 4689 3151 77 5 1.10 1.14 3152
 865 4673 3151 77 2 1.10 1.14 3152
 865 4513 3151 80 3 -8.90 -8.86 3152
 865 4577 3151 80 1 -8.90 -8.86 3152
 865 4737 3151 96 27 -13.90 -13.86 3152
 881 4689 3151 77 5 1.10 1.14 3152
 881 4673 3151 77 2 1.10 1.14 3152
 881 4737 3151 96 27 -13.90 -13.86 3152
 897 4689 3151 77 5 1.10 1.14 3152
 897 4673 3151 77 2 1.10 1.14 3152
 897 4737 3151 96 27 -13.90 -13.86 3152
 913 4689 3151 77 5 1.10 1.14 3152
 913 4673 3151 77 2 1.10 1.14 3152
 913 4705 3693 77 30 1.10 1.14 3694
 913 4737 3151 96 27 -13.90 -13.86 3152
 929 4513 3645 68 1 1.10 11.14 3646
 929 4689 3151 77 5 1.10 1.14 3152
 929 4673 3151 77 2 1.10 1.14 3152
 929 4737 3151 96 27 -13.90 -13.86 3152
 945 4689 3151 77 5 1.10 1.14 3152
 945 4673 3151 77 2 1.10 1.14 3152
 945 4481 3151 96 1 -13.90 -13.86 3152
 945 4497 3151 96 1 -13.90 -13.86 3152
 945 4737 3151 96 27 -13.90 -13.86 3152
 945 4401 3151 96 1 -13.90 -13.86 3152
 945 4417 3151 96 1 -13.90 -13.86 3152
 945 4433 3151 96 1 -13.90 -13.86 3152
 945 4449 3151 96 1 -13.90 -13.86 3152
 945 4465 3151 96 1 -13.90 -13.86 3152
 961 4689 3151 77 5 1.10 1.14 3152
 961 4673 3151 77 2 1.10 1.14 3152
 961 4737 3151 96 27 -13.90 -13.86 3152
 977 4689 3151 77 5 1.10 1.14 3152
 977 4673 3151 77 2 1.10 1.14 3152
 977 4705 3693 77 30 1.10 1.14 3694
 977 4737 3151 96 27 -13.90 -13.86 3152
 993 4577 3195 68 2 1.10 11.14 3196
 993 4689 3151 77 5 1.10 1.14 3152
 993 4673 3151 77 2 1.10 1.14 3152
 993 4737 3151 96 27 -13.90 -13.86 3152
 1009 4689 3151 77 5 1.10 1.14 3152
 1009 4673 3151 77 2 1.10 1.14 3152
 1009 4737 3151 96 27 -13.90 -13.86 3152
 1025 4689 3151 77 5 1.10 1.14 3152
 1025 4673 3151 77 2 1.10 1.14 3152
 1025 4737 3151 96 27 -13.90 -13.86 3152
 1041 4753 3151 77 5 1.10 1.14 3152
 1041 4737 3151 77 5 1.10 1.14 3152
 1041 4721 3151 77 5 1.10 1.14 3152
 1041 4705 3151 77 5 1.10 1.14 3152
 1041 4689 3151 77 5 1.10 1.14 3152
 1041 4673 3151 77 2 1.10 1.14 3152
 1041 4737 3151 96 27 -13.90 -13.86 3152
 1057 4753 3151 77 5 1.10 1.14 3152
 1057 4737 3151 77 5 1.10 1.14 3152
 1057 4721 3151 77 5 1.10 1.14 3152
 1057 4705 3151 77 5 1.10 1.14 3152
 1057 4689 3151 77 5 1.10 1.14 3152
 1057 4673 3151 77 2 1.10 1.14 3152
 1057 4737 3151 96 27 -13.90 -13.86 3152
 1073 4753 3151 77 5 1.10 1.14 3152
 1073 4737 3151 77 5 1.10 1.14 3152
 1073 4721 3151 77 5 1.10 1.14 3152
 1073 4705 3151 77 5 1.10 1.14 3152
 1073 4673 3151 77 2 1.10 1.14 3152
 1073 4689 3151 77 5 1.10 1.14 3152
 1073 4737 3151 96 27 -13.90 -13.86 3152
 1089 4753 3151 77 5 1.10 1.14 3152
 1089 4737 3151 77 5 1.10 1.14 3152
 1089 4721 3151 77 5 1.10 1.14 3152
 1089 4705 3151 77 5 1.10 1.14 3152
 1089 4689 3151 77 5 1.10 1.14 3152
 1089 4673 3151 77 2 1.10 1.14 3152
 1089 4737 3151 96 27 -13.90 -13.86 3152
 1105 4657 3151 81 1 -999998.90 -18.86 3152
