 -10 268 691 0.42 1 1 1 1 1 2 2 301 0.42 1
-1
-1
-1
-1
-1
-1
-1
-1
-1
-1
-1
-1
-1
-1
-1
-1
-1
-1
-1
-1
-1
-1
y0
VoiD
 1 4737 3151 77 2 1.10 1.14 3152
 1 4753 3151 77 5 1.10 1.14 3152
 1 4705 3192 51 1 1.10 1.14 3193 1
 17 4737 3151 77 2 1.10 1.14 3152
 17 4753 3151 77 5 1.10 1.14 3152
 17 4673 3151 60 1 1.10 1.14 3152
 33 4737 3151 77 2 1.10 1.14 3152
 33 4753 3151 77 5 1.10 1.14 3152
 33 4673 3151 59 1 1.10 1.14 3152
 33 4721 3151 67 18 1.10 1.14 3152
 33 4673 3151 67 2 0.10 0.14 3152
 49 4737 3151 77 2 1.10 1.14 3152
 49 4753 3151 77 5 1.10 1.14 3152
 49 4673 3151 60 1 1.10 1.14 3152
 49 4673 3151 67 1 0.10 0.14 3152
 65 4721 3151 79 1 0.10 4.14 3152
 65 4753 3151 77 5 1.10 1.14 3152
 65 4721 3151 77 16 1.10 1.14 3152
 65 4737 3151 77 18 1.10 1.14 3152
 81 4753 3151 77 5 1.10 1.14 3152
 81 4737 3151 77 5 1.10 1.14 3152
 81 4721 3151 77 17 1.10 1.14 3152
 97 4753 3151 77 5 1.10 1.14 3152
 97 4737 3151 77 5 1.10 1.14 3152
 97 4721 3151 77 18 1.10 1.14 3152
 97 4705 3151 77 16 1.10 1.14 3152
 113 4753 3151 77 5 1.10 1.14 3152
 113 4737 3151 77 5 1.10 1.14 3152
 113 4721 3151 77 5 1.10 1.14 3152
 113 4705 3151 77 17 1.10 1.14 3152
 113 4673 3192 53 5 1.10 -5.86 3193
 129 4753 3151 77 5 1.10 1.14 3152
 129 4737 3151 77 5 1.10 1.14 3152
 129 4721 3151 77 5 1.10 1.14 3152
 129 4689 3151 77 1 1.10 1.14 3152
 129 4705 3151 77 12 1.10 1.14 3152
 145 4753 3151 77 5 1.10 1.14 3152
 145 4737 3151 77 5 1.10 1.14 3152
 145 4721 3151 77 5 1.10 1.14 3152
 145 4705 3151 77 5 1.10 1.14 3152
 145 4689 3151 77 2 1.10 1.14 3152
 145 4673 3151 67 23 1.10 1.14 3152
 161 4737 3151 77 5 1.10 1.14 3152
 161 4705 3151 77 5 1.10 1.14 3152
 161 4721 3151 77 5 1.10 1.14 3152
 161 4689 3151 77 2 1.10 1.14 3152
 161 4753 3151 77 5 1.10 1.14 3152
 177 4737 3151 77 5 1.10 1.14 3152
 177 4721 3151 77 5 1.10 1.14 3152
 177 4689 3151 77 20 1.10 1.14 3152
 177 4705 3151 77 5 1.10 1.14 3152
 177 4753 3151 77 5 1.10 1.14 3152
 193 4737 3151 77 5 1.10 1.14 3152
 193 4721 3151 77 5 1.10 1.14 3152
 193 4705 3151 77 19 1.10 1.14 3152
 193 4689 3151 77 21 1.10 1.14 3152
 193 4753 3151 77 5 1.10 1.14 3152
 209 4753 3151 77 5 1.10 1.14 3152
 209 4737 3151 77 5 1.10 1.14 3152
 209 4721 3151 77 5 1.10 1.14 3152
 209 4705 3151 77 2 1.10 1.14 3152
 209 4689 3151 67 18 1.10 1.14 3152
 225 4753 3151 77 5 1.10 1.14 3152
 225 4737 3151 77 5 1.10 1.14 3152
 225 4721 3151 77 5 1.10 1.14 3152
 225 4705 3151 77 2 1.10 1.14 3152
 241 4753 3151 77 5 1.10 1.14 3152
 241 4737 3151 77 5 1.10 1.14 3152
 241 4721 3151 77 5 1.10 1.14 3152
 241 4705 3151 77 12 1.10 1.14 3152
 241 4689 3151 77 14 1.10 1.14 3152
 257 4753 3151 77 5 1.10 1.14 3152
 257 4737 3151 77 5 1.10 1.14 3152
 257 4721 3151 77 5 1.10 1.14 3152
 257 4705 3151 77 5 1.10 1.14 3152
 257 4689 3151 77 12 1.10 1.14 3152
 257 4673 3151 77 14 1.10 1.14 3152
 273 4753 3151 77 5 1.10 1.14 3152
 273 4753 3151 96 1 -13.90 -13.86 3152
 273 4737 3151 77 5 1.10 1.14 3152
 273 4737 3151 96 1 -13.90 -13.86 3152
 273 4721 3151 77 5 1.10 1.14 3152
 273 4721 3151 96 1 -13.90 -13.86 3152
 273 4705 3151 77 5 1.10 1.14 3152
 273 4705 3151 96 1 -13.90 -13.86 3152
 273 4689 3151 77 5 1.10 1.14 3152
 273 4689 3151 96 1 -13.90 -13.86 3152
 273 4673 3151 77 2 1.10 1.14 3152
 273 4673 3151 96 1 -13.90 -13.86 3152
 273 4657 3151 67 18 1.10 1.14 3152
 273 4625 3151 67 1 1.10 1.14 3152
 289 4753 3151 4 2 1400001.10 1400001.14 3152
 289 4737 3151 4 2 1400001.10 1400001.14 3152
 289 4721 3151 4 2 1400001.10 1400001.14 3152
 289 4705 3151 4 2 1400001.10 1400001.14 3152
 289 4689 3151 4 2 1400001.10 1400001.14 3152
 289 4673 3151 4 1 1400001.10 1400001.14 3152
 289 4609 3151 67 1 1.10 1.14 3152
 289 4753 3694 4 19 1.10 -5.86 3695
 305 4753 3151 4 2 1400001.10 1400001.14 3152
 305 4737 3151 4 2 1400001.10 1400001.14 3152
 305 4721 3151 4 2 1400001.10 1400001.14 3152
 305 4705 3151 4 2 1400001.10 1400001.14 3152
 305 4689 3151 4 2 1400001.10 1400001.14 3152
 305 4673 3151 4 1 1400001.10 1400001.14 3152
 305 4609 3151 67 1 1.10 1.14 3152
 321 4753 3151 4 2 1400001.10 1400001.14 3152
 321 4737 3151 4 2 1400001.10 1400001.14 3152
 321 4737 3151 4 7 1.10 -5.86 3152
 321 4721 3151 4 2 1400001.10 1400001.14 3152
 321 4705 3151 4 2 1400001.10 1400001.14 3152
 321 4705 3151 4 7 1.10 -5.86 3152
 321 4689 3151 4 2 1400001.10 1400001.14 3152
 321 4673 3151 4 1 1400001.10 1400001.14 3152
 321 4609 3151 67 1 1.10 1.14 3152
 321 4753 3694 4 19 1.10 -5.86 3695
 337 4753 3151 4 2 1400001.10 1400001.14 3152
 337 4737 3151 4 2 1400001.10 1400001.14 3152
 337 4721 3151 4 2 1400001.10 1400001.14 3152
 337 4705 3151 4 2 1400001.10 1400001.14 3152
 337 4689 3151 4 2 1400001.10 1400001.14 3152
 337 4673 3151 4 1 1400001.10 1400001.14 3152
 337 4609 3151 67 1 1.10 1.14 3152
 353 4753 3151 77 5 1.10 1.14 3152
 353 4753 3151 96 1 -13.90 -13.86 3152
 353 4737 3151 77 5 1.10 1.14 3152
 353 4737 3151 96 1 -13.90 -13.86 3152
 353 4721 3151 77 5 1.10 1.14 3152
 353 4721 3151 96 1 -13.90 -13.86 3152
 353 4705 3151 77 5 1.10 1.14 3152
 353 4705 3151 96 1 -13.90 -13.86 3152
 353 4689 3151 77 5 1.10 1.14 3152
 353 4689 3151 96 1 -13.90 -13.86 3152
 353 4673 3151 77 5 1.10 1.14 3152
 353 4673 3151 96 1 -13.90 -13.86 3152
 353 4657 3151 77 1 1.10 1.14 3152
 353 4625 3151 67 1 1.10 1.14 3152
 369 4753 3151 77 5 1.10 1.14 3152
 369 4737 3151 77 5 1.10 1.14 3152
 369 4657 3151 77 2 1.10 1.14 3152
 369 4673 3693 77 30 1.10 1.14 3694
 385 4753 3151 77 5 1.10 1.14 3152
 385 4737 3151 77 5 1.10 1.14 3152
 385 4657 3151 77 2 1.10 1.14 3152
 401 4753 3151 77 5 1.10 1.14 3152
 401 4737 3151 77 5 1.10 1.14 3152
 401 4657 3151 77 2 1.10 1.14 3152
 417 4753 3151 77 5 1.10 1.14 3152
 417 4737 3151 77 5 1.10 1.14 3152
 417 4657 3151 77 2 1.10 1.14 3152
 433 4753 3151 77 5 1.10 1.14 3152
 433 4753 3151 96 1 -13.90 -13.86 3152
 433 4737 3151 77 5 1.10 1.14 3152
 433 4737 3151 96 1 -13.90 -13.86 3152
 433 4721 3151 77 5 1.10 1.14 3152
 433 4721 3151 96 1 -13.90 -13.86 3152
 433 4705 3151 77 5 1.10 1.14 3152
 433 4705 3151 96 1 -13.90 -13.86 3152
 433 4689 3151 77 5 1.10 1.14 3152
 433 4689 3151 96 1 -13.90 -13.86 3152
 433 4673 3151 77 6 1.10 1.14 3152
 433 4657 3151 77 3 1.10 1.14 3152
 497 4753 3151 77 5 1.10 1.14 3152
 497 4753 3151 96 1 -13.90 -13.86 3152
 497 4737 3151 77 5 1.10 1.14 3152
 497 4737 3151 96 1 -13.90 -13.86 3152
 497 4721 3151 77 5 1.10 1.14 3152
 497 4721 3151 96 1 -13.90 -13.86 3152
 497 4705 3151 77 5 1.10 1.14 3152
 497 4705 3151 96 1 -13.90 -13.86 3152
 497 4689 3151 77 5 1.10 1.14 3152
 497 4689 3151 96 1 -13.90 -13.86 3152
 497 4673 3151 77 4 1.10 1.14 3152
 497 4657 3151 77 1 1.10 1.14 3152
 497 4449 3151 84 1 6.10 6.14 3152
 513 4705 3693 77 30 1.10 1.14 3694
 513 4689 3151 77 5 1.10 1.14 3152
 513 4673 3151 77 5 1.10 1.14 3152
 513 4657 3151 77 2 1.10 1.14 3152
 513 4625 3192 53 6 1.10 -5.86 3193
 513 4449 3151 84 1 6.10 6.14 3152
 529 4689 3151 77 5 1.10 1.14 3152
 529 4673 3151 77 5 1.10 1.14 3152
 529 4657 3151 77 2 1.10 1.14 3152
 529 4449 3151 84 1 6.10 6.14 3152
 545 4689 3151 77 5 1.10 1.14 3152
 545 4673 3151 77 19 1.10 1.14 3152
 545 4657 3151 77 3 1.10 1.14 3152
 545 4449 3151 84 1 6.10 6.14 3152
 545 4593 3151 59 20 1.10 1.14 3152
 545 4593 3151 65 1 0.10 0.14 3152
 545 4385 3151 58 1 1.10 -4.86 3152
 561 4689 3151 77 5 1.10 1.14 3152
 561 4673 3151 77 20 1.10 1.14 3152
 561 4449 3151 84 1 6.10 6.14 3152
 577 4753 3151 77 5 1.10 1.14 3152
 577 4737 3151 77 5 1.10 1.14 3152
 577 4721 3151 77 5 1.10 1.14 3152
 577 4705 3151 77 5 1.10 1.14 3152
 577 4689 3151 77 19 1.10 1.14 3152
 577 4449 3151 84 1 6.10 6.14 3152
 577 4673 3151 77 21 1.10 1.14 3152
 593 4753 3151 77 5 1.10 1.14 3152
 593 4737 3151 77 5 1.10 1.14 3152
 593 4721 3151 77 5 1.10 1.14 3152
 593 4705 3151 77 5 1.10 1.14 3152
 593 4449 3151 84 1 6.10 6.14 3152
 593 4689 3151 77 20 1.10 1.14 3152
 593 4417 3192 90 1 1.10 1.14 3193 Come hai fatto ad arrivare quassù?
 609 4753 3151 77 5 1.10 1.14 3152
 609 4737 3151 77 5 1.10 1.14 3152
 609 4721 3151 77 5 1.10 1.14 3152
 609 4449 3151 84 1 6.10 6.14 3152
 609 4705 3151 77 13 1.10 1.14 3152
 609 4689 3151 77 21 1.10 1.14 3152
 625 4753 3151 77 5 1.10 1.14 3152
 625 4737 3151 77 5 1.10 1.14 3152
 625 4721 3151 77 5 1.10 1.14 3152
 625 4705 3151 77 2 1.10 1.14 3152
 641 4753 3151 63 24 1.10 1.14 3152
 641 4737 3151 63 24 1.10 1.14 3152
 641 4721 3151 63 24 1.10 1.14 3152
 641 4705 3151 63 23 1.10 1.14 3152
 657 4753 3151 63 24 1.10 1.14 3152
 657 4737 3151 63 24 1.10 1.14 3152
 657 4721 3151 63 24 1.10 1.14 3152
 657 4705 3151 63 23 1.10 1.14 3152
 673 4753 3151 63 24 1.10 1.14 3152
 673 4737 3151 63 24 1.10 1.14 3152
 673 4721 3151 63 24 1.10 1.14 3152
 673 4705 3151 63 23 1.10 1.14 3152
 689 4753 3151 77 5 1.10 1.14 3152
 689 4737 3151 77 5 1.10 1.14 3152
 689 4721 3151 77 5 1.10 1.14 3152
 689 4705 3151 77 2 1.10 1.14 3152
 705 4753 3151 77 6 1.10 1.14 3152
 705 4737 3151 77 6 1.10 1.14 3152
 705 4721 3151 77 6 1.10 1.14 3152
 705 4705 3151 77 3 1.10 1.14 3152
 737 4689 3194 62 2 1.10 1.14 3195
 833 4657 3194 62 2 1.10 1.14 3195
 913 4625 3194 62 2 1.10 1.14 3195
 993 4609 3194 62 2 1.10 1.14 3195
 1137 4689 3151 77 1 1.10 1.14 3152
 1137 4705 3151 77 4 1.10 1.14 3152
 1137 4721 3151 77 4 1.10 1.14 3152
 1137 4737 3151 77 4 1.10 1.14 3152
 1137 4753 3151 77 4 1.10 1.14 3152
 1153 4689 3151 77 2 1.10 1.14 3152
 1153 4705 3693 77 30 1.10 1.14 3694
 1169 4689 3151 77 2 1.10 1.14 3152
 1185 4673 3151 77 14 1.10 1.14 3152
 1185 4689 3151 77 12 1.10 1.14 3152
 1201 4657 3151 77 14 1.10 1.14 3152
 1201 4673 3151 77 12 1.10 1.14 3152
 1201 4689 3151 77 5 1.10 1.14 3152
 1217 4609 3151 79 30 0.10 4.14 3152
 1217 4657 3151 77 2 1.10 1.14 3152
 1217 4673 3195 77 31 1.10 1.14 3196
 1233 4641 3151 79 36 0.10 4.14 3152
 1233 4657 3151 79 36 0.10 4.14 3152
 1233 4609 3151 79 31 0.10 4.14 3152
 1233 4625 3151 79 36 0.10 4.14 3152
 1233 4657 3151 77 2 1.10 1.14 3152
 1249 4609 3151 79 32 0.10 4.14 3152
 1249 4657 3151 77 2 1.10 1.14 3152
 1265 4657 3151 77 2 1.10 1.14 3152
 1281 4641 3151 77 16 1.10 1.14 3152
 1281 4657 3151 77 18 1.10 1.14 3152
 1297 4657 3151 77 5 1.10 1.14 3152
 1297 4641 3151 77 17 1.10 1.14 3152
 1313 4673 3195 77 31 1.10 1.14 3196
 1313 4641 3151 78 16 1100001.10 1100001.14 3152
 1313 4625 3151 79 1 0.10 4.14 3152
 1313 4657 3151 77 5 1.10 1.14 3152
 1313 4641 3151 77 2 1.10 1.14 3152
 1329 4657 3151 77 5 1.10 1.14 3152
 1329 4641 3151 77 3 1.10 1.14 3152
 1345 4641 3151 4 1 1400001.10 1400001.14 3152
 1345 4657 3151 4 2 1400001.10 1400001.14 3152
 1361 4641 3151 4 1 1400001.10 1400001.14 3152
 1361 4657 3151 4 2 1400001.10 1400001.14 3152
 1377 4641 3151 4 1 1400001.10 1400001.14 3152
 1377 4657 3151 4 2 1400001.10 1400001.14 3152
 1393 4641 3151 4 1 1400001.10 1400001.14 3152
 1393 4657 3151 4 2 1400001.10 1400001.14 3152
 1409 4753 3151 77 5 1.10 1.14 3152
 1409 4641 3151 77 1 1.10 1.14 3152
 1409 4657 3151 77 5 1.10 1.14 3152
 1409 4673 3151 77 5 1.10 1.14 3152
 1409 4689 3151 77 5 1.10 1.14 3152
 1409 4705 3151 77 5 1.10 1.14 3152
 1409 4721 3151 77 5 1.10 1.14 3152
 1409 4737 3151 77 5 1.10 1.14 3152
 1425 4753 3151 77 5 1.10 1.14 3152
 1425 4641 3151 77 2 1.10 1.14 3152
 1425 4689 3151 77 5 1.10 1.14 3152
 1425 4673 3151 77 5 1.10 1.14 3152
 1425 4657 3151 77 5 1.10 1.14 3152
 1425 4737 3151 77 5 1.10 1.14 3152
 1425 4721 3151 77 5 1.10 1.14 3152
 1425 4705 3151 77 5 1.10 1.14 3152
 1441 4673 3195 77 31 1.10 1.14 3196
 1441 4641 3151 77 2 1.10 1.14 3152
 1441 4657 3151 77 5 1.10 1.14 3152
 1457 4641 3151 77 2 1.10 1.14 3152
 1457 4657 3151 77 5 1.10 1.14 3152
 1473 4641 3151 77 2 1.10 1.14 3152
 1473 4657 3151 77 5 1.10 1.14 3152
 1489 4545 3195 68 2 1.10 11.14 3196
 1489 4641 3151 77 2 1.10 1.14 3152
 1489 4657 3151 77 5 1.10 1.14 3152
 1505 4641 3151 77 2 1.10 1.14 3152
 1505 4657 3151 77 5 1.10 1.14 3152
 1521 4641 3151 77 2 1.10 1.14 3152
 1521 4657 3151 77 5 1.10 1.14 3152
 1537 4673 3195 77 31 1.10 1.14 3196
 1537 4641 3151 77 2 1.10 1.14 3152
 1537 4657 3151 77 5 1.10 1.14 3152
 1553 4641 3151 77 2 1.10 1.14 3152
 1553 4657 3151 77 5 1.10 1.14 3152
 1569 4641 3151 77 2 1.10 1.14 3152
 1569 4657 3151 77 5 1.10 1.14 3152
 1585 4641 3151 77 2 1.10 1.14 3152
 1585 4657 3151 77 5 1.10 1.14 3152
 1601 4641 3151 77 2 1.10 1.14 3152
 1601 4657 3151 77 5 1.10 1.14 3152
 1617 4641 3151 77 2 1.10 1.14 3152
 1617 4657 3151 77 5 1.10 1.14 3152
