 -10 1260 3496 3496.42 1 2 1 2 1 2 2 301 1370.42 1
ForestTiles.png
signs_10.png
-1
-1
-1
-1
-1
-1
-1
-1
-1
-1
-1
-1
-1
-1
-1
-1
-1
-1
-1
Action.mp3
n8388608
VoiD
 1 4673 3151 95 1 1300001.10 1300001.14 3152 1 1
 1 4673 3151 96 12 -13.90 -13.86 3152
 17 4673 3151 95 1 1300001.10 1300001.14 3152 33 1
 17 4673 3151 96 2 -13.90 -13.86 3152
 33 4753 3151 95 1 1300001.10 1300001.14 3152 65 17
 33 4737 3151 95 1 1300001.10 1300001.14 3152 65 17
 33 4721 3151 95 1 1300001.10 1300001.14 3152 65 17
 33 4705 3151 95 1 1300001.10 1300001.14 3152 65 17
 33 4689 3151 95 1 1300001.10 1300001.14 3152 65 17
 33 4673 3151 95 1 1300001.10 1300001.14 3152 33 1
 33 4641 3192 51 1 1.10 1.14 3193 1
 33 4673 3151 96 2 -13.90 -13.86 3152
 49 4673 3151 95 1 1300001.10 1300001.14 3152 33 1
 49 4673 3151 96 2 -13.90 -13.86 3152
 65 4673 3151 95 1 1300001.10 1300001.14 3152 65 1
 65 4673 3151 96 13 -13.90 -13.86 3152
 81 4625 3151 67 1 1.10 1.14 3152
 97 4673 3151 76 7 1300001.10 1300001.14 3152
 97 4657 3151 76 4 1300001.10 1300001.14 3152
 97 4641 3151 76 4 1300001.10 1300001.14 3152
 97 4625 3151 76 4 1300001.10 1300001.14 3152
 97 4609 3151 76 1 1300001.10 1300001.14 3152
 113 4657 3151 4 2 1400001.10 1400001.14 3152
 113 4641 3151 4 2 1400001.10 1400001.14 3152
 113 4625 3151 4 2 1400001.10 1400001.14 3152
 113 4609 3151 4 1 1400001.10 1400001.14 3152
 113 4673 3151 76 8 1300001.10 1300001.14 3152
 129 4657 3151 4 2 1400001.10 1400001.14 3152
 129 4641 3151 4 2 1400001.10 1400001.14 3152
 129 4625 3151 4 2 1400001.10 1400001.14 3152
 129 4609 3151 4 1 1400001.10 1400001.14 3152
 129 4673 3151 76 8 1300001.10 1300001.14 3152
 145 4657 3151 4 2 1400001.10 1400001.14 3152
 145 4641 3151 4 2 1400001.10 1400001.14 3152
 145 4625 3151 4 2 1400001.10 1400001.14 3152
 145 4609 3151 4 1 1400001.10 1400001.14 3152
 145 4673 3151 76 8 1300001.10 1300001.14 3152
 161 4657 3151 4 2 1400001.10 1400001.14 3152
 161 4641 3151 4 2 1400001.10 1400001.14 3152
 161 4625 3151 4 2 1400001.10 1400001.14 3152
 161 4609 3151 4 1 1400001.10 1400001.14 3152
 161 4673 3151 76 8 1300001.10 1300001.14 3152
 177 4673 3151 76 9 1300001.10 1300001.14 3152
 177 4657 3151 76 6 1300001.10 1300001.14 3152
 177 4641 3151 76 6 1300001.10 1300001.14 3152
 177 4625 3151 76 6 1300001.10 1300001.14 3152
 177 4609 3151 76 3 1300001.10 1300001.14 3152
 193 4577 3151 67 1 1.10 1.14 3152
 209 4577 3151 67 1 1.10 1.14 3152
 225 4593 3151 4 2 1400001.10 1400001.14 3152
 225 4577 3151 4 1 1400001.10 1400001.14 3152
 241 4593 3151 4 2 1400001.10 1400001.14 3152
 241 4577 3151 4 1 1400001.10 1400001.14 3152
 241 4545 3151 67 1 1.10 1.14 3152
 257 4529 3151 67 1 1.10 1.14 3152
 273 4529 3151 67 1 1.10 1.14 3152
 289 4545 3151 67 1 1.10 1.14 3152
 305 4577 3151 4 2 1400001.10 1400001.14 3152
 305 4561 3151 4 1 1400001.10 1400001.14 3152
 321 4577 3151 4 2 1400001.10 1400001.14 3152
 321 4561 3151 4 1 1400001.10 1400001.14 3152
 353 4545 3151 67 1 1.10 1.14 3152
 369 4609 3151 4 1 1400001.10 1400001.14 3152
 369 4625 3151 4 2 1400001.10 1400001.14 3152
 369 4561 3151 67 1 1.10 1.14 3152
 369 4577 3151 67 1 1.10 1.14 3152
 385 4609 3151 4 1 1400001.10 1400001.14 3152
 385 4625 3151 4 2 1400001.10 1400001.14 3152
 417 4625 3151 67 1 1.10 1.14 3152
 449 4641 3151 67 1 1.10 1.14 3152
 481 4753 3151 4 2 1400001.10 1400001.14 3152
 481 4737 3151 4 1 1400001.10 1400001.14 3152
 481 4705 3151 67 1 1.10 1.14 3152
 481 4673 3151 67 1 1.10 1.14 3152
 497 4753 3151 4 2 1400001.10 1400001.14 3152
 497 4737 3151 4 1 1400001.10 1400001.14 3152
 513 4721 3151 67 1 1.10 1.14 3152
 529 4705 3151 4 2 1400001.10 1400001.14 3152
 529 4689 3151 4 1 1400001.10 1400001.14 3152
 545 4705 3151 4 2 1400001.10 1400001.14 3152
 545 4689 3151 4 1 1400001.10 1400001.14 3152
 561 4673 3151 67 1 1.10 1.14 3152
 577 4657 3151 4 2 1400001.10 1400001.14 3152
 577 4641 3151 4 1 1400001.10 1400001.14 3152
 593 4657 3151 4 2 1400001.10 1400001.14 3152
 593 4641 3151 4 1 1400001.10 1400001.14 3152
 609 4625 3151 67 1 1.10 1.14 3152
 625 4609 3151 4 2 1400001.10 1400001.14 3152
 625 4593 3151 4 1 1400001.10 1400001.14 3152
 641 4609 3151 4 2 1400001.10 1400001.14 3152
 641 4593 3151 4 1 1400001.10 1400001.14 3152
 657 4577 3151 67 1 1.10 1.14 3152
 673 4449 3151 4 1 1400001.10 1400001.14 3152
 673 4465 3151 4 2 1400001.10 1400001.14 3152
 673 4481 3151 4 2 1400001.10 1400001.14 3152
 673 4497 3151 4 2 1400001.10 1400001.14 3152
 673 4513 3151 4 2 1400001.10 1400001.14 3152
 673 4529 3151 4 2 1400001.10 1400001.14 3152
 673 4545 3151 4 2 1400001.10 1400001.14 3152
 673 4561 3151 4 2 1400001.10 1400001.14 3152
 673 4497 3694 4 19 1.10 -5.86 3695
 673 4513 3694 4 19 1.10 -5.86 3695
 673 4529 3694 4 19 1.10 -5.86 3695
 673 4545 3694 4 19 1.10 -5.86 3695
 673 4561 3694 4 19 1.10 -5.86 3695
 689 4449 3151 4 1 1400001.10 1400001.14 3152
 689 4465 3151 4 2 1400001.10 1400001.14 3152
 689 4481 3151 4 2 1400001.10 1400001.14 3152
 689 4497 3151 4 2 1400001.10 1400001.14 3152
 689 4513 3151 4 2 1400001.10 1400001.14 3152
 689 4529 3151 4 2 1400001.10 1400001.14 3152
 689 4545 3151 4 2 1400001.10 1400001.14 3152
 689 4561 3151 4 2 1400001.10 1400001.14 3152
 705 4449 3151 4 1 1400001.10 1400001.14 3152
 705 4465 3151 4 2 1400001.10 1400001.14 3152
 721 4449 3151 4 1 1400001.10 1400001.14 3152
 721 4465 3151 4 2 1400001.10 1400001.14 3152
 753 4433 3151 67 1 1.10 1.14 3152
 769 4753 3151 95 2 1300001.10 1300001.14 3152 49 17
 769 4737 3151 95 2 1300001.10 1300001.14 3152 49 17
 769 4721 3151 95 2 1300001.10 1300001.14 3152 1 33
 769 4417 3151 67 1 1.10 1.14 3152
 801 4433 3151 67 1 1.10 1.14 3152
 833 4673 3151 4 2 1400001.10 1400001.14 3152
 833 4657 3151 4 1 1400001.10 1400001.14 3152
 833 4465 3151 67 1 1.10 1.14 3152
 849 4673 3151 4 2 1400001.10 1400001.14 3152
 849 4657 3151 4 1 1400001.10 1400001.14 3152
 865 4497 3151 67 1 1.10 1.14 3152
 881 4657 3151 67 1 1.10 1.14 3152
 897 4529 3151 67 1 1.10 1.14 3152
 897 4657 3151 67 1 1.10 1.14 3152
 913 4753 3151 76 4 1300001.10 1300001.14 3152
 913 4737 3151 76 4 1300001.10 1300001.14 3152
 913 4721 3151 76 1 1300001.10 1300001.14 3152
 913 4673 3151 67 1 1.10 1.14 3152
 913 4577 3151 67 1 1.10 1.14 3152
 929 4737 3151 4 2 1400001.10 1400001.14 3152
 929 4721 3151 4 1 1400001.10 1400001.14 3152
 929 4753 3151 76 5 1300001.10 1300001.14 3152
 929 4625 3151 67 1 1.10 1.14 3152
 945 4737 3151 4 2 1400001.10 1400001.14 3152
 945 4721 3151 4 1 1400001.10 1400001.14 3152
 945 4753 3151 76 5 1300001.10 1300001.14 3152
 961 4737 3151 4 2 1400001.10 1400001.14 3152
 961 4721 3151 4 1 1400001.10 1400001.14 3152
 961 4753 3151 76 5 1300001.10 1300001.14 3152
 977 4737 3151 4 2 1400001.10 1400001.14 3152
 977 4721 3151 4 1 1400001.10 1400001.14 3152
 977 4753 3151 76 5 1300001.10 1300001.14 3152
 993 4753 3151 76 5 1300001.10 1300001.14 3152
 993 4737 3151 76 5 1300001.10 1300001.14 3152
 993 4721 3151 76 2 1300001.10 1300001.14 3152
 993 4689 3192 51 1 1.10 1.14 3193 2
 1009 4753 3151 76 5 1300001.10 1300001.14 3152
 1009 4737 3151 76 5 1300001.10 1300001.14 3152
 1009 4721 3151 76 2 1300001.10 1300001.14 3152
 1009 4689 3192 52 1 1.10 1.14 3193
 1025 4753 3151 76 5 1300001.10 1300001.14 3152
 1025 4737 3151 76 5 1300001.10 1300001.14 3152
 1025 4721 3151 76 2 1300001.10 1300001.14 3152
 1041 4753 3151 76 6 1300001.10 1300001.14 3152
 1041 4737 3151 76 6 1300001.10 1300001.14 3152
 1041 4721 3151 76 3 1300001.10 1300001.14 3152
 1041 4689 3151 67 1 1.10 1.14 3152
 1057 4673 3151 67 1 1.10 1.14 3152
 1073 4657 3151 67 1 1.10 1.14 3152
 1089 4657 3151 67 1 1.10 1.14 3152
 1121 4673 3151 65 1 1400001.10 10.14 3152
 1121 4657 3151 65 1 1400001.10 10.14 3152
 1121 4641 3151 65 1 1400001.10 10.14 3152
 1153 4609 3151 67 1 1.10 1.14 3152
 1169 4593 3151 67 1 1.10 1.14 3152
 1185 4577 3151 67 1 1.10 1.14 3152
 1201 4385 3151 65 1 1400001.10 10.14 3152
 1201 4401 3151 65 1 1400001.10 10.14 3152
 1201 4417 3151 65 1 1400001.10 10.14 3152
 1201 4433 3151 65 1 1400001.10 10.14 3152
 1201 4449 3151 65 1 1400001.10 10.14 3152
 1201 4465 3151 65 1 1400001.10 10.14 3152
 1201 4481 3151 65 1 1400001.10 10.14 3152
 1201 4577 3151 67 1 1.10 1.14 3152
 1217 4593 3151 67 1 1.10 1.14 3152
 1217 4369 3151 67 1 1.10 1.14 3152
 1217 4465 3151 67 1 1.10 1.14 3152
 1233 4609 3151 65 1 1400001.10 10.14 3152
 1233 4593 3151 65 1 1400001.10 10.14 3152
 1233 4577 3151 65 1 1400001.10 10.14 3152
 1233 4561 3151 65 1 1400001.10 10.14 3152
 1233 4545 3151 65 1 1400001.10 10.14 3152
 1233 4529 3151 65 1 1400001.10 10.14 3152
 1233 4513 3151 65 1 1400001.10 10.14 3152
 1233 4481 3151 65 1 1400001.10 10.14 3152
 1233 4497 3151 65 1 1400001.10 10.14 3152
 1233 4369 3151 67 1 1.10 1.14 3152
 1249 4353 3151 65 1 1400001.10 10.14 3152
 1249 4369 3151 65 1 1400001.10 10.14 3152
 1249 4385 3151 65 1 1400001.10 10.14 3152
 1281 4337 3151 67 1 1.10 1.14 3152
 1313 4337 3151 67 1 1.10 1.14 3152
 1329 4353 3151 67 1 1.10 1.14 3152
 1345 4385 3151 67 1 1.10 1.14 3152
 1361 4417 3151 67 1 1.10 1.14 3152
 1393 4449 3151 67 1 1.10 1.14 3152
 1425 4481 3151 67 1 1.10 1.14 3152
 1457 4529 3151 67 1 1.10 1.14 3152
 1457 4753 3151 61 1 1.10 1.14 3152
 1473 4753 3151 61 1 1.10 1.14 3152
 1489 4753 3151 61 1 1.10 1.14 3152
 1505 4753 3151 61 1 1.10 1.14 3152
 1505 4577 3151 67 1 1.10 1.14 3152
 1537 4625 3151 67 1 1.10 1.14 3152
 1553 4753 3151 61 1 1.10 1.14 3152
 1569 4753 3151 61 1 1.10 1.14 3152
 1585 4753 3151 61 1 1.10 1.14 3152
 1585 4673 3151 67 1 1.10 1.14 3152
 1601 4753 3151 61 1 1.10 1.14 3152
 1617 4753 3151 61 1 1.10 1.14 3152
 1617 4705 3151 67 1 1.10 1.14 3152
 1633 4753 3151 61 1 1.10 1.14 3152
 1649 4753 3151 61 1 1.10 1.14 3152
 1665 4753 3151 61 1 1.10 1.14 3152
 1681 4753 3151 60 2 1.10 1.14 3152
 1681 4737 3151 61 10 1.10 1.14 3152
 1697 4369 3151 60 2 1.10 1.14 3152
 1697 4385 3151 60 2 1.10 1.14 3152
 1697 4401 3151 60 2 1.10 1.14 3152
 1697 4417 3151 60 2 1.10 1.14 3152
 1697 4433 3151 60 2 1.10 1.14 3152
 1697 4449 3151 60 2 1.10 1.14 3152
 1697 4465 3151 60 2 1.10 1.14 3152
 1697 4481 3151 60 2 1.10 1.14 3152
 1697 4497 3151 60 2 1.10 1.14 3152
 1697 4753 3151 60 2 1.10 1.14 3152
 1697 4737 3151 60 2 1.10 1.14 3152
 1697 4721 3151 60 2 1.10 1.14 3152
 1697 4705 3151 60 2 1.10 1.14 3152
 1697 4689 3151 60 2 1.10 1.14 3152
 1697 4673 3151 60 2 1.10 1.14 3152
 1697 4657 3151 60 2 1.10 1.14 3152
 1697 4641 3151 60 2 1.10 1.14 3152
 1697 4625 3151 60 2 1.10 1.14 3152
 1697 4609 3151 60 2 1.10 1.14 3152
 1697 4593 3151 60 2 1.10 1.14 3152
 1697 4577 3151 60 2 1.10 1.14 3152
 1697 4513 3151 60 2 1.10 1.14 3152
 1697 4529 3151 60 2 1.10 1.14 3152
 1697 4545 3151 60 2 1.10 1.14 3152
 1697 4561 3151 60 2 1.10 1.14 3152
 1713 4369 3151 60 2 1.10 1.14 3152
 1713 4385 3151 60 2 1.10 1.14 3152
 1713 4401 3151 60 2 1.10 1.14 3152
 1713 4417 3151 60 2 1.10 1.14 3152
 1713 4433 3151 60 2 1.10 1.14 3152
 1713 4449 3151 60 2 1.10 1.14 3152
 1713 4465 3151 60 2 1.10 1.14 3152
 1713 4481 3151 60 2 1.10 1.14 3152
 1713 4497 3151 60 2 1.10 1.14 3152
 1713 4513 3151 60 2 1.10 1.14 3152
 1713 4529 3151 60 2 1.10 1.14 3152
 1713 4545 3151 60 2 1.10 1.14 3152
 1713 4753 3151 60 2 1.10 1.14 3152
 1713 4737 3151 60 2 1.10 1.14 3152
 1713 4721 3151 60 2 1.10 1.14 3152
 1713 4705 3151 60 2 1.10 1.14 3152
 1713 4689 3151 60 2 1.10 1.14 3152
 1713 4673 3151 60 2 1.10 1.14 3152
 1713 4657 3151 60 2 1.10 1.14 3152
 1713 4641 3151 60 2 1.10 1.14 3152
 1713 4625 3151 60 2 1.10 1.14 3152
 1713 4609 3151 60 2 1.10 1.14 3152
 1713 4593 3151 60 2 1.10 1.14 3152
 1713 4577 3151 60 2 1.10 1.14 3152
 1713 4561 3151 60 2 1.10 1.14 3152
 1729 4465 3151 63 1 1.10 1.14 3152
 1729 4481 3151 60 2 1.10 1.14 3152
 1729 4497 3151 60 2 1.10 1.14 3152
 1729 4513 3151 60 2 1.10 1.14 3152
 1729 4529 3151 60 2 1.10 1.14 3152
 1729 4545 3151 60 2 1.10 1.14 3152
 1729 4753 3151 60 2 1.10 1.14 3152
 1729 4737 3151 60 2 1.10 1.14 3152
 1729 4721 3151 60 2 1.10 1.14 3152
 1729 4705 3151 60 2 1.10 1.14 3152
 1729 4689 3151 60 2 1.10 1.14 3152
 1729 4673 3151 60 2 1.10 1.14 3152
 1729 4657 3151 60 2 1.10 1.14 3152
 1729 4641 3151 60 2 1.10 1.14 3152
 1729 4625 3151 60 2 1.10 1.14 3152
 1729 4609 3151 60 2 1.10 1.14 3152
 1729 4593 3151 60 2 1.10 1.14 3152
 1729 4577 3151 60 2 1.10 1.14 3152
 1729 4561 3151 60 2 1.10 1.14 3152
 1745 4465 3151 63 1 1.10 1.14 3152
 1745 4481 3151 60 2 1.10 1.14 3152
 1745 4497 3151 60 2 1.10 1.14 3152
 1745 4513 3151 60 2 1.10 1.14 3152
 1745 4529 3151 60 2 1.10 1.14 3152
 1745 4545 3151 60 2 1.10 1.14 3152
 1745 4753 3151 60 2 1.10 1.14 3152
 1745 4737 3151 60 2 1.10 1.14 3152
 1745 4721 3151 60 2 1.10 1.14 3152
 1745 4705 3151 60 2 1.10 1.14 3152
 1745 4689 3151 60 2 1.10 1.14 3152
 1745 4673 3151 60 2 1.10 1.14 3152
 1745 4657 3151 60 2 1.10 1.14 3152
 1745 4641 3151 60 2 1.10 1.14 3152
 1745 4625 3151 60 2 1.10 1.14 3152
 1745 4609 3151 60 2 1.10 1.14 3152
 1745 4593 3151 60 2 1.10 1.14 3152
 1745 4577 3151 60 2 1.10 1.14 3152
 1745 4561 3151 60 2 1.10 1.14 3152
 1761 4465 3151 63 1 1.10 1.14 3152
 1761 4481 3151 60 2 1.10 1.14 3152
 1761 4497 3151 60 2 1.10 1.14 3152
 1761 4513 3151 60 2 1.10 1.14 3152
 1761 4529 3151 60 2 1.10 1.14 3152
 1761 4545 3151 60 2 1.10 1.14 3152
 1761 4753 3151 60 2 1.10 1.14 3152
 1761 4737 3151 60 2 1.10 1.14 3152
 1761 4721 3151 60 2 1.10 1.14 3152
 1761 4705 3151 60 2 1.10 1.14 3152
 1761 4689 3151 60 2 1.10 1.14 3152
 1761 4673 3151 60 2 1.10 1.14 3152
 1761 4657 3151 60 2 1.10 1.14 3152
 1761 4641 3151 60 2 1.10 1.14 3152
 1761 4625 3151 60 2 1.10 1.14 3152
 1761 4609 3151 60 2 1.10 1.14 3152
 1761 4593 3151 60 2 1.10 1.14 3152
 1761 4577 3151 60 2 1.10 1.14 3152
 1761 4561 3151 60 2 1.10 1.14 3152
 1777 4369 3151 60 2 1.10 1.14 3152
 1777 4385 3151 60 2 1.10 1.14 3152
 1777 4401 3151 60 2 1.10 1.14 3152
 1777 4417 3151 60 2 1.10 1.14 3152
 1777 4433 3151 60 2 1.10 1.14 3152
 1777 4449 3151 60 2 1.10 1.14 3152
 1777 4465 3151 60 2 1.10 1.14 3152
 1777 4481 3151 60 2 1.10 1.14 3152
 1777 4497 3151 60 2 1.10 1.14 3152
 1777 4513 3151 60 2 1.10 1.14 3152
 1777 4529 3151 60 2 1.10 1.14 3152
 1777 4545 3151 60 2 1.10 1.14 3152
 1777 4753 3151 60 2 1.10 1.14 3152
 1777 4737 3151 60 2 1.10 1.14 3152
 1777 4721 3151 60 2 1.10 1.14 3152
 1777 4705 3151 60 2 1.10 1.14 3152
 1777 4689 3151 60 2 1.10 1.14 3152
 1777 4673 3151 60 2 1.10 1.14 3152
 1777 4657 3151 60 2 1.10 1.14 3152
 1777 4641 3151 60 2 1.10 1.14 3152
 1777 4625 3151 60 2 1.10 1.14 3152
 1777 4609 3151 60 2 1.10 1.14 3152
 1777 4593 3151 60 2 1.10 1.14 3152
 1777 4577 3151 60 2 1.10 1.14 3152
 1777 4561 3151 60 2 1.10 1.14 3152
 1793 4369 3151 60 2 1.10 1.14 3152
 1793 4385 3151 60 2 1.10 1.14 3152
 1793 4401 3151 60 2 1.10 1.14 3152
 1793 4417 3151 60 2 1.10 1.14 3152
 1793 4433 3151 60 2 1.10 1.14 3152
 1793 4449 3151 60 2 1.10 1.14 3152
 1793 4465 3151 60 2 1.10 1.14 3152
 1793 4481 3151 60 2 1.10 1.14 3152
 1793 4497 3151 60 2 1.10 1.14 3152
 1793 4513 3151 60 2 1.10 1.14 3152
 1793 4529 3151 60 2 1.10 1.14 3152
 1793 4545 3151 60 2 1.10 1.14 3152
 1793 4753 3151 60 2 1.10 1.14 3152
 1793 4737 3151 60 2 1.10 1.14 3152
 1793 4721 3151 60 2 1.10 1.14 3152
 1793 4705 3151 60 2 1.10 1.14 3152
 1793 4689 3151 60 2 1.10 1.14 3152
 1793 4673 3151 60 2 1.10 1.14 3152
 1793 4657 3151 60 2 1.10 1.14 3152
 1793 4641 3151 60 2 1.10 1.14 3152
 1793 4625 3151 60 2 1.10 1.14 3152
 1793 4609 3151 60 2 1.10 1.14 3152
 1793 4593 3151 60 2 1.10 1.14 3152
 1793 4577 3151 60 2 1.10 1.14 3152
 1793 4561 3151 60 2 1.10 1.14 3152
 1809 4753 3151 60 2 1.10 1.14 3152
 1809 4721 3192 51 1 1.10 1.14 3193 3
 1825 4753 3151 60 2 1.10 1.14 3152
 1825 4721 3192 52 1 1.10 1.14 3193
 1841 4753 3151 60 2 1.10 1.14 3152
 1921 4753 3151 60 1 1.10 1.14 3152
 1937 4753 3151 60 1 1.10 1.14 3152
 1953 4753 3151 60 1 1.10 1.14 3152
 1953 4705 3151 59 1 1.10 1.14 3152
 1953 4705 3151 67 17 0.10 0.14 3152
 1969 4753 3151 60 1 1.10 1.14 3152
 1985 4753 3151 60 1 1.10 1.14 3152
 2017 4673 3151 67 1 1.10 1.14 3152
 2097 4657 3151 67 1 1.10 1.14 3152
 2097 4561 3151 67 1 1.10 1.14 3152
 2145 4609 3151 67 1 1.10 1.14 3152
 2177 4529 3151 67 1 1.10 1.14 3152
 2241 4529 3151 67 1 1.10 1.14 3152
 2257 4481 3151 59 18 1.10 1.14 3152
 2257 4529 3151 67 1 1.10 1.14 3152
 2273 4529 3151 67 1 1.10 1.14 3152
 2449 4705 3151 67 1 1.10 1.14 3152
 2449 4609 3151 60 1 1.10 1.14 3152
 2449 4593 3151 60 1 1.10 1.14 3152
 2449 4577 3151 60 1 1.10 1.14 3152
 2449 4561 3151 60 1 1.10 1.14 3152
 2449 4545 3151 60 1 1.10 1.14 3152
 2449 4529 3151 60 1 1.10 1.14 3152
 2497 4673 3151 67 1 1.10 1.14 3152
 2513 4337 3151 58 1 1.10 -4.86 3152
 2529 4273 3192 67 26 1.10 1.14 3193
 2529 4337 3151 58 1 1.10 -4.86 3152
 2545 4641 3151 67 1 1.10 1.14 3152
 2545 4337 3151 58 1 1.10 -4.86 3152
 2561 4545 3151 59 20 1.10 1.14 3152
 2561 4545 3151 65 1 0.10 0.14 3152
 2561 4273 3151 58 1 1.10 -4.86 3152
 2577 4609 3151 67 1 1.10 1.14 3152
 2577 4337 3151 58 1 1.10 -4.86 3152
 2593 4609 3151 67 1 1.10 1.14 3152
 2593 4305 3192 71 1 1.10 1.14 3193
 2593 4337 3151 58 1 1.10 -4.86 3152
 2609 4609 3151 67 1 1.10 1.14 3152
 2609 4561 3151 59 18 1.10 1.14 3152
 2609 4337 3151 58 1 1.10 -4.86 3152
 2625 4609 3151 67 1 1.10 1.14 3152
 2625 4513 3151 67 1 1.10 1.14 3152
 2641 4609 3151 67 1 1.10 1.14 3152
 2657 4465 3151 67 1 1.10 1.14 3152
 2721 4465 3151 67 1 1.10 1.14 3152
 2785 4481 3151 67 1 1.10 1.14 3152
 2865 4465 3151 67 1 1.10 1.14 3152
 2945 4545 3151 67 1 1.10 1.14 3152
 2977 4497 3151 67 1 1.10 1.14 3152
 3009 4449 3151 67 1 1.10 1.14 3152
 3025 4449 3151 67 1 1.10 1.14 3152
 3041 4401 3151 59 18 1.10 1.14 3152
 3041 4449 3151 67 1 1.10 1.14 3152
 3057 4449 3151 67 1 1.10 1.14 3152
 3073 4433 3151 95 2 1300001.10 1300001.14 3152 65 33
 3073 4449 3151 67 1 1.10 1.14 3152
 3121 4593 3151 67 1 1.10 1.14 3152
 3185 4593 3151 67 1 1.10 1.14 3152
 3249 4593 3151 67 1 1.10 1.14 3152
 3313 4593 3151 67 1 1.10 1.14 3152
 3329 4593 3151 67 1 1.10 1.14 3152
 3345 4545 3151 59 18 1.10 1.14 3152
 3345 4593 3151 67 1 1.10 1.14 3152
 3361 4593 3151 67 1 1.10 1.14 3152
 3377 4593 3151 67 1 1.10 1.14 3152
 3441 4593 3151 67 1 1.10 1.14 3152
 3505 4593 3151 67 1 1.10 1.14 3152
 3569 4593 3151 67 1 1.10 1.14 3152
 3601 4593 3151 60 2 1.10 1.14 3152
 3617 4593 3151 60 2 1.10 1.14 3152
 3617 4561 3192 51 1 1.10 1.14 3193 4
 3617 4433 3192 71 31 1.10 1.14 3193
 3633 4593 3151 60 2 1.10 1.14 3152
 3633 4561 3192 52 1 1.10 1.14 3193
 3649 4593 3151 60 2 1.10 1.14 3152
 3665 4593 3151 60 2 1.10 1.14 3152
 3681 4497 3194 62 2 1.10 1.14 3195
 3681 4593 3194 62 2 1.10 1.14 3195
 3745 4545 3194 62 2 1.10 1.14 3195
 3777 4449 3194 62 2 1.10 1.14 3195
 3873 4481 3194 62 2 1.10 1.14 3195
 3953 4529 3194 62 2 1.10 1.14 3195
 4033 4561 3194 62 2 1.10 1.14 3195
 4113 4513 3194 62 2 1.10 1.14 3195
 4209 4481 3194 62 2 1.10 1.14 3195
 4273 4529 3194 62 2 1.10 1.14 3195
 4353 4561 3194 62 2 1.10 1.14 3195
 4433 4609 3194 62 2 1.10 1.14 3195
 4513 4657 3194 62 2 1.10 1.14 3195
 4577 4609 3194 62 2 1.10 1.14 3195
 4673 4577 3194 62 2 1.10 1.14 3195
 4753 4609 3194 62 2 1.10 1.14 3195
 4833 4657 3194 62 2 1.10 1.14 3195
 4913 4593 3151 65 1 1400001.10 10.14 3152
 4929 4593 3151 65 1 1400001.10 10.14 3152
 4945 4593 3151 65 1 1400001.10 10.14 3152
 4945 4737 3151 64 2 6.10 6.14 3152
 4945 4721 3151 64 1 6.10 6.14 3152
 4961 4593 3151 65 1 1400001.10 10.14 3152
 4961 4737 3151 64 2 6.10 6.14 3152
 4961 4721 3151 64 1 6.10 6.14 3152
 4977 4593 3151 65 1 1400001.10 10.14 3152
 4977 4737 3151 64 2 6.10 6.14 3152
 4977 4721 3151 64 1 6.10 6.14 3152
 4993 4593 3151 65 1 1400001.10 10.14 3152
 4993 4737 3151 64 2 6.10 6.14 3152
 4993 4721 3151 64 1 6.10 6.14 3152
 4993 4449 3151 58 1 1.10 -4.86 3152
 4993 4465 3151 58 1 1.10 -4.86 3152
 4993 4481 3151 58 1 1.10 -4.86 3152
 4993 4497 3151 58 1 1.10 -4.86 3152
 5009 4593 3151 65 1 1400001.10 10.14 3152
 5009 4737 3151 64 2 6.10 6.14 3152
 5009 4721 3151 64 1 6.10 6.14 3152
 5009 4449 3151 58 1 1.10 -4.86 3152
 5009 4465 3192 69 4 1.10 -4.86 3193
 5009 4497 3151 58 1 1.10 -4.86 3152
 5025 4737 3151 64 2 6.10 6.14 3152
 5025 4721 3151 64 1 6.10 6.14 3152
 5025 4449 3151 58 1 1.10 -4.86 3152
 5025 4465 3192 70 4 1.10 -4.86 3193 17 1
 5025 4497 3151 58 1 1.10 -4.86 3152
 5041 4753 3151 74 4 6.10 6.14 3152
 5041 4737 3151 74 1 6.10 6.14 3152
 5041 4721 3151 64 1 6.10 6.14 3152
 5041 4449 3151 58 1 1.10 -4.86 3152
 5041 4465 3192 70 3 1.10 -4.86 3193
 5041 4497 3151 58 1 1.10 -4.86 3152
 5057 4577 3645 68 1 1.10 11.14 3646
 5057 4753 3151 74 5 6.10 6.14 3152
 5057 4737 3151 74 2 6.10 6.14 3152
 5057 4721 3151 64 1 6.10 6.14 3152
 5057 4449 3151 58 1 1.10 -4.86 3152
 5057 4497 3151 58 1 1.10 -4.86 3152
 5073 4753 3151 74 5 6.10 6.14 3152
 5073 4737 3151 74 2 6.10 6.14 3152
 5073 4721 3151 64 1 6.10 6.14 3152
 5073 4433 3151 58 1 1.10 -4.86 3152
 5073 4497 3151 58 1 1.10 -4.86 3152
 5073 4513 3151 58 1 1.10 -4.86 3152
 5073 4529 3151 58 1 1.10 -4.86 3152
 5089 4641 3195 68 2 1.10 11.14 3196
 5089 4753 3151 74 5 6.10 6.14 3152
 5089 4737 3151 74 2 6.10 6.14 3152
 5089 4721 3151 64 1 6.10 6.14 3152
 5089 4433 3151 58 1 1.10 -4.86 3152
 5089 4545 3151 58 1 1.10 -4.86 3152
 5105 4753 3151 74 5 6.10 6.14 3152
 5105 4737 3151 74 2 6.10 6.14 3152
 5105 4721 3151 64 1 6.10 6.14 3152
 5105 4433 3151 58 1 1.10 -4.86 3152
 5105 4545 3151 58 1 1.10 -4.86 3152
 5121 4753 3151 74 5 6.10 6.14 3152
 5121 4737 3151 74 2 6.10 6.14 3152
 5121 4721 3151 64 1 6.10 6.14 3152
 5121 4481 3151 61 7 1.10 1.14 3152 BENVENUTO NEL PENULTIMO LIVELLO DI QUESTO MONDO...#Qui troverai una difficolta'... aumentata....##buona fortuna!#ne avrai bisogno!
 5121 4433 3151 58 1 1.10 -4.86 3152
 5121 4545 3151 58 1 1.10 -4.86 3152
 5137 4753 3151 74 5 6.10 6.14 3152
 5137 4737 3151 74 2 6.10 6.14 3152
 5137 4721 3151 64 1 6.10 6.14 3152
 5137 4433 3151 58 1 1.10 -4.86 3152
 5137 4545 3151 58 1 1.10 -4.86 3152
 5153 4753 3151 74 5 6.10 6.14 3152
 5153 4737 3151 74 2 6.10 6.14 3152
 5153 4721 3151 64 1 6.10 6.14 3152
 5153 4513 3192 51 1 1.10 1.14 3193 0
 5153 4433 3151 58 1 1.10 -4.86 3152
 5153 4545 3151 58 1 1.10 -4.86 3152
 5169 4753 3151 74 5 6.10 6.14 3152
 5169 4737 3151 74 2 6.10 6.14 3152
 5169 4721 3151 64 1 6.10 6.14 3152
 5169 4433 3151 58 1 1.10 -4.86 3152
 5169 4545 3151 58 1 1.10 -4.86 3152
 5185 4705 3151 81 1 -999998.90 -18.86 3152
