 -10 1235 820 0.42 1 1 1 1 1 2 2 301 0.42 1
hellomario E tileset.png
hellomario E tileset.png
hellomario E tileset.png
-1
-1
-1
-1
-1
-1
-1
-1
-1
-1
-1
-1
-1
-1
-1
-1
-1
-1
-1
y0
VoiD
 1 4401 3151 86 23 1.10 1.14 3152
 1 4721 3151 86 23 1.10 1.14 3152
 1 4737 3151 86 23 1.10 1.14 3152
 1 4753 3151 86 23 1.10 1.14 3152
 1 4481 3151 86 23 1.10 1.14 3152
 1 4497 3151 86 23 1.10 1.14 3152
 1 4513 3151 86 23 1.10 1.14 3152
 1 4529 3151 86 24 1.10 1.14 3152
 1 4545 3151 86 24 1.10 1.14 3152
 1 4465 3151 86 23 1.10 1.14 3152
 1 4449 3151 86 23 1.10 1.14 3152
 1 4433 3151 86 23 1.10 1.14 3152
 1 4417 3151 86 23 1.10 1.14 3152
 1 4705 3151 86 23 1.10 1.14 3152
 1 4689 3151 86 23 1.10 1.14 3152
 1 4673 3151 86 23 1.10 1.14 3152
 1 4657 3151 86 23 1.10 1.14 3152
 1 4641 3151 86 23 1.10 1.14 3152
 1 4625 3151 86 23 1.10 1.14 3152
 1 4609 3151 86 23 1.10 1.14 3152
 1 4593 3151 86 23 1.10 1.14 3152
 1 4577 3151 86 31 1.10 1.14 3152
 1 4561 3151 86 24 1.10 1.14 3152
 17 4401 3151 86 23 1.10 1.14 3152
 17 4721 3151 86 23 1.10 1.14 3152
 17 4737 3151 86 23 1.10 1.14 3152
 17 4753 3151 86 23 1.10 1.14 3152
 17 4481 3151 86 31 1.10 1.14 3152
 17 4497 3151 86 28 1.10 1.14 3152
 17 4513 3151 86 27 1.10 1.14 3152
 17 4545 3151 59 21 1.10 1.14 3152
 17 4465 3151 86 24 1.10 1.14 3152
 17 4449 3151 86 24 1.10 1.14 3152
 17 4433 3151 86 28 1.10 1.14 3152
 17 4417 3151 86 23 1.10 1.14 3152
 17 4705 3151 86 23 1.10 1.14 3152
 17 4689 3151 86 31 1.10 1.14 3152
 17 4673 3151 86 24 1.10 1.14 3152
 17 4657 3151 86 28 1.10 1.14 3152
 17 4641 3151 86 31 1.10 1.14 3152
 17 4625 3151 86 24 1.10 1.14 3152
 17 4609 3151 86 24 1.10 1.14 3152
 17 4593 3151 86 24 1.10 1.14 3152
 17 4577 3151 86 33 1.10 1.14 3152
 33 4401 3151 86 24 1.10 1.14 3152
 33 4721 3151 86 23 1.10 1.14 3152
 33 4737 3151 86 23 1.10 1.14 3152
 33 4753 3151 86 23 1.10 1.14 3152
 33 4545 3151 59 20 1.10 1.14 3152
 33 4497 3151 86 27 1.10 1.14 3152
 33 4481 3151 86 33 1.10 1.14 3152
 33 4433 3151 86 41 1.10 1.14 3152
 33 4417 3151 86 24 1.10 1.14 3152
 33 4705 3151 86 23 1.10 1.14 3152
 33 4689 3151 86 20 1.10 1.14 3152
 33 4657 3151 86 41 1.10 1.14 3152
 33 4641 3151 86 33 1.10 1.14 3152
 49 4721 3151 86 23 1.10 1.14 3152
 49 4737 3151 86 23 1.10 1.14 3152
 49 4753 3151 86 23 1.10 1.14 3152
 49 4545 3151 59 20 1.10 1.14 3152
 49 4465 3151 59 1 1.10 1.14 3152
 49 4689 3151 86 33 1.10 1.14 3152
 49 4705 3151 86 31 1.10 1.14 3152
 65 4401 3694 69 2 1.10 -4.86 3695
 65 4721 3151 86 23 1.10 1.14 3152
 65 4737 3151 86 23 1.10 1.14 3152
 65 4753 3151 86 23 1.10 1.14 3152
 65 4705 3151 86 20 1.10 1.14 3152
 65 4513 3694 69 2 1.10 -4.86 3695
 65 4529 3694 69 2 1.10 -4.86 3695
 65 4545 3694 69 2 1.10 -4.86 3695
 65 4497 3694 69 2 1.10 -4.86 3695
 65 4481 3694 69 2 1.10 -4.86 3695
 65 4465 3694 69 2 1.10 -4.86 3695
 65 4449 3694 69 2 1.10 -4.86 3695
 65 4433 3694 69 2 1.10 -4.86 3695
 65 4417 3694 69 2 1.10 -4.86 3695
 65 4593 3694 70 1 1.10 -4.86 3695
 65 4561 3694 70 2 1.10 -4.86 3695 13 0
 65 4641 3694 4 19 1.10 -5.86 3695
 65 4577 3694 70 18 1.10 -5.86 3695 0
 81 4721 3151 86 23 1.10 1.14 3152
 81 4737 3151 86 23 1.10 1.14 3152
 81 4753 3151 86 23 1.10 1.14 3152
 81 4705 3151 86 20 1.10 1.14 3152
 97 4401 3151 86 22 1.10 1.14 3152
 97 4721 3151 86 23 1.10 1.14 3152
 97 4737 3151 86 23 1.10 1.14 3152
 97 4753 3151 86 23 1.10 1.14 3152
 97 4513 3151 86 25 1.10 1.14 3152
 97 4497 3151 86 22 1.10 1.14 3152
 97 4481 3151 86 22 1.10 1.14 3152
 97 4465 3151 86 22 1.10 1.14 3152
 97 4449 3151 86 22 1.10 1.14 3152
 97 4433 3151 86 22 1.10 1.14 3152
 97 4417 3151 86 22 1.10 1.14 3152
 97 4705 3151 86 20 1.10 1.14 3152
 113 4721 3151 86 31 1.10 1.14 3152
 113 4737 3151 86 23 1.10 1.14 3152
 113 4753 3151 86 23 1.10 1.14 3152
 113 4513 3151 86 26 1.10 1.14 3152
 113 4497 3151 86 23 1.10 1.14 3152
 113 4705 3151 86 33 1.10 1.14 3152
 113 4401 3195 86 49 1.10 1.14 3196
 129 4721 3151 86 20 1.10 1.14 3152
 129 4737 3151 86 23 1.10 1.14 3152
 129 4753 3151 86 23 1.10 1.14 3152
 129 4513 3151 86 26 1.10 1.14 3152
 129 4497 3151 86 23 1.10 1.14 3152
 145 4385 3151 86 23 1.10 1.14 3152
 145 4721 3151 86 20 1.10 1.14 3152
 145 4737 3151 86 23 1.10 1.14 3152
 145 4753 3151 86 23 1.10 1.14 3152
 145 4513 3151 86 26 1.10 1.14 3152
 145 4497 3151 86 23 1.10 1.14 3152
 145 4609 3151 67 1 1.10 1.14 3152
 145 4657 3151 4 10 1.10 -5.86 3152
 161 4385 3151 86 23 1.10 1.14 3152
 161 4753 3151 86 23 1.10 1.14 3152
 161 4737 3151 86 23 1.10 1.14 3152
 161 4721 3151 86 20 1.10 1.14 3152
 161 4497 3151 86 23 1.10 1.14 3152
 161 4513 3151 86 46 1.10 1.14 3152
 161 4625 3151 67 1 1.10 1.14 3152
 161 4593 3151 67 1 1.10 1.14 3152
 161 4689 3151 4 11 1.10 -5.86 3152
 161 4705 3151 4 11 1.10 -5.86 3152
 177 4385 3151 86 23 1.10 1.14 3152
 177 4369 3151 86 23 1.10 1.14 3152
 177 4753 3151 86 23 1.10 1.14 3152
 177 4737 3151 86 23 1.10 1.14 3152
 177 4721 3151 86 36 1.10 1.14 3152
 177 4497 3151 86 45 1.10 1.14 3152
 177 4513 3151 86 47 1.10 1.14 3152
 177 4641 3151 67 1 1.10 1.14 3152
 177 4577 3151 67 1 1.10 1.14 3152
 177 4609 3151 59 1 1.10 1.14 3152
 177 4705 3151 86 34 1.10 1.14 3152
 193 4385 3151 86 23 1.10 1.14 3152
 193 4369 3151 86 23 1.10 1.14 3152
 193 4753 3151 86 23 1.10 1.14 3152
 193 4737 3151 86 23 1.10 1.14 3152
 193 4721 3151 86 23 1.10 1.14 3152
 193 4497 3151 86 26 1.10 1.14 3152
 193 4625 3151 67 1 1.10 1.14 3152
 193 4593 3151 67 1 1.10 1.14 3152
 193 4705 3151 86 35 1.10 1.14 3152
 209 4753 3151 86 23 1.10 1.14 3152
 209 4737 3151 86 23 1.10 1.14 3152
 209 4721 3151 86 23 1.10 1.14 3152
 209 4465 3151 86 23 1.10 1.14 3152
 209 4481 3151 86 28 1.10 1.14 3152
 209 4497 3151 86 41 1.10 1.14 3152
 209 4609 3151 67 1 1.10 1.14 3152
 209 4689 3151 86 34 1.10 1.14 3152
 209 4705 3151 86 36 1.10 1.14 3152
 209 4529 3151 4 11 1.10 -5.86 3152
 209 4545 3151 4 11 1.10 -5.86 3152
 209 4673 3151 4 11 1.10 -5.86 3152
 209 4369 3195 86 49 1.10 1.14 3196
 225 4465 3151 86 28 1.10 1.14 3152
 225 4481 3151 86 41 1.10 1.14 3152
 225 4689 3151 86 35 1.10 1.14 3152
 225 4705 3693 86 48 1.10 1.14 3694
 241 4465 3151 86 26 1.10 1.14 3152
 241 4673 3151 86 34 1.10 1.14 3152
 241 4689 3151 86 36 1.10 1.14 3152
 257 4465 3151 86 26 1.10 1.14 3152
 257 4529 3151 59 1 1.10 1.14 3152
 257 4673 3151 86 35 1.10 1.14 3152
 257 4689 3151 86 23 1.10 1.14 3152
 257 4529 3151 67 10 0.10 0.14 3152
 257 4561 3151 4 11 1.10 -5.86 3152
 257 4577 3151 4 11 1.10 -5.86 3152
 257 4641 3151 4 11 1.10 -5.86 3152
 257 4657 3151 4 11 1.10 -5.86 3152
 273 4465 3151 86 26 1.10 1.14 3152
 273 4529 3151 59 1 1.10 1.14 3152
 273 4673 3151 86 36 1.10 1.14 3152
 273 4657 3151 86 34 1.10 1.14 3152
 273 4689 3151 86 23 1.10 1.14 3152
 273 4529 3151 67 10 0.10 0.14 3152
 289 4465 3151 86 29 1.10 1.14 3152
 289 4481 3151 86 22 1.10 1.14 3152
 289 4497 3151 86 22 1.10 1.14 3152
 289 4513 3151 86 22 1.10 1.14 3152
 289 4529 3151 86 22 1.10 1.14 3152
 289 4545 3151 86 22 1.10 1.14 3152
 289 4657 3151 86 35 1.10 1.14 3152
 289 4561 3151 86 40 1.10 1.14 3152
 289 4673 3195 86 49 1.10 1.14 3196
 305 4401 3151 86 23 1.10 1.14 3152
 305 4385 3151 86 23 1.10 1.14 3152
 305 4369 3151 86 23 1.10 1.14 3152
 305 4545 3151 86 23 1.10 1.14 3152
 305 4657 3151 86 36 1.10 1.14 3152
 305 4641 3151 86 34 1.10 1.14 3152
 305 4561 3151 86 26 1.10 1.14 3152
 305 4417 3693 86 48 1.10 1.14 3694
 305 4481 3693 86 48 1.10 1.14 3694
 321 4401 3151 86 23 1.10 1.14 3152
 321 4385 3151 86 23 1.10 1.14 3152
 321 4369 3151 86 23 1.10 1.14 3152
 321 4545 3151 86 23 1.10 1.14 3152
 321 4657 3151 86 23 1.10 1.14 3152
 321 4641 3151 86 35 1.10 1.14 3152
 321 4561 3151 86 26 1.10 1.14 3152
 337 4401 3151 86 23 1.10 1.14 3152
 337 4385 3151 86 23 1.10 1.14 3152
 337 4369 3151 86 23 1.10 1.14 3152
 337 4545 3151 86 23 1.10 1.14 3152
 337 4657 3151 86 23 1.10 1.14 3152
 337 4641 3151 86 36 1.10 1.14 3152
 337 4625 3151 86 34 1.10 1.14 3152
 337 4561 3151 86 46 1.10 1.14 3152
 337 4609 3151 4 10 1.10 -5.86 3152
 353 4401 3151 86 23 1.10 1.14 3152
 353 4385 3151 86 23 1.10 1.14 3152
 353 4369 3151 86 23 1.10 1.14 3152
 353 4545 3151 86 45 1.10 1.14 3152
 353 4657 3151 86 23 1.10 1.14 3152
 353 4641 3151 86 23 1.10 1.14 3152
 353 4625 3151 86 35 1.10 1.14 3152
 353 4561 3151 86 47 1.10 1.14 3152
 369 4353 3693 86 48 1.10 1.14 3694
 369 4513 3151 86 23 1.10 1.14 3152
 369 4529 3151 86 28 1.10 1.14 3152
 369 4545 3151 86 27 1.10 1.14 3152
 369 4657 3151 86 23 1.10 1.14 3152
 369 4641 3151 86 23 1.10 1.14 3152
 369 4625 3151 86 20 1.10 1.14 3152
 369 4417 3195 86 49 1.10 1.14 3196
 385 4513 3151 86 28 1.10 1.14 3152
 385 4529 3151 86 41 1.10 1.14 3152
 385 4625 3151 86 20 1.10 1.14 3152
 385 4657 3151 86 23 1.10 1.14 3152
 385 4641 3151 86 23 1.10 1.14 3152
 385 4673 3195 86 49 1.10 1.14 3196
 401 4513 3151 86 26 1.10 1.14 3152
 401 4625 3151 86 20 1.10 1.14 3152
 401 4657 3151 86 23 1.10 1.14 3152
 401 4641 3151 86 23 1.10 1.14 3152
 417 4513 3151 86 26 1.10 1.14 3152
 417 4609 3151 86 32 1.10 1.14 3152
 417 4625 3151 86 30 1.10 1.14 3152
 417 4657 3151 86 23 1.10 1.14 3152
 417 4641 3151 86 23 1.10 1.14 3152
 433 4353 3693 86 48 1.10 1.14 3694
 433 4513 3151 86 26 1.10 1.14 3152
 433 4609 3151 86 21 1.10 1.14 3152
 433 4625 3151 86 24 1.10 1.14 3152
 433 4641 3151 86 24 1.10 1.14 3152
 433 4657 3151 86 31 1.10 1.14 3152
 449 4513 3151 86 44 1.10 1.14 3152
 449 4529 3151 86 42 1.10 1.14 3152
 449 4657 3151 86 20 1.10 1.14 3152
 449 4625 3196 4 13 1.10 -5.86 3197
 465 4513 3151 86 23 1.10 1.14 3152
 465 4529 3151 86 43 1.10 1.14 3152
 465 4657 3151 86 20 1.10 1.14 3152
 465 4417 3195 86 49 1.10 1.14 3196
 481 4513 3151 86 23 1.10 1.14 3152
 481 4529 3151 86 29 1.10 1.14 3152
 481 4545 3151 86 40 1.10 1.14 3152
 481 4657 3151 86 20 1.10 1.14 3152
 481 4673 3195 86 49 1.10 1.14 3196
 497 4353 3693 86 48 1.10 1.14 3694
 497 4513 3151 86 23 1.10 1.14 3152
 497 4529 3151 86 23 1.10 1.14 3152
 497 4545 3151 86 26 1.10 1.14 3152
 497 4657 3151 86 20 1.10 1.14 3152
 513 4513 3151 86 23 1.10 1.14 3152
 513 4657 3151 86 20 1.10 1.14 3152
 513 4529 3196 4 18 1.10 -5.86 3197
 529 4513 3151 86 23 1.10 1.14 3152
 529 4657 3151 86 36 1.10 1.14 3152
 529 4641 3151 86 34 1.10 1.14 3152
 545 4513 3151 86 23 1.10 1.14 3152
 545 4529 3151 86 23 1.10 1.14 3152
 545 4545 3151 86 26 1.10 1.14 3152
 545 4657 3151 86 23 1.10 1.14 3152
 545 4641 3151 86 35 1.10 1.14 3152
 561 4385 3151 86 23 1.10 1.14 3152
 561 4369 3151 86 23 1.10 1.14 3152
 561 4513 3151 86 24 1.10 1.14 3152
 561 4497 3151 86 28 1.10 1.14 3152
 561 4545 3151 86 27 1.10 1.14 3152
 561 4529 3151 86 24 1.10 1.14 3152
 561 4657 3151 86 23 1.10 1.14 3152
 561 4641 3151 86 20 1.10 1.14 3152
 561 4401 3195 86 49 1.10 1.14 3196
 577 4385 3151 86 23 1.10 1.14 3152
 577 4369 3151 86 23 1.10 1.14 3152
 577 4497 3151 86 26 1.10 1.14 3152
 577 4641 3151 86 20 1.10 1.14 3152
 577 4657 3151 86 23 1.10 1.14 3152
 577 4513 3196 4 13 1.10 -5.86 3197
 577 4673 3195 86 49 1.10 1.14 3196
 593 4385 3151 86 23 1.10 1.14 3152
 593 4369 3151 86 23 1.10 1.14 3152
 593 4497 3151 86 26 1.10 1.14 3152
 593 4641 3151 86 30 1.10 1.14 3152
 593 4625 3151 86 22 1.10 1.14 3152
 593 4609 3151 86 19 1.10 1.14 3152
 593 4657 3151 86 23 1.10 1.14 3152
 609 4385 3151 86 23 1.10 1.14 3152
 609 4369 3151 86 23 1.10 1.14 3152
 609 4497 3151 86 26 1.10 1.14 3152
 609 4609 3151 86 20 1.10 1.14 3152
 609 4657 3151 86 23 1.10 1.14 3152
 609 4641 3151 86 23 1.10 1.14 3152
 609 4625 3151 86 23 1.10 1.14 3152
 625 4385 3151 86 23 1.10 1.14 3152
 625 4369 3151 86 23 1.10 1.14 3152
 625 4497 3151 86 26 1.10 1.14 3152
 625 4609 3151 86 20 1.10 1.14 3152
 625 4657 3151 86 23 1.10 1.14 3152
 625 4625 3151 86 23 1.10 1.14 3152
 625 4641 3151 86 23 1.10 1.14 3152
 625 4577 3196 4 13 1.10 -5.86 3197
 641 4385 3151 86 23 1.10 1.14 3152
 641 4369 3151 86 23 1.10 1.14 3152
 641 4497 3151 86 26 1.10 1.14 3152
 641 4609 3151 86 20 1.10 1.14 3152
 641 4657 3151 86 23 1.10 1.14 3152
 641 4625 3151 86 23 1.10 1.14 3152
 641 4641 3151 86 23 1.10 1.14 3152
 657 4401 3151 86 23 1.10 1.14 3152
 657 4385 3151 86 23 1.10 1.14 3152
 657 4369 3151 86 23 1.10 1.14 3152
 657 4433 3151 86 23 1.10 1.14 3152
 657 4417 3151 86 23 1.10 1.14 3152
 657 4449 3151 86 23 1.10 1.14 3152
 657 4465 3151 86 23 1.10 1.14 3152
 657 4481 3151 86 23 1.10 1.14 3152
 657 4497 3151 86 26 1.10 1.14 3152
 657 4609 3151 86 20 1.10 1.14 3152
 657 4657 3151 86 23 1.10 1.14 3152
 657 4625 3151 86 23 1.10 1.14 3152
 657 4641 3151 86 23 1.10 1.14 3152
 673 4401 3151 86 23 1.10 1.14 3152
 673 4385 3151 86 23 1.10 1.14 3152
 673 4369 3151 86 23 1.10 1.14 3152
 673 4433 3151 86 23 1.10 1.14 3152
 673 4417 3151 86 23 1.10 1.14 3152
 673 4449 3151 86 23 1.10 1.14 3152
 673 4465 3151 86 23 1.10 1.14 3152
 673 4481 3151 86 23 1.10 1.14 3152
 673 4497 3151 86 44 1.10 1.14 3152
 673 4513 3151 86 42 1.10 1.14 3152
 673 4657 3151 86 23 1.10 1.14 3152
 673 4641 3151 86 23 1.10 1.14 3152
 673 4625 3151 86 23 1.10 1.14 3152
 673 4609 3151 86 36 1.10 1.14 3152
 673 4593 3151 86 34 1.10 1.14 3152
 673 4673 3195 86 49 1.10 1.14 3196
 689 4401 3151 86 23 1.10 1.14 3152
 689 4385 3151 86 23 1.10 1.14 3152
 689 4369 3151 86 23 1.10 1.14 3152
 689 4513 3151 86 43 1.10 1.14 3152
 689 4657 3151 86 23 1.10 1.14 3152
 689 4641 3151 86 23 1.10 1.14 3152
 689 4625 3151 86 23 1.10 1.14 3152
 689 4609 3151 86 37 1.10 1.14 3152
 689 4593 3151 86 39 1.10 1.14 3152
 689 4417 3195 86 49 1.10 1.14 3196
 705 4401 3151 86 23 1.10 1.14 3152
 705 4385 3151 86 23 1.10 1.14 3152
 705 4369 3151 86 23 1.10 1.14 3152
 705 4513 3151 86 26 1.10 1.14 3152
 705 4657 3151 86 23 1.10 1.14 3152
 705 4641 3151 86 23 1.10 1.14 3152
 705 4625 3151 86 23 1.10 1.14 3152
 705 4609 3151 86 20 1.10 1.14 3152
 721 4401 3151 86 23 1.10 1.14 3152
 721 4385 3151 86 23 1.10 1.14 3152
 721 4369 3151 86 23 1.10 1.14 3152
 721 4513 3151 86 26 1.10 1.14 3152
 721 4657 3151 86 23 1.10 1.14 3152
 721 4641 3151 86 23 1.10 1.14 3152
 721 4625 3151 86 23 1.10 1.14 3152
 721 4609 3151 86 20 1.10 1.14 3152
 737 4401 3151 86 23 1.10 1.14 3152
 737 4385 3151 86 23 1.10 1.14 3152
 737 4369 3151 86 23 1.10 1.14 3152
 737 4513 3151 86 26 1.10 1.14 3152
 737 4657 3151 86 23 1.10 1.14 3152
 737 4641 3151 86 23 1.10 1.14 3152
 737 4625 3151 86 23 1.10 1.14 3152
 737 4609 3151 86 30 1.10 1.14 3152
 737 4593 3151 86 19 1.10 1.14 3152
 753 4401 3151 86 23 1.10 1.14 3152
 753 4385 3151 86 23 1.10 1.14 3152
 753 4369 3151 86 23 1.10 1.14 3152
 753 4513 3151 86 26 1.10 1.14 3152
 753 4657 3151 86 23 1.10 1.14 3152
 753 4641 3151 86 23 1.10 1.14 3152
 753 4625 3151 86 23 1.10 1.14 3152
 753 4609 3151 86 23 1.10 1.14 3152
 753 4593 3151 86 20 1.10 1.14 3152
 769 4401 3151 86 23 1.10 1.14 3152
 769 4385 3151 86 23 1.10 1.14 3152
 769 4369 3151 86 23 1.10 1.14 3152
 769 4737 3151 86 23 1.10 1.14 3152
 769 4721 3151 86 23 1.10 1.14 3152
 769 4753 3151 86 23 1.10 1.14 3152
 769 4513 3151 86 26 1.10 1.14 3152
 769 4657 3151 86 23 1.10 1.14 3152
 769 4641 3151 86 31 1.10 1.14 3152
 769 4625 3151 86 24 1.10 1.14 3152
 769 4609 3151 86 24 1.10 1.14 3152
 769 4593 3151 86 21 1.10 1.14 3152
 769 4673 3151 86 23 1.10 1.14 3152
 769 4689 3151 86 23 1.10 1.14 3152
 769 4705 3151 86 23 1.10 1.14 3152
 785 4385 3151 86 23 1.10 1.14 3152
 785 4369 3151 86 23 1.10 1.14 3152
 785 4737 3151 86 23 1.10 1.14 3152
 785 4721 3151 86 23 1.10 1.14 3152
 785 4753 3151 86 23 1.10 1.14 3152
 785 4513 3151 86 26 1.10 1.14 3152
 785 4497 3151 86 23 1.10 1.14 3152
 785 4481 3151 86 23 1.10 1.14 3152
 785 4465 3151 86 23 1.10 1.14 3152
 785 4657 3151 86 24 1.10 1.14 3152
 785 4641 3151 86 21 1.10 1.14 3152
 785 4673 3151 86 24 1.10 1.14 3152
 785 4689 3151 86 31 1.10 1.14 3152
 785 4705 3151 86 23 1.10 1.14 3152
 785 4401 3693 86 48 1.10 1.14 3694
 801 4385 3151 86 23 1.10 1.14 3152
 801 4369 3151 86 23 1.10 1.14 3152
 801 4353 3151 86 23 1.10 1.14 3152
 801 4753 3151 86 23 1.10 1.14 3152
 801 4737 3151 86 23 1.10 1.14 3152
 801 4721 3151 86 31 1.10 1.14 3152
 801 4513 3151 86 41 1.10 1.14 3152
 801 4497 3151 86 28 1.10 1.14 3152
 801 4481 3151 86 23 1.10 1.14 3152
 801 4465 3151 86 23 1.10 1.14 3152
 801 4705 3151 86 24 1.10 1.14 3152
 801 4689 3151 86 21 1.10 1.14 3152
 817 4385 3151 86 23 1.10 1.14 3152
 817 4369 3151 86 23 1.10 1.14 3152
 817 4353 3151 86 23 1.10 1.14 3152
 817 4753 3151 86 23 1.10 1.14 3152
 817 4737 3151 86 23 1.10 1.14 3152
 817 4721 3151 86 20 1.10 1.14 3152
 817 4497 3151 86 46 1.10 1.14 3152
 817 4481 3151 86 23 1.10 1.14 3152
 817 4465 3151 86 23 1.10 1.14 3152
 833 4385 3151 86 23 1.10 1.14 3152
 833 4369 3151 86 23 1.10 1.14 3152
 833 4353 3151 86 23 1.10 1.14 3152
 833 4753 3151 86 23 1.10 1.14 3152
 833 4737 3151 86 23 1.10 1.14 3152
 833 4721 3151 86 20 1.10 1.14 3152
 833 4497 3151 86 47 1.10 1.14 3152
 833 4481 3151 86 45 1.10 1.14 3152
 833 4465 3151 86 28 1.10 1.14 3152
 849 4401 3151 86 23 1.10 1.14 3152
 849 4385 3151 86 23 1.10 1.14 3152
 849 4369 3151 86 23 1.10 1.14 3152
 849 4353 3151 86 23 1.10 1.14 3152
 849 4337 3151 86 23 1.10 1.14 3152
 849 4753 3151 86 23 1.10 1.14 3152
 849 4737 3151 86 23 1.10 1.14 3152
 849 4721 3151 86 20 1.10 1.14 3152
 849 4481 3151 86 41 1.10 1.14 3152
 849 4465 3151 86 28 1.10 1.14 3152
 849 4449 3151 86 23 1.10 1.14 3152
 849 4433 3151 86 23 1.10 1.14 3152
 849 4417 3151 86 23 1.10 1.14 3152
 849 4657 3151 60 1 1.10 1.14 3152
 865 4337 3151 86 23 1.10 1.14 3152
 865 4353 3195 86 49 1.10 1.14 3196
 865 4449 3151 86 45 1.10 1.14 3152
 865 4465 3151 86 41 1.10 1.14 3152
 865 4753 3151 86 23 1.10 1.14 3152
 865 4737 3151 86 23 1.10 1.14 3152
 865 4721 3151 86 20 1.10 1.14 3152
 865 4689 3192 51 1 1.10 1.14 3193 3
 865 4657 3151 59 1 1.10 1.14 3152
 865 4657 3151 67 3 0.10 0.14 3152
 865 4641 3151 4 11 1.10 -5.86 3152
 865 4561 3151 4 11 1.10 -5.86 3152
 881 4337 3151 86 23 1.10 1.14 3152
 881 4449 3151 86 26 1.10 1.14 3152
 881 4497 3151 59 1 1.10 1.14 3152
 881 4497 3151 67 2 0.10 0.14 3152
 881 4753 3151 86 23 1.10 1.14 3152
 881 4737 3151 86 23 1.10 1.14 3152
 881 4721 3151 86 20 1.10 1.14 3152
 881 4657 3151 60 1 1.10 1.14 3152
 881 4609 3151 4 11 1.10 -5.86 3152
 881 4577 3151 4 11 1.10 -5.86 3152
 897 4337 3151 86 23 1.10 1.14 3152
 897 4449 3151 86 26 1.10 1.14 3152
 897 4497 3151 59 1 1.10 1.14 3152
 897 4753 3151 86 24 1.10 1.14 3152
 897 4737 3151 86 24 1.10 1.14 3152
 897 4721 3151 86 21 1.10 1.14 3152
 897 4625 3151 4 11 1.10 -5.86 3152
 897 4593 3151 4 11 1.10 -5.86 3152
 913 4337 3151 86 23 1.10 1.14 3152
 913 4449 3151 86 26 1.10 1.14 3152
 913 4497 3151 59 10 1.10 1.14 3152
 929 4337 3151 86 23 1.10 1.14 3152
 929 4449 3151 86 26 1.10 1.14 3152
 929 4513 3196 4 13 1.10 -5.86 3197
 945 4337 3151 86 23 1.10 1.14 3152
 945 4449 3151 86 26 1.10 1.14 3152
 945 4609 3151 67 1 1.10 1.14 3152
 961 4337 3151 86 23 1.10 1.14 3152
 961 4353 3195 86 49 1.10 1.14 3196
 961 4449 3151 86 26 1.10 1.14 3152
 961 4593 3151 67 1 1.10 1.14 3152
 961 4657 3151 4 9 1.10 -5.86 3152
 977 4337 3151 86 23 1.10 1.14 3152
 977 4449 3151 86 26 1.10 1.14 3152
 977 4593 3151 67 1 1.10 1.14 3152
 977 4753 3694 70 10 1.10 -4.86 3695 1 0
 977 4721 3694 70 9 1.10 -4.86 3695
 977 4737 3694 70 25 1.10 -5.86 3695 1
 993 4337 3151 86 23 1.10 1.14 3152
 993 4449 3151 86 26 1.10 1.14 3152
 993 4593 3151 67 1 1.10 1.14 3152
 1009 4337 3151 86 23 1.10 1.14 3152
 1009 4449 3151 86 29 1.10 1.14 3152
 1009 4465 3151 86 40 1.10 1.14 3152
 1009 4609 3196 4 13 1.10 -5.86 3197
 1025 4337 3151 86 23 1.10 1.14 3152
 1025 4449 3151 86 23 1.10 1.14 3152
 1025 4465 3151 86 44 1.10 1.14 3152
 1025 4481 3151 86 40 1.10 1.14 3152
 1041 4337 3151 86 23 1.10 1.14 3152
 1041 4449 3151 86 23 1.10 1.14 3152
 1041 4465 3151 86 23 1.10 1.14 3152
 1041 4481 3151 86 44 1.10 1.14 3152
 1041 4497 3151 86 42 1.10 1.14 3152
 1057 4353 3195 86 49 1.10 1.14 3196
 1057 4449 3151 86 23 1.10 1.14 3152
 1057 4465 3151 86 23 1.10 1.14 3152
 1057 4481 3151 86 23 1.10 1.14 3152
 1057 4497 3151 86 43 1.10 1.14 3152
 1057 4753 3151 86 22 1.10 1.14 3152
 1057 4737 3151 86 22 1.10 1.14 3152
 1057 4721 3151 86 22 1.10 1.14 3152
 1057 4705 3151 86 22 1.10 1.14 3152
 1057 4689 3151 86 19 1.10 1.14 3152
 1073 4449 3151 86 23 1.10 1.14 3152
 1073 4465 3151 86 23 1.10 1.14 3152
 1073 4481 3151 86 23 1.10 1.14 3152
 1073 4497 3151 86 44 1.10 1.14 3152
 1073 4513 3151 86 42 1.10 1.14 3152
 1073 4689 3151 86 20 1.10 1.14 3152
 1073 4705 3693 86 48 1.10 1.14 3694
 1089 4513 3151 86 43 1.10 1.14 3152
 1089 4689 3151 86 20 1.10 1.14 3152
 1089 4529 3151 4 11 1.10 -5.86 3152
 1089 4545 3151 4 11 1.10 -5.86 3152
 1089 4673 3151 4 11 1.10 -5.86 3152
 1089 4657 3151 4 11 1.10 -5.86 3152
 1089 4641 3151 4 11 1.10 -5.86 3152
 1089 4625 3151 4 11 1.10 -5.86 3152
 1089 4609 3151 4 11 1.10 -5.86 3152
 1089 4593 3151 4 11 1.10 -5.86 3152
 1089 4577 3151 4 11 1.10 -5.86 3152
 1089 4561 3151 4 11 1.10 -5.86 3152
 1089 4449 3693 86 48 1.10 1.14 3694
 1105 4513 3151 86 44 1.10 1.14 3152
 1105 4529 3151 86 42 1.10 1.14 3152
 1105 4689 3151 86 30 1.10 1.14 3152
 1105 4673 3151 86 19 1.10 1.14 3152
 1121 4513 3151 86 23 1.10 1.14 3152
 1121 4529 3151 86 43 1.10 1.14 3152
 1121 4689 3151 86 23 1.10 1.14 3152
 1121 4673 3151 86 20 1.10 1.14 3152
 1137 4513 3151 86 23 1.10 1.14 3152
 1137 4529 3151 86 29 1.10 1.14 3152
 1137 4545 3151 86 25 1.10 1.14 3152
 1137 4689 3151 86 23 1.10 1.14 3152
 1137 4673 3151 86 20 1.10 1.14 3152
 1137 4593 3151 67 1 1.10 1.14 3152
 1137 4705 3693 86 48 1.10 1.14 3694
 1153 4353 3195 86 49 1.10 1.14 3196
 1153 4545 3151 86 29 1.10 1.14 3152
 1153 4689 3151 86 23 1.10 1.14 3152
 1153 4673 3151 86 20 1.10 1.14 3152
 1153 4593 3151 67 1 1.10 1.14 3152
 1153 4561 3151 86 40 1.10 1.14 3152
 1153 4449 3195 86 49 1.10 1.14 3196
 1169 4545 3151 86 23 1.10 1.14 3152
 1169 4689 3151 86 23 1.10 1.14 3152
 1169 4673 3151 86 20 1.10 1.14 3152
 1169 4593 3151 67 1 1.10 1.14 3152
 1169 4561 3151 86 26 1.10 1.14 3152
 1185 4545 3151 86 23 1.10 1.14 3152
 1185 4689 3151 86 23 1.10 1.14 3152
 1185 4673 3151 86 20 1.10 1.14 3152
 1185 4609 3151 67 1 1.10 1.14 3152
 1185 4561 3151 86 26 1.10 1.14 3152
 1201 4545 3151 86 23 1.10 1.14 3152
 1201 4689 3151 86 31 1.10 1.14 3152
 1201 4673 3151 86 21 1.10 1.14 3152
 1201 4625 3151 67 1 1.10 1.14 3152
 1201 4561 3151 86 26 1.10 1.14 3152
 1201 4577 3151 4 15 1.10 -5.86 3152
 1201 4705 3693 86 48 1.10 1.14 3694
 1217 4545 3151 86 23 1.10 1.14 3152
 1217 4689 3151 86 20 1.10 1.14 3152
 1217 4625 3151 67 1 1.10 1.14 3152
 1217 4561 3151 86 26 1.10 1.14 3152
 1217 4673 3151 4 15 1.10 -5.86 3152
 1217 4577 3151 4 15 1.10 -5.86 3152
 1233 4545 3151 86 23 1.10 1.14 3152
 1233 4689 3151 86 20 1.10 1.14 3152
 1233 4625 3151 67 1 1.10 1.14 3152
 1233 4561 3151 86 26 1.10 1.14 3152
 1233 4673 3151 4 15 1.10 -5.86 3152
 1233 4577 3151 4 15 1.10 -5.86 3152
 1249 4353 3195 86 49 1.10 1.14 3196
 1249 4545 3151 86 23 1.10 1.14 3152
 1249 4689 3151 86 20 1.10 1.14 3152
 1249 4625 3151 67 1 1.10 1.14 3152
 1249 4561 3151 86 26 1.10 1.14 3152
 1249 4673 3151 4 15 1.10 -5.86 3152
 1249 4577 3151 4 15 1.10 -5.86 3152
 1249 4449 3195 86 49 1.10 1.14 3196
 1265 4545 3151 86 23 1.10 1.14 3152
 1265 4689 3151 86 20 1.10 1.14 3152
 1265 4625 3151 67 1 1.10 1.14 3152
 1265 4561 3151 86 26 1.10 1.14 3152
 1265 4673 3151 4 15 1.10 -5.86 3152
 1265 4577 3151 4 15 1.10 -5.86 3152
 1265 4705 3693 86 48 1.10 1.14 3694
 1281 4545 3151 86 23 1.10 1.14 3152
 1281 4689 3151 86 20 1.10 1.14 3152
 1281 4625 3151 67 1 1.10 1.14 3152
 1281 4577 3151 86 25 1.10 1.14 3152
 1281 4561 3151 86 29 1.10 1.14 3152
 1281 4673 3151 4 15 1.10 -5.86 3152
 1281 4609 3151 4 15 1.10 -5.86 3152
 1281 4593 3151 4 15 1.10 -5.86 3152
 1297 4545 3151 86 23 1.10 1.14 3152
 1297 4689 3151 86 20 1.10 1.14 3152
 1297 4625 3151 67 1 1.10 1.14 3152
 1297 4593 3151 86 25 1.10 1.14 3152
 1297 4577 3151 86 29 1.10 1.14 3152
 1297 4561 3151 86 23 1.10 1.14 3152
 1297 4673 3151 4 15 1.10 -5.86 3152
 1297 4609 3151 4 15 1.10 -5.86 3152
 1313 4545 3151 86 23 1.10 1.14 3152
 1313 4689 3151 86 20 1.10 1.14 3152
 1313 4625 3151 67 1 1.10 1.14 3152
 1313 4593 3151 86 26 1.10 1.14 3152
 1313 4577 3151 86 23 1.10 1.14 3152
 1313 4561 3151 86 23 1.10 1.14 3152
 1313 4673 3151 4 15 1.10 -5.86 3152
 1313 4609 3151 4 15 1.10 -5.86 3152
 1329 4545 3151 86 23 1.10 1.14 3152
 1329 4689 3151 86 20 1.10 1.14 3152
 1329 4625 3151 67 1 1.10 1.14 3152
 1329 4593 3151 86 26 1.10 1.14 3152
 1329 4577 3151 86 23 1.10 1.14 3152
 1329 4561 3151 86 23 1.10 1.14 3152
 1329 4673 3151 4 15 1.10 -5.86 3152
 1329 4609 3151 4 15 1.10 -5.86 3152
 1329 4705 3693 86 48 1.10 1.14 3694
 1345 4433 3693 86 48 1.10 1.14 3694
 1345 4177 3693 86 48 1.10 1.14 3694
 1345 4241 3693 86 48 1.10 1.14 3694
 1345 4305 3693 86 48 1.10 1.14 3694
 1345 4369 3693 86 48 1.10 1.14 3694
 1345 4689 3151 86 20 1.10 1.14 3152
 1345 4625 3151 67 1 1.10 1.14 3152
 1345 4593 3151 86 26 1.10 1.14 3152
 1345 4673 3151 4 15 1.10 -5.86 3152
 1345 4609 3151 4 15 1.10 -5.86 3152
 1345 4497 3195 86 49 1.10 1.14 3196
 1361 4689 3151 86 20 1.10 1.14 3152
 1361 4625 3151 67 1 1.10 1.14 3152
 1361 4593 3151 86 26 1.10 1.14 3152
 1361 4673 3151 4 15 1.10 -5.86 3152
 1361 4609 3151 4 15 1.10 -5.86 3152
 1377 4689 3151 86 20 1.10 1.14 3152
 1377 4625 3151 67 1 1.10 1.14 3152
 1377 4593 3151 86 26 1.10 1.14 3152
 1377 4673 3151 4 15 1.10 -5.86 3152
 1377 4609 3151 4 15 1.10 -5.86 3152
 1393 4753 3151 86 23 1.10 1.14 3152
 1393 4737 3151 86 23 1.10 1.14 3152
 1393 4721 3151 86 23 1.10 1.14 3152
 1393 4705 3151 86 23 1.10 1.14 3152
 1393 4689 3151 86 20 1.10 1.14 3152
 1393 4641 3151 67 1 1.10 1.14 3152
 1393 4593 3151 86 26 1.10 1.14 3152
 1393 4673 3151 4 15 1.10 -5.86 3152
 1393 4609 3151 4 15 1.10 -5.86 3152
 1409 4481 3151 86 23 1.10 1.14 3152
 1409 4129 3693 86 48 1.10 1.14 3694
 1409 4753 3151 86 23 1.10 1.14 3152
 1409 4737 3151 86 23 1.10 1.14 3152
 1409 4721 3151 86 23 1.10 1.14 3152
 1409 4705 3151 86 23 1.10 1.14 3152
 1409 4689 3151 86 20 1.10 1.14 3152
 1409 4641 3151 67 1 1.10 1.14 3152
 1409 4593 3151 86 26 1.10 1.14 3152
 1409 4673 3151 4 15 1.10 -5.86 3152
 1409 4609 3151 4 15 1.10 -5.86 3152
 1409 4193 3195 86 49 1.10 1.14 3196
 1409 4289 3195 86 49 1.10 1.14 3196
 1409 4385 3195 86 49 1.10 1.14 3196
 1425 4481 3151 86 23 1.10 1.14 3152
 1425 4753 3151 86 23 1.10 1.14 3152
 1425 4737 3151 86 23 1.10 1.14 3152
 1425 4721 3151 86 23 1.10 1.14 3152
 1425 4705 3151 86 23 1.10 1.14 3152
 1425 4689 3151 86 20 1.10 1.14 3152
 1425 4641 3151 67 1 1.10 1.14 3152
 1425 4593 3151 86 26 1.10 1.14 3152
 1425 4673 3151 4 15 1.10 -5.86 3152
 1425 4609 3151 4 15 1.10 -5.86 3152
 1441 4481 3151 86 23 1.10 1.14 3152
 1441 4513 3151 86 23 1.10 1.14 3152
 1441 4529 3151 86 23 1.10 1.14 3152
 1441 4545 3151 86 23 1.10 1.14 3152
 1441 4497 3151 86 23 1.10 1.14 3152
 1441 4753 3151 86 23 1.10 1.14 3152
 1441 4737 3151 86 23 1.10 1.14 3152
 1441 4721 3151 86 31 1.10 1.14 3152
 1441 4705 3151 86 24 1.10 1.14 3152
 1441 4689 3151 86 21 1.10 1.14 3152
 1441 4641 3151 67 1 1.10 1.14 3152
 1441 4593 3151 86 26 1.10 1.14 3152
 1441 4577 3151 86 23 1.10 1.14 3152
 1441 4561 3151 86 23 1.10 1.14 3152
 1441 4673 3151 4 15 1.10 -5.86 3152
 1441 4609 3151 4 15 1.10 -5.86 3152
 1457 4753 3151 86 23 1.10 1.14 3152
 1457 4737 3151 86 31 1.10 1.14 3152
 1457 4721 3151 86 21 1.10 1.14 3152
 1457 4641 3151 67 1 1.10 1.14 3152
 1457 4593 3151 86 26 1.10 1.14 3152
 1457 4577 3151 86 23 1.10 1.14 3152
 1457 4705 3151 4 15 1.10 -5.86 3152
 1457 4689 3151 4 15 1.10 -5.86 3152
 1457 4609 3151 4 15 1.10 -5.86 3152
 1457 4561 3151 86 23 1.10 1.14 3152
 1457 4545 3151 86 23 1.10 1.14 3152
 1457 4529 3151 86 23 1.10 1.14 3152
 1457 4481 3151 86 23 1.10 1.14 3152
 1457 4513 3151 86 23 1.10 1.14 3152
 1457 4497 3151 86 23 1.10 1.14 3152
 1473 4129 3693 86 48 1.10 1.14 3694
 1473 4753 3151 86 23 1.10 1.14 3152
 1473 4737 3151 86 20 1.10 1.14 3152
 1473 4641 3151 67 1 1.10 1.14 3152
 1473 4593 3151 86 26 1.10 1.14 3152
 1473 4721 3151 4 15 1.10 -5.86 3152
 1473 4609 3151 4 15 1.10 -5.86 3152
 1473 4529 3693 86 48 1.10 1.14 3694
 1473 4481 3151 86 23 1.10 1.14 3152
 1473 4513 3151 86 23 1.10 1.14 3152
 1473 4497 3151 86 23 1.10 1.14 3152
 1489 4753 3151 86 23 1.10 1.14 3152
 1489 4737 3151 86 20 1.10 1.14 3152
 1489 4657 3151 67 1 1.10 1.14 3152
 1489 4721 3151 4 15 1.10 -5.86 3152
 1489 4609 3151 4 15 1.10 -5.86 3152
 1489 4593 3151 86 26 1.10 1.14 3152
 1489 4481 3151 86 23 1.10 1.14 3152
 1489 4513 3151 86 23 1.10 1.14 3152
 1489 4497 3151 86 23 1.10 1.14 3152
 1505 4753 3151 86 23 1.10 1.14 3152
 1505 4737 3151 86 20 1.10 1.14 3152
 1505 4673 3151 67 1 1.10 1.14 3152
 1505 4721 3151 4 15 1.10 -5.86 3152
 1505 4625 3151 4 15 1.10 -5.86 3152
 1505 4609 3151 86 25 1.10 1.14 3152
 1505 4593 3151 86 29 1.10 1.14 3152
 1505 4289 3151 86 28 1.10 1.14 3152
 1505 4305 3151 86 24 1.10 1.14 3152
 1505 4481 3151 86 31 1.10 1.14 3152
 1505 4465 3151 86 24 1.10 1.14 3152
 1505 4321 3151 86 24 1.10 1.14 3152
 1505 4401 3151 86 24 1.10 1.14 3152
 1505 4417 3151 86 24 1.10 1.14 3152
 1505 4433 3151 86 24 1.10 1.14 3152
 1505 4449 3151 86 24 1.10 1.14 3152
 1505 4337 3151 86 24 1.10 1.14 3152
 1505 4353 3151 86 24 1.10 1.14 3152
 1505 4369 3151 86 24 1.10 1.14 3152
 1505 4385 3151 86 24 1.10 1.14 3152
 1505 4513 3151 86 23 1.10 1.14 3152
 1505 4497 3151 86 23 1.10 1.14 3152
 1505 4193 3195 86 49 1.10 1.14 3196
 1521 4753 3151 86 23 1.10 1.14 3152
 1521 4737 3151 86 20 1.10 1.14 3152
 1521 4673 3151 67 1 1.10 1.14 3152
 1521 4721 3151 4 15 1.10 -5.86 3152
 1521 4625 3151 4 15 1.10 -5.86 3152
 1521 4609 3151 86 26 1.10 1.14 3152
 1521 4593 3151 86 23 1.10 1.14 3152
 1521 4289 3151 86 26 1.10 1.14 3152
 1521 4481 3151 86 21 1.10 1.14 3152
 1521 4513 3151 86 23 1.10 1.14 3152
 1521 4497 3151 86 31 1.10 1.14 3152
 1537 4129 3693 86 48 1.10 1.14 3694
 1537 4753 3151 86 23 1.10 1.14 3152
 1537 4737 3151 86 20 1.10 1.14 3152
 1537 4673 3151 67 1 1.10 1.14 3152
 1537 4721 3151 4 15 1.10 -5.86 3152
 1537 4625 3151 4 15 1.10 -5.86 3152
 1537 4609 3151 86 26 1.10 1.14 3152
 1537 4593 3151 86 23 1.10 1.14 3152
 1537 4577 3151 86 23 1.10 1.14 3152
 1537 4561 3151 86 23 1.10 1.14 3152
 1537 4545 3151 86 23 1.10 1.14 3152
 1537 4529 3151 86 23 1.10 1.14 3152
 1537 4289 3151 86 26 1.10 1.14 3152
 1537 4513 3151 86 31 1.10 1.14 3152
 1537 4497 3151 86 21 1.10 1.14 3152
 1553 4753 3151 86 23 1.10 1.14 3152
 1553 4737 3151 86 20 1.10 1.14 3152
 1553 4673 3151 67 1 1.10 1.14 3152
 1553 4721 3151 4 15 1.10 -5.86 3152
 1553 4625 3151 4 15 1.10 -5.86 3152
 1553 4609 3151 86 26 1.10 1.14 3152
 1553 4593 3151 86 23 1.10 1.14 3152
 1553 4577 3151 86 23 1.10 1.14 3152
 1553 4561 3151 86 23 1.10 1.14 3152
 1553 4545 3151 86 23 1.10 1.14 3152
 1553 4529 3151 86 23 1.10 1.14 3152
 1553 4289 3151 86 26 1.10 1.14 3152
 1553 4337 3151 86 19 1.10 1.14 3152
 1553 4353 3151 86 22 1.10 1.14 3152
 1553 4465 3151 67 1 1.10 1.14 3152
 1553 4401 3151 86 22 1.10 1.14 3152
 1553 4417 3151 86 25 1.10 1.14 3152
 1553 4369 3151 86 22 1.10 1.14 3152
 1553 4385 3151 86 22 1.10 1.14 3152
 1553 4513 3151 86 20 1.10 1.14 3152
 1553 4433 3151 4 15 1.10 -5.86 3152
 1553 4497 3151 4 15 1.10 -5.86 3152
 1569 4753 3151 86 23 1.10 1.14 3152
 1569 4737 3151 86 20 1.10 1.14 3152
 1569 4721 3151 4 15 1.10 -5.86 3152
 1569 4673 3151 67 1 1.10 1.14 3152
 1569 4641 3151 4 15 1.10 -5.86 3152
 1569 4625 3151 86 25 1.10 1.14 3152
 1569 4609 3151 86 29 1.10 1.14 3152
 1569 4593 3151 86 23 1.10 1.14 3152
 1569 4577 3151 86 23 1.10 1.14 3152
 1569 4561 3151 86 23 1.10 1.14 3152
 1569 4545 3151 86 23 1.10 1.14 3152
 1569 4529 3151 86 23 1.10 1.14 3152
 1569 4289 3151 86 26 1.10 1.14 3152
 1569 4337 3151 86 20 1.10 1.14 3152
 1569 4465 3151 67 1 1.10 1.14 3152
 1569 4417 3151 86 26 1.10 1.14 3152
 1569 4513 3151 86 20 1.10 1.14 3152
 1569 4433 3151 4 15 1.10 -5.86 3152
 1569 4497 3151 4 15 1.10 -5.86 3152
 1569 4353 3693 86 48 1.10 1.14 3694
 1585 4753 3151 86 23 1.10 1.14 3152
 1585 4737 3151 86 20 1.10 1.14 3152
 1585 4721 3151 4 15 1.10 -5.86 3152
 1585 4673 3151 67 1 1.10 1.14 3152
 1585 4641 3151 4 15 1.10 -5.86 3152
 1585 4625 3151 86 27 1.10 1.14 3152
 1585 4609 3151 86 24 1.10 1.14 3152
 1585 4593 3151 86 24 1.10 1.14 3152
 1585 4577 3151 86 24 1.10 1.14 3152
 1585 4561 3151 86 24 1.10 1.14 3152
 1585 4545 3151 86 24 1.10 1.14 3152
 1585 4529 3151 86 24 1.10 1.14 3152
 1585 4289 3151 86 26 1.10 1.14 3152
 1585 4337 3151 86 20 1.10 1.14 3152
 1585 4465 3151 67 1 1.10 1.14 3152
 1585 4417 3151 86 26 1.10 1.14 3152
 1585 4513 3151 86 21 1.10 1.14 3152
 1585 4305 3192 70 11 1.10 -4.86 3193
 1585 4433 3151 4 15 1.10 -5.86 3152
 1585 4497 3151 4 15 1.10 -5.86 3152
 1601 4129 3693 86 48 1.10 1.14 3694
 1601 4753 3151 86 23 1.10 1.14 3152
 1601 4737 3151 86 30 1.10 1.14 3152
 1601 4721 3151 86 19 1.10 1.14 3152
 1601 4705 3151 4 15 1.10 -5.86 3152
 1601 4673 3151 67 1 1.10 1.14 3152
 1601 4625 3151 4 15 1.10 -5.86 3152
 1601 4609 3151 4 15 1.10 -5.86 3152
 1601 4593 3151 4 15 1.10 -5.86 3152
 1601 4577 3151 4 15 1.10 -5.86 3152
 1601 4561 3151 4 15 1.10 -5.86 3152
 1601 4545 3151 4 15 1.10 -5.86 3152
 1601 4529 3151 4 15 1.10 -5.86 3152
 1601 4289 3151 86 26 1.10 1.14 3152
 1601 4337 3151 86 20 1.10 1.14 3152
 1601 4465 3151 67 1 1.10 1.14 3152
 1601 4417 3151 86 26 1.10 1.14 3152
 1601 4305 3192 69 12 1.10 -4.86 3193
 1601 4433 3151 4 15 1.10 -5.86 3152
 1601 4513 3151 4 15 1.10 -5.86 3152
 1601 4193 3195 86 49 1.10 1.14 3196
 1617 4737 3151 86 23 1.10 1.14 3152
 1617 4753 3151 86 23 1.10 1.14 3152
 1617 4721 3151 86 20 1.10 1.14 3152
 1617 4705 3151 4 15 1.10 -5.86 3152
 1617 4657 3151 67 1 1.10 1.14 3152
 1617 4609 3151 84 1 6.10 6.14 3152
 1617 4289 3151 86 26 1.10 1.14 3152
 1617 4337 3151 86 20 1.10 1.14 3152
 1617 4417 3151 86 26 1.10 1.14 3152
 1617 4481 3151 67 1 1.10 1.14 3152
 1617 4305 3192 69 12 1.10 -4.86 3193
 1617 4433 3151 4 15 1.10 -5.86 3152
 1633 4753 3151 86 23 1.10 1.14 3152
 1633 4737 3151 86 23 1.10 1.14 3152
 1633 4721 3151 86 30 1.10 1.14 3152
 1633 4705 3151 86 19 1.10 1.14 3152
 1633 4689 3151 4 15 1.10 -5.86 3152
 1633 4641 3151 67 1 1.10 1.14 3152
 1633 4625 3151 67 1 1.10 1.14 3152
 1633 4609 3151 84 1 6.10 6.14 3152
 1633 4609 3151 67 1 1.10 1.14 3152
 1633 4593 3151 67 1 1.10 1.14 3152
 1633 4577 3151 67 1 1.10 1.14 3152
 1633 4561 3151 67 1 1.10 1.14 3152
 1633 4545 3151 67 1 1.10 1.14 3152
 1633 4529 3151 67 1 1.10 1.14 3152
 1633 4289 3151 86 26 1.10 1.14 3152
 1633 4337 3151 86 20 1.10 1.14 3152
 1633 4417 3151 86 29 1.10 1.14 3152
 1633 4433 3151 86 40 1.10 1.14 3152
 1633 4513 3151 67 1 1.10 1.14 3152
 1633 4497 3151 67 1 1.10 1.14 3152
 1633 4305 3192 69 12 1.10 -4.86 3193
 1633 4449 3151 4 15 1.10 -5.86 3152
 1633 4353 3693 86 48 1.10 1.14 3694
 1649 4753 3151 86 23 1.10 1.14 3152
 1649 4737 3151 86 23 1.10 1.14 3152
 1649 4721 3151 86 31 1.10 1.14 3152
 1649 4705 3151 86 21 1.10 1.14 3152
 1649 4689 3151 4 15 1.10 -5.86 3152
 1649 4657 3151 67 1 1.10 1.14 3152
 1649 4609 3151 84 1 6.10 6.14 3152
 1649 4289 3151 86 26 1.10 1.14 3152
 1649 4337 3151 86 20 1.10 1.14 3152
 1649 4417 3151 86 23 1.10 1.14 3152
 1649 4433 3151 86 29 1.10 1.14 3152
 1649 4449 3151 86 25 1.10 1.14 3152
 1649 4497 3151 67 1 1.10 1.14 3152
 1649 4305 3192 69 12 1.10 -4.86 3193
 1649 4465 3151 4 15 1.10 -5.86 3152
 1665 4129 3693 86 48 1.10 1.14 3694
 1665 4753 3151 86 23 1.10 1.14 3152
 1665 4737 3151 86 23 1.10 1.14 3152
 1665 4721 3151 86 20 1.10 1.14 3152
 1665 4705 3151 4 15 1.10 -5.86 3152
 1665 4657 3151 67 1 1.10 1.14 3152
 1665 4609 3151 4 15 1.10 -5.86 3152
 1665 4593 3151 4 15 1.10 -5.86 3152
 1665 4577 3151 4 15 1.10 -5.86 3152
 1665 4561 3151 4 15 1.10 -5.86 3152
 1665 4545 3151 4 15 1.10 -5.86 3152
 1665 4289 3151 86 26 1.10 1.14 3152
 1665 4337 3151 86 20 1.10 1.14 3152
 1665 4417 3151 86 23 1.10 1.14 3152
 1665 4433 3151 86 23 1.10 1.14 3152
 1665 4449 3151 86 26 1.10 1.14 3152
 1665 4497 3151 67 1 1.10 1.14 3152
 1665 4305 3192 69 12 1.10 -4.86 3193
 1665 4465 3151 4 15 1.10 -5.86 3152
 1681 4753 3151 86 23 1.10 1.14 3152
 1681 4737 3151 86 23 1.10 1.14 3152
 1681 4721 3151 86 20 1.10 1.14 3152
 1681 4705 3151 4 15 1.10 -5.86 3152
 1681 4657 3151 67 1 1.10 1.14 3152
 1681 4641 3151 4 15 1.10 -5.86 3152
 1681 4625 3151 4 15 1.10 -5.86 3152
 1681 4609 3151 86 25 1.10 1.14 3152
 1681 4593 3151 86 22 1.10 1.14 3152
 1681 4577 3151 86 22 1.10 1.14 3152
 1681 4561 3151 86 22 1.10 1.14 3152
 1681 4545 3151 86 19 1.10 1.14 3152
 1681 4529 3151 4 15 1.10 -5.86 3152
 1681 4289 3151 86 26 1.10 1.14 3152
 1681 4337 3151 86 20 1.10 1.14 3152
 1681 4417 3151 86 23 1.10 1.14 3152
 1681 4433 3151 86 23 1.10 1.14 3152
 1681 4449 3151 86 26 1.10 1.14 3152
 1681 4497 3151 67 1 1.10 1.14 3152
 1681 4305 3192 69 12 1.10 -4.86 3193
 1681 4465 3151 4 15 1.10 -5.86 3152
 1697 4753 3151 86 23 1.10 1.14 3152
 1697 4737 3151 86 23 1.10 1.14 3152
 1697 4721 3151 86 20 1.10 1.14 3152
 1697 4705 3151 4 15 1.10 -5.86 3152
 1697 4657 3151 67 1 1.10 1.14 3152
 1697 4641 3151 4 15 1.10 -5.86 3152
 1697 4625 3151 86 25 1.10 1.14 3152
 1697 4609 3151 86 29 1.10 1.14 3152
 1697 4593 3151 86 23 1.10 1.14 3152
 1697 4577 3151 86 23 1.10 1.14 3152
 1697 4561 3151 86 23 1.10 1.14 3152
 1697 4545 3151 86 20 1.10 1.14 3152
 1697 4529 3151 4 15 1.10 -5.86 3152
 1697 4289 3151 86 26 1.10 1.14 3152
 1697 4337 3151 86 20 1.10 1.14 3152
 1697 4353 3151 86 23 1.10 1.14 3152
 1697 4369 3151 86 23 1.10 1.14 3152
 1697 4385 3151 86 23 1.10 1.14 3152
 1697 4401 3151 86 23 1.10 1.14 3152
 1697 4417 3151 86 23 1.10 1.14 3152
 1697 4433 3151 86 23 1.10 1.14 3152
 1697 4449 3151 86 26 1.10 1.14 3152
 1697 4497 3151 67 1 1.10 1.14 3152
 1697 4305 3192 69 12 1.10 -4.86 3193
 1697 4465 3151 4 15 1.10 -5.86 3152
 1697 4193 3195 86 49 1.10 1.14 3196
 1713 4753 3151 86 23 1.10 1.14 3152
 1713 4737 3151 86 23 1.10 1.14 3152
 1713 4721 3151 86 20 1.10 1.14 3152
 1713 4705 3151 4 15 1.10 -5.86 3152
 1713 4657 3151 67 1 1.10 1.14 3152
 1713 4641 3151 4 15 1.10 -5.86 3152
 1713 4625 3151 86 26 1.10 1.14 3152
 1713 4609 3151 86 23 1.10 1.14 3152
 1713 4593 3151 86 23 1.10 1.14 3152
 1713 4577 3151 86 23 1.10 1.14 3152
 1713 4561 3151 86 23 1.10 1.14 3152
 1713 4545 3151 86 20 1.10 1.14 3152
 1713 4529 3151 4 15 1.10 -5.86 3152
 1713 4289 3151 86 26 1.10 1.14 3152
 1713 4337 3151 86 20 1.10 1.14 3152
 1713 4353 3151 86 23 1.10 1.14 3152
 1713 4369 3151 86 23 1.10 1.14 3152
 1713 4385 3151 86 23 1.10 1.14 3152
 1713 4401 3151 86 23 1.10 1.14 3152
 1713 4417 3151 86 23 1.10 1.14 3152
 1713 4433 3151 86 23 1.10 1.14 3152
 1713 4449 3151 86 26 1.10 1.14 3152
 1713 4497 3151 67 1 1.10 1.14 3152
 1713 4305 3192 69 12 1.10 -4.86 3193
 1713 4465 3151 4 15 1.10 -5.86 3152
 1729 4129 3693 86 48 1.10 1.14 3694
 1729 4753 3151 86 23 1.10 1.14 3152
 1729 4737 3151 86 23 1.10 1.14 3152
 1729 4721 3151 86 20 1.10 1.14 3152
 1729 4705 3151 4 15 1.10 -5.86 3152
 1729 4657 3151 67 1 1.10 1.14 3152
 1729 4641 3151 4 15 1.10 -5.86 3152
 1729 4625 3151 86 27 1.10 1.14 3152
 1729 4609 3151 86 24 1.10 1.14 3152
 1729 4593 3151 86 24 1.10 1.14 3152
 1729 4577 3151 86 24 1.10 1.14 3152
 1729 4561 3151 86 24 1.10 1.14 3152
 1729 4545 3151 86 21 1.10 1.14 3152
 1729 4529 3151 4 15 1.10 -5.86 3152
 1729 4289 3151 86 26 1.10 1.14 3152
 1729 4337 3151 86 20 1.10 1.14 3152
 1729 4353 3151 86 23 1.10 1.14 3152
 1729 4369 3151 86 23 1.10 1.14 3152
 1729 4385 3151 86 23 1.10 1.14 3152
 1729 4401 3151 86 23 1.10 1.14 3152
 1729 4417 3151 86 23 1.10 1.14 3152
 1729 4433 3151 86 23 1.10 1.14 3152
 1729 4449 3151 86 26 1.10 1.14 3152
 1729 4497 3151 67 1 1.10 1.14 3152
 1729 4305 3192 69 12 1.10 -4.86 3193
 1729 4465 3151 4 15 1.10 -5.86 3152
 1745 4753 3151 86 23 1.10 1.14 3152
 1745 4737 3151 86 23 1.10 1.14 3152
 1745 4721 3151 86 20 1.10 1.14 3152
 1745 4705 3151 4 15 1.10 -5.86 3152
 1745 4657 3151 67 1 1.10 1.14 3152
 1745 4625 3151 4 15 1.10 -5.86 3152
 1745 4609 3151 4 15 1.10 -5.86 3152
 1745 4593 3151 4 15 1.10 -5.86 3152
 1745 4577 3151 4 15 1.10 -5.86 3152
 1745 4561 3151 4 15 1.10 -5.86 3152
 1745 4529 3151 4 15 1.10 -5.86 3152
 1745 4289 3151 86 26 1.10 1.14 3152
 1745 4337 3151 86 20 1.10 1.14 3152
 1745 4449 3151 86 26 1.10 1.14 3152
 1745 4497 3151 67 1 1.10 1.14 3152
 1745 4305 3192 69 12 1.10 -4.86 3193
 1745 4465 3151 4 15 1.10 -5.86 3152
 1745 4353 3195 86 49 1.10 1.14 3196
 1761 4753 3151 86 23 1.10 1.14 3152
 1761 4737 3151 86 23 1.10 1.14 3152
 1761 4721 3151 86 30 1.10 1.14 3152
 1761 4705 3151 86 19 1.10 1.14 3152
 1761 4689 3151 4 15 1.10 -5.86 3152
 1761 4657 3151 67 1 1.10 1.14 3152
 1761 4609 3151 84 1 6.10 6.14 3152
 1761 4545 3151 4 15 1.10 -5.86 3152
 1761 4289 3151 86 26 1.10 1.14 3152
 1761 4337 3151 86 20 1.10 1.14 3152
 1761 4449 3151 86 26 1.10 1.14 3152
 1761 4497 3151 67 1 1.10 1.14 3152
 1761 4305 3192 69 12 1.10 -4.86 3193
 1761 4465 3151 4 15 1.10 -5.86 3152
 1777 4753 3151 86 23 1.10 1.14 3152
 1777 4737 3151 86 23 1.10 1.14 3152
 1777 4721 3151 86 23 1.10 1.14 3152
 1777 4705 3151 86 30 1.10 1.14 3152
 1777 4689 3151 86 19 1.10 1.14 3152
 1777 4673 3151 4 15 1.10 -5.86 3152
 1777 4641 3151 67 1 1.10 1.14 3152
 1777 4625 3151 67 1 1.10 1.14 3152
 1777 4609 3151 84 1 6.10 6.14 3152
 1777 4609 3151 67 1 1.10 1.14 3152
 1777 4593 3151 67 1 1.10 1.14 3152
 1777 4529 3151 59 20 1.10 1.14 3152
 1777 4545 3151 67 1 1.10 1.14 3152
 1777 4577 3151 67 1 1.10 1.14 3152
 1777 4561 3151 67 1 1.10 1.14 3152
 1777 4289 3151 86 26 1.10 1.14 3152
 1777 4337 3151 86 20 1.10 1.14 3152
 1777 4449 3151 86 26 1.10 1.14 3152
 1777 4513 3151 67 1 1.10 1.14 3152
 1777 4305 3192 69 12 1.10 -4.86 3193
 1777 4465 3151 4 15 1.10 -5.86 3152
 1793 4129 3693 86 48 1.10 1.14 3694
 1793 4753 3151 86 23 1.10 1.14 3152
 1793 4737 3151 86 23 1.10 1.14 3152
 1793 4721 3151 86 23 1.10 1.14 3152
 1793 4705 3151 86 23 1.10 1.14 3152
 1793 4689 3151 86 30 1.10 1.14 3152
 1793 4673 3151 86 19 1.10 1.14 3152
 1793 4657 3151 4 15 1.10 -5.86 3152
 1793 4609 3151 84 1 6.10 6.14 3152
 1793 4529 3151 59 20 1.10 1.14 3152
 1793 4561 3151 67 1 1.10 1.14 3152
 1793 4289 3151 86 26 1.10 1.14 3152
 1793 4337 3151 86 20 1.10 1.14 3152
 1793 4449 3151 86 29 1.10 1.14 3152
 1793 4465 3151 86 25 1.10 1.14 3152
 1793 4305 3192 69 12 1.10 -4.86 3193
 1793 4481 3151 4 15 1.10 -5.86 3152
 1793 4193 3195 86 49 1.10 1.14 3196
 1809 4753 3151 86 23 1.10 1.14 3152
 1809 4737 3151 86 23 1.10 1.14 3152
 1809 4721 3151 86 23 1.10 1.14 3152
 1809 4705 3151 86 23 1.10 1.14 3152
 1809 4689 3151 86 23 1.10 1.14 3152
 1809 4673 3151 86 30 1.10 1.14 3152
 1809 4657 3151 86 19 1.10 1.14 3152
 1809 4641 3151 4 15 1.10 -5.86 3152
 1809 4625 3151 4 15 1.10 -5.86 3152
 1809 4561 3151 67 1 1.10 1.14 3152
 1809 4609 3151 4 15 1.10 -5.86 3152
 1809 4593 3151 4 15 1.10 -5.86 3152
 1809 4289 3151 86 26 1.10 1.14 3152
 1809 4337 3151 86 20 1.10 1.14 3152
 1809 4449 3151 86 23 1.10 1.14 3152
 1809 4465 3151 86 29 1.10 1.14 3152
 1809 4481 3151 86 25 1.10 1.14 3152
 1809 4305 3192 69 12 1.10 -4.86 3193
 1809 4497 3151 4 15 1.10 -5.86 3152
 1809 4513 3151 4 15 1.10 -5.86 3152
 1825 4657 3151 86 30 1.10 1.14 3152
 1825 4641 3151 86 22 1.10 1.14 3152
 1825 4625 3151 86 22 1.10 1.14 3152
 1825 4609 3151 86 22 1.10 1.14 3152
 1825 4593 3151 86 19 1.10 1.14 3152
 1825 4561 3151 67 1 1.10 1.14 3152
 1825 4529 3151 4 15 1.10 -5.86 3152
 1825 4577 3151 4 15 1.10 -5.86 3152
 1825 4289 3151 86 26 1.10 1.14 3152
 1825 4337 3151 86 20 1.10 1.14 3152
 1825 4449 3151 86 23 1.10 1.14 3152
 1825 4465 3151 86 23 1.10 1.14 3152
 1825 4481 3151 86 29 1.10 1.14 3152
 1825 4497 3151 86 22 1.10 1.14 3152
 1825 4513 3151 86 25 1.10 1.14 3152
 1825 4305 3192 69 12 1.10 -4.86 3193
 1825 4673 3195 86 49 1.10 1.14 3196
 1841 4657 3151 86 23 1.10 1.14 3152
 1841 4641 3151 86 23 1.10 1.14 3152
 1841 4625 3151 86 23 1.10 1.14 3152
 1841 4609 3151 86 31 1.10 1.14 3152
 1841 4593 3151 86 21 1.10 1.14 3152
 1841 4561 3151 67 1 1.10 1.14 3152
 1841 4529 3151 4 15 1.10 -5.86 3152
 1841 4577 3151 4 15 1.10 -5.86 3152
 1841 4289 3151 86 26 1.10 1.14 3152
 1841 4337 3151 86 20 1.10 1.14 3152
 1841 4353 3151 86 23 1.10 1.14 3152
 1841 4369 3151 86 23 1.10 1.14 3152
 1841 4385 3151 86 23 1.10 1.14 3152
 1841 4497 3151 86 23 1.10 1.14 3152
 1841 4513 3151 86 26 1.10 1.14 3152
 1841 4305 3192 69 12 1.10 -4.86 3193
 1841 4401 3195 86 49 1.10 1.14 3196
 1857 4129 3693 86 48 1.10 1.14 3694
 1857 4657 3151 86 23 1.10 1.14 3152
 1857 4641 3151 86 23 1.10 1.14 3152
 1857 4625 3151 86 23 1.10 1.14 3152
 1857 4609 3151 86 20 1.10 1.14 3152
 1857 4561 3151 67 1 1.10 1.14 3152
 1857 4529 3151 4 15 1.10 -5.86 3152
 1857 4593 3151 4 15 1.10 -5.86 3152
 1857 4289 3151 86 26 1.10 1.14 3152
 1857 4337 3151 86 20 1.10 1.14 3152
 1857 4353 3151 86 23 1.10 1.14 3152
 1857 4369 3151 86 23 1.10 1.14 3152
 1857 4385 3151 86 23 1.10 1.14 3152
 1857 4497 3151 86 23 1.10 1.14 3152
 1857 4513 3151 86 26 1.10 1.14 3152
 1857 4305 3192 69 12 1.10 -4.86 3193
 1873 4289 3151 86 26 1.10 1.14 3152
 1873 4337 3151 86 20 1.10 1.14 3152
 1873 4353 3151 86 23 1.10 1.14 3152
 1873 4369 3151 86 23 1.10 1.14 3152
 1873 4385 3151 86 23 1.10 1.14 3152
 1873 4497 3151 86 28 1.10 1.14 3152
 1873 4305 3192 69 12 1.10 -4.86 3193
 1873 4513 3151 86 27 1.10 1.14 3152
 1873 4657 3151 86 23 1.10 1.14 3152
 1873 4641 3151 86 23 1.10 1.14 3152
 1873 4625 3151 86 23 1.10 1.14 3152
 1873 4609 3151 86 20 1.10 1.14 3152
 1873 4561 3151 67 1 1.10 1.14 3152
 1873 4529 3151 4 15 1.10 -5.86 3152
 1873 4593 3151 4 15 1.10 -5.86 3152
 1889 4289 3151 86 26 1.10 1.14 3152
 1889 4385 3151 86 23 1.10 1.14 3152
 1889 4337 3151 86 20 1.10 1.14 3152
 1889 4353 3151 86 23 1.10 1.14 3152
 1889 4369 3151 86 23 1.10 1.14 3152
 1889 4497 3151 86 26 1.10 1.14 3152
 1889 4305 3192 69 12 1.10 -4.86 3193
 1889 4193 3195 86 49 1.10 1.14 3196
 1889 4657 3151 86 23 1.10 1.14 3152
 1889 4641 3151 86 23 1.10 1.14 3152
 1889 4625 3151 86 23 1.10 1.14 3152
 1889 4609 3151 86 20 1.10 1.14 3152
 1889 4561 3151 67 1 1.10 1.14 3152
 1889 4513 3151 4 15 1.10 -5.86 3152
 1889 4593 3151 4 15 1.10 -5.86 3152
 1905 4289 3151 86 26 1.10 1.14 3152
 1905 4385 3151 86 23 1.10 1.14 3152
 1905 4337 3151 86 20 1.10 1.14 3152
 1905 4353 3151 86 23 1.10 1.14 3152
 1905 4369 3151 86 23 1.10 1.14 3152
 1905 4497 3151 86 26 1.10 1.14 3152
 1905 4305 3192 69 12 1.10 -4.86 3193
 1905 4545 3151 67 1 1.10 1.14 3152
 1905 4657 3151 86 23 1.10 1.14 3152
 1905 4641 3151 86 23 1.10 1.14 3152
 1905 4625 3151 86 23 1.10 1.14 3152
 1905 4609 3151 86 30 1.10 1.14 3152
 1905 4593 3151 86 19 1.10 1.14 3152
 1905 4561 3151 67 1 1.10 1.14 3152
 1905 4513 3151 4 15 1.10 -5.86 3152
 1905 4577 3151 4 15 1.10 -5.86 3152
 1921 4609 3693 86 48 1.10 1.14 3694
 1921 4673 3195 86 49 1.10 1.14 3196
 1921 4129 3693 86 48 1.10 1.14 3694
 1921 4289 3151 86 26 1.10 1.14 3152
 1921 4337 3151 86 20 1.10 1.14 3152
 1921 4353 3151 86 23 1.10 1.14 3152
 1921 4369 3151 86 23 1.10 1.14 3152
 1921 4385 3151 86 23 1.10 1.14 3152
 1921 4497 3151 86 26 1.10 1.14 3152
 1921 4305 3192 69 12 1.10 -4.86 3193
 1921 4545 3151 67 1 1.10 1.14 3152
 1921 4593 3151 86 30 1.10 1.14 3152
 1921 4577 3151 86 19 1.10 1.14 3152
 1921 4513 3151 4 15 1.10 -5.86 3152
 1921 4561 3151 4 15 1.10 -5.86 3152
 1937 4289 3151 86 26 1.10 1.14 3152
 1937 4337 3151 86 20 1.10 1.14 3152
 1937 4353 3151 86 23 1.10 1.14 3152
 1937 4369 3151 86 23 1.10 1.14 3152
 1937 4385 3151 86 23 1.10 1.14 3152
 1937 4497 3151 86 26 1.10 1.14 3152
 1937 4305 3192 69 12 1.10 -4.86 3193
 1937 4545 3151 67 1 1.10 1.14 3152
 1937 4593 3151 86 23 1.10 1.14 3152
 1937 4577 3151 86 20 1.10 1.14 3152
 1937 4513 3151 4 15 1.10 -5.86 3152
 1937 4561 3151 4 15 1.10 -5.86 3152
 1937 4401 3195 86 49 1.10 1.14 3196
 1953 4593 3151 86 23 1.10 1.14 3152
 1953 4577 3151 86 20 1.10 1.14 3152
 1953 4561 3151 4 15 1.10 -5.86 3152
 1953 4385 3151 86 23 1.10 1.14 3152
 1953 4369 3151 86 23 1.10 1.14 3152
 1953 4353 3151 86 23 1.10 1.14 3152
 1953 4337 3151 86 20 1.10 1.14 3152
 1953 4289 3151 86 26 1.10 1.14 3152
 1953 4497 3151 86 26 1.10 1.14 3152
 1953 4305 3192 69 12 1.10 -4.86 3193
 1953 4545 3151 67 1 1.10 1.14 3152
 1953 4513 3151 4 15 1.10 -5.86 3152
 1969 4593 3151 86 23 1.10 1.14 3152
 1969 4577 3151 86 20 1.10 1.14 3152
 1969 4561 3151 4 15 1.10 -5.86 3152
 1969 4385 3151 86 23 1.10 1.14 3152
 1969 4369 3151 86 23 1.10 1.14 3152
 1969 4353 3151 86 23 1.10 1.14 3152
 1969 4337 3151 86 20 1.10 1.14 3152
 1969 4289 3151 86 26 1.10 1.14 3152
 1969 4497 3151 86 26 1.10 1.14 3152
 1969 4305 3192 69 12 1.10 -4.86 3193
 1969 4529 3151 4 15 1.10 -5.86 3152
 1969 4545 3151 67 1 1.10 1.14 3152
 1985 4593 3151 86 23 1.10 1.14 3152
 1985 4577 3151 86 20 1.10 1.14 3152
 1985 4609 3693 86 48 1.10 1.14 3694
 1985 4561 3151 4 15 1.10 -5.86 3152
 1985 4129 3693 86 48 1.10 1.14 3694
 1985 4385 3151 86 23 1.10 1.14 3152
 1985 4369 3151 86 23 1.10 1.14 3152
 1985 4353 3151 86 23 1.10 1.14 3152
 1985 4337 3151 86 20 1.10 1.14 3152
 1985 4289 3151 86 26 1.10 1.14 3152
 1985 4305 3192 69 12 1.10 -4.86 3193
 1985 4193 3195 86 49 1.10 1.14 3196
 1985 4497 3151 86 26 1.10 1.14 3152
 1985 4513 3151 4 15 1.10 -5.86 3152
 1985 4545 3151 67 1 1.10 1.14 3152
 2001 4593 3151 86 23 1.10 1.14 3152
 2001 4577 3151 86 20 1.10 1.14 3152
 2001 4561 3151 4 15 1.10 -5.86 3152
 2001 4289 3151 86 26 1.10 1.14 3152
 2001 4305 3192 69 12 1.10 -4.86 3193
 2001 4337 3151 86 20 1.10 1.14 3152
 2001 4353 3151 86 23 1.10 1.14 3152
 2001 4369 3151 86 23 1.10 1.14 3152
 2001 4385 3151 86 23 1.10 1.14 3152
 2001 4497 3151 86 26 1.10 1.14 3152
 2001 4513 3151 4 15 1.10 -5.86 3152
 2017 4593 3151 86 23 1.10 1.14 3152
 2017 4577 3151 86 20 1.10 1.14 3152
 2017 4673 3195 86 49 1.10 1.14 3196
 2017 4561 3151 4 15 1.10 -5.86 3152
 2017 4289 3151 86 26 1.10 1.14 3152
 2017 4305 3192 69 12 1.10 -4.86 3193
 2017 4337 3151 86 20 1.10 1.14 3152
 2017 4353 3151 86 23 1.10 1.14 3152
 2017 4369 3151 86 23 1.10 1.14 3152
 2017 4385 3151 86 23 1.10 1.14 3152
 2017 4497 3151 86 26 1.10 1.14 3152
 2017 4513 3151 4 15 1.10 -5.86 3152
 2033 4593 3151 86 23 1.10 1.14 3152
 2033 4577 3151 86 20 1.10 1.14 3152
 2033 4289 3151 86 26 1.10 1.14 3152
 2033 4305 3192 69 12 1.10 -4.86 3193
 2033 4337 3151 86 20 1.10 1.14 3152
 2033 4353 3151 86 23 1.10 1.14 3152
 2033 4369 3151 86 23 1.10 1.14 3152
 2033 4385 3151 86 23 1.10 1.14 3152
 2033 4401 3151 86 23 1.10 1.14 3152
 2033 4433 3151 86 23 1.10 1.14 3152
 2033 4417 3151 86 23 1.10 1.14 3152
 2033 4449 3151 86 23 1.10 1.14 3152
 2033 4465 3151 86 23 1.10 1.14 3152
 2033 4481 3151 86 23 1.10 1.14 3152
 2033 4497 3151 86 26 1.10 1.14 3152
 2049 4593 3151 86 23 1.10 1.14 3152
 2049 4577 3151 86 20 1.10 1.14 3152
 2049 4609 3693 86 48 1.10 1.14 3694
 2049 4129 3693 86 48 1.10 1.14 3694
 2049 4289 3151 86 26 1.10 1.14 3152
 2049 4305 3192 69 12 1.10 -4.86 3193
 2049 4337 3151 86 20 1.10 1.14 3152
 2049 4353 3151 86 23 1.10 1.14 3152
 2049 4369 3693 86 48 1.10 1.14 3694
 2049 4433 3693 86 48 1.10 1.14 3694
 2049 4497 3151 86 26 1.10 1.14 3152
 2065 4593 3151 86 23 1.10 1.14 3152
 2065 4577 3151 86 20 1.10 1.14 3152
 2065 4289 3151 86 26 1.10 1.14 3152
 2065 4305 3192 69 12 1.10 -4.86 3193
 2065 4337 3151 86 20 1.10 1.14 3152
 2065 4353 3151 86 23 1.10 1.14 3152
 2065 4497 3151 86 26 1.10 1.14 3152
 2081 4593 3151 86 23 1.10 1.14 3152
 2081 4577 3151 86 20 1.10 1.14 3152
 2081 4193 3195 86 49 1.10 1.14 3196
 2081 4289 3151 86 26 1.10 1.14 3152
 2081 4305 3192 69 12 1.10 -4.86 3193
 2081 4337 3151 86 20 1.10 1.14 3152
 2081 4353 3151 86 23 1.10 1.14 3152
 2081 4497 3151 86 26 1.10 1.14 3152
 2081 4529 3192 70 11 1.10 -4.86 3193
 2097 4593 3151 86 23 1.10 1.14 3152
 2097 4577 3151 86 30 1.10 1.14 3152
 2097 4561 3151 86 22 1.10 1.14 3152
 2097 4289 3151 86 26 1.10 1.14 3152
 2097 4305 3192 69 12 1.10 -4.86 3193
 2097 4337 3151 86 20 1.10 1.14 3152
 2097 4353 3151 86 23 1.10 1.14 3152
 2097 4497 3151 86 29 1.10 1.14 3152
 2097 4513 3151 86 22 1.10 1.14 3152
 2097 4529 3192 69 12 1.10 -4.86 3193
 2113 4657 3151 86 23 1.10 1.14 3152
 2113 4641 3151 86 23 1.10 1.14 3152
 2113 4625 3151 61 7 1.10 1.14 3152 come sei finito qua sotto?#Bhe dai che pero' sei qua#eccoti un indizio...#sali :D
 2113 4609 3151 86 23 1.10 1.14 3152
 2113 4593 3151 86 23 1.10 1.14 3152
 2113 4577 3151 86 23 1.10 1.14 3152
 2113 4561 3151 86 23 1.10 1.14 3152
 2113 4673 3195 86 49 1.10 1.14 3196
 2113 4129 3693 86 48 1.10 1.14 3694
 2113 4289 3151 86 26 1.10 1.14 3152
 2113 4305 3192 69 12 1.10 -4.86 3193
 2113 4337 3151 86 21 1.10 1.14 3152
 2113 4353 3151 86 24 1.10 1.14 3152
 2113 4369 3151 86 24 1.10 1.14 3152
 2113 4385 3151 86 24 1.10 1.14 3152
 2113 4401 3151 86 24 1.10 1.14 3152
 2113 4417 3151 86 24 1.10 1.14 3152
 2113 4433 3151 86 31 1.10 1.14 3152
 2113 4449 3151 86 23 1.10 1.14 3152
 2113 4465 3151 86 23 1.10 1.14 3152
 2113 4481 3151 86 23 1.10 1.14 3152
 2113 4497 3151 86 23 1.10 1.14 3152
 2113 4513 3151 86 23 1.10 1.14 3152
 2113 4529 3192 69 12 1.10 -4.86 3193
 2129 4657 3151 86 23 1.10 1.14 3152
 2129 4641 3151 86 23 1.10 1.14 3152
 2129 4625 3151 86 23 1.10 1.14 3152
 2129 4609 3151 86 23 1.10 1.14 3152
 2129 4593 3151 86 23 1.10 1.14 3152
 2129 4577 3151 86 23 1.10 1.14 3152
 2129 4561 3151 86 23 1.10 1.14 3152
 2129 4289 3151 86 26 1.10 1.14 3152
 2129 4305 3196 69 19 1.10 -4.86 3197
 2129 4337 3694 69 10 1.10 -4.86 3695
 2129 4353 3694 69 10 1.10 -4.86 3695
 2129 4369 3694 69 10 1.10 -4.86 3695
 2129 4385 3694 69 10 1.10 -4.86 3695
 2129 4401 3196 69 21 1.10 -4.86 3197
 2129 4433 3151 86 20 1.10 1.14 3152
 2129 4449 3151 86 23 1.10 1.14 3152
 2129 4465 3151 86 23 1.10 1.14 3152
 2129 4481 3151 86 23 1.10 1.14 3152
 2129 4497 3151 86 23 1.10 1.14 3152
 2129 4513 3151 86 23 1.10 1.14 3152
 2129 4529 3192 69 12 1.10 -4.86 3193
 2145 4657 3151 86 23 1.10 1.14 3152
 2145 4641 3151 86 23 1.10 1.14 3152
 2145 4625 3151 86 23 1.10 1.14 3152
 2145 4609 3151 86 23 1.10 1.14 3152
 2145 4593 3151 86 23 1.10 1.14 3152
 2145 4577 3151 86 23 1.10 1.14 3152
 2145 4561 3151 86 23 1.10 1.14 3152
 2145 4289 3151 86 26 1.10 1.14 3152
 2145 4433 3151 86 20 1.10 1.14 3152
 2145 4449 3151 86 23 1.10 1.14 3152
 2145 4465 3151 86 23 1.10 1.14 3152
 2145 4481 3151 86 23 1.10 1.14 3152
 2145 4497 3151 86 23 1.10 1.14 3152
 2145 4513 3151 86 23 1.10 1.14 3152
 2145 4529 3192 69 12 1.10 -4.86 3193
 2161 4625 3151 86 23 1.10 1.14 3152
 2161 4609 3151 86 23 1.10 1.14 3152
 2161 4593 3151 86 23 1.10 1.14 3152
 2161 4577 3151 86 31 1.10 1.14 3152
 2161 4561 3151 86 24 1.10 1.14 3152
 2161 4641 3192 67 26 1.10 1.14 3193
 2161 4289 3151 86 29 1.10 1.14 3152
 2161 4305 3151 86 22 1.10 1.14 3152
 2161 4321 3151 86 22 1.10 1.14 3152
 2161 4337 3151 86 22 1.10 1.14 3152
 2161 4353 3151 86 22 1.10 1.14 3152
 2161 4369 3151 86 22 1.10 1.14 3152
 2161 4385 3151 86 25 1.10 1.14 3152
 2161 4401 3192 69 12 1.10 -4.86 3193
 2161 4433 3151 86 20 1.10 1.14 3152
 2161 4449 3151 86 23 1.10 1.14 3152
 2161 4465 3151 86 23 1.10 1.14 3152
 2161 4481 3151 86 23 1.10 1.14 3152
 2161 4497 3151 86 28 1.10 1.14 3152
 2161 4513 3151 86 24 1.10 1.14 3152
 2161 4529 3192 69 12 1.10 -4.86 3193
 2177 4593 3151 86 23 1.10 1.14 3152
 2177 4577 3151 86 20 1.10 1.14 3152
 2177 4609 3693 86 48 1.10 1.14 3694
 2177 3921 3195 86 49 1.10 1.14 3196
 2177 4017 3151 86 23 1.10 1.14 3152
 2177 4081 3151 86 41 1.10 1.14 3152
 2177 4065 3151 86 28 1.10 1.14 3152
 2177 4049 3151 86 23 1.10 1.14 3152
 2177 4033 3151 86 23 1.10 1.14 3152
 2177 4129 3693 86 48 1.10 1.14 3694
 2177 4193 3195 86 49 1.10 1.14 3196
 2177 4385 3151 86 26 1.10 1.14 3152
 2177 4401 3192 69 12 1.10 -4.86 3193
 2177 4289 3195 86 49 1.10 1.14 3196
 2177 4433 3151 86 20 1.10 1.14 3152
 2177 4449 3151 86 23 1.10 1.14 3152
 2177 4465 3151 86 23 1.10 1.14 3152
 2177 4481 3151 86 23 1.10 1.14 3152
 2177 4497 3151 86 26 1.10 1.14 3152
 2177 4529 3192 70 11 1.10 -4.86 3193
 2193 4593 3151 86 23 1.10 1.14 3152
 2193 4577 3151 86 20 1.10 1.14 3152
 2193 4017 3151 86 23 1.10 1.14 3152
 2193 4113 3151 86 34 1.10 1.14 3152
 2193 4065 3151 86 41 1.10 1.14 3152
 2193 4049 3151 86 28 1.10 1.14 3152
 2193 4033 3151 86 23 1.10 1.14 3152
 2193 4385 3151 86 26 1.10 1.14 3152
 2193 4401 3192 69 12 1.10 -4.86 3193
 2193 4433 3151 86 20 1.10 1.14 3152
 2193 4449 3151 86 23 1.10 1.14 3152
 2193 4465 3151 86 23 1.10 1.14 3152
 2193 4481 3151 86 23 1.10 1.14 3152
 2193 4497 3151 86 26 1.10 1.14 3152
 2209 4593 3151 86 23 1.10 1.14 3152
 2209 4577 3151 86 20 1.10 1.14 3152
 2209 4673 3195 86 49 1.10 1.14 3196
 2209 4113 3151 95 2 1300001.10 1300001.14 3152 305 353
 2209 4097 3151 95 2 1300001.10 1300001.14 3152 305 353
 2209 4081 3151 95 2 1300001.10 1300001.14 3152 305 353
 2209 4065 3151 95 1 1300001.10 1300001.14 3152 305 337
 2209 4017 3151 86 23 1.10 1.14 3152
 2209 4113 3151 86 35 1.10 1.14 3152
 2209 4049 3151 86 41 1.10 1.14 3152
 2209 4033 3151 86 28 1.10 1.14 3152
 2209 4385 3151 86 26 1.10 1.14 3152
 2209 4401 3192 69 12 1.10 -4.86 3193
 2209 4433 3151 86 20 1.10 1.14 3152
 2209 4449 3151 86 23 1.10 1.14 3152
 2209 4465 3151 86 23 1.10 1.14 3152
 2209 4481 3151 86 23 1.10 1.14 3152
 2209 4497 3151 86 26 1.10 1.14 3152
 2225 4593 3151 86 23 1.10 1.14 3152
 2225 4577 3151 86 20 1.10 1.14 3152
 2225 4017 3151 86 23 1.10 1.14 3152
 2225 4113 3151 86 30 1.10 1.14 3152
 2225 4097 3151 86 32 1.10 1.14 3152
 2225 4033 3151 86 46 1.10 1.14 3152
 2225 4385 3151 86 26 1.10 1.14 3152
 2225 4401 3192 69 12 1.10 -4.86 3193
 2225 4433 3151 86 20 1.10 1.14 3152
 2225 4449 3151 86 23 1.10 1.14 3152
 2225 4465 3151 86 23 1.10 1.14 3152
 2225 4481 3151 86 23 1.10 1.14 3152
 2225 4497 3151 86 26 1.10 1.14 3152
 2241 4609 3693 86 48 1.10 1.14 3694
 2241 4593 3151 86 23 1.10 1.14 3152
 2241 4577 3151 86 20 1.10 1.14 3152
 2241 4081 3151 95 2 1300001.10 1300001.14 3152 305 353
 2241 4065 3151 95 2 1300001.10 1300001.14 3152 305 353
 2241 4049 3151 95 1 1300001.10 1300001.14 3152 305 337
 2241 4017 3151 86 45 1.10 1.14 3152
 2241 4113 3151 86 23 1.10 1.14 3152
 2241 4081 3151 86 32 1.10 1.14 3152
 2241 4097 3151 86 30 1.10 1.14 3152
 2241 4033 3151 86 47 1.10 1.14 3152
 2241 4129 3693 86 48 1.10 1.14 3694
 2241 4385 3151 86 26 1.10 1.14 3152
 2241 4401 3192 69 12 1.10 -4.86 3193
 2241 4433 3151 86 20 1.10 1.14 3152
 2241 4449 3151 86 23 1.10 1.14 3152
 2241 4465 3151 86 23 1.10 1.14 3152
 2241 4481 3151 86 23 1.10 1.14 3152
 2241 4497 3151 86 26 1.10 1.14 3152
 2257 4017 3151 86 46 1.10 1.14 3152
 2257 4113 3151 86 23 1.10 1.14 3152
 2257 4065 3151 86 34 1.10 1.14 3152
 2257 4081 3151 86 36 1.10 1.14 3152
 2257 4097 3151 86 23 1.10 1.14 3152
 2257 4385 3151 86 26 1.10 1.14 3152
 2257 4401 3192 70 11 1.10 -4.86 3193
 2257 4433 3151 86 20 1.10 1.14 3152
 2257 4449 3151 86 23 1.10 1.14 3152
 2257 4465 3151 86 23 1.10 1.14 3152
 2257 4481 3151 86 23 1.10 1.14 3152
 2257 4497 3151 86 26 1.10 1.14 3152
 2257 4545 3151 86 19 1.10 1.14 3152
 2257 4593 3151 86 23 1.10 1.14 3152
 2257 4577 3151 86 30 1.10 1.14 3152
 2257 4561 3151 86 22 1.10 1.14 3152
 2273 4001 3151 95 2 1300001.10 1300001.14 3152 305 353
 2273 4017 3151 95 2 1300001.10 1300001.14 3152 305 353
 2273 4033 3151 95 2 1300001.10 1300001.14 3152 305 353
 2273 4049 3151 95 3 1300001.10 1300001.14 3152 305 369
 2273 3937 3151 86 23 1.10 1.14 3152
 2273 3953 3151 86 23 1.10 1.14 3152
 2273 3969 3151 86 23 1.10 1.14 3152
 2273 3985 3151 86 23 1.10 1.14 3152
 2273 4001 3151 86 45 1.10 1.14 3152
 2273 4017 3151 86 47 1.10 1.14 3152
 2273 4113 3151 86 23 1.10 1.14 3152
 2273 4065 3151 86 35 1.10 1.14 3152
 2273 4097 3151 86 23 1.10 1.14 3152
 2273 4081 3151 86 23 1.10 1.14 3152
 2273 4193 3195 86 49 1.10 1.14 3196
 2273 4289 3195 86 49 1.10 1.14 3196
 2273 4385 3151 86 26 1.10 1.14 3152
 2273 4433 3151 86 20 1.10 1.14 3152
 2273 4449 3151 86 23 1.10 1.14 3152
 2273 4465 3151 86 23 1.10 1.14 3152
 2273 4481 3151 86 23 1.10 1.14 3152
 2273 4497 3151 86 26 1.10 1.14 3152
 2273 4545 3151 86 20 1.10 1.14 3152
 2273 4593 3151 86 23 1.10 1.14 3152
 2273 4577 3151 86 23 1.10 1.14 3152
 2273 4561 3151 86 23 1.10 1.14 3152
 2289 3937 3151 86 23 1.10 1.14 3152
 2289 3953 3151 86 23 1.10 1.14 3152
 2289 3969 3151 86 28 1.10 1.14 3152
 2289 3985 3151 86 24 1.10 1.14 3152
 2289 4001 3151 86 27 1.10 1.14 3152
 2289 4113 3151 86 23 1.10 1.14 3152
 2289 4049 3151 86 32 1.10 1.14 3152
 2289 4065 3151 86 30 1.10 1.14 3152
 2289 4081 3151 86 23 1.10 1.14 3152
 2289 4097 3151 86 23 1.10 1.14 3152
 2289 4385 3151 86 26 1.10 1.14 3152
 2289 4433 3151 86 20 1.10 1.14 3152
 2289 4449 3151 86 23 1.10 1.14 3152
 2289 4465 3151 86 28 1.10 1.14 3152
 2289 4481 3151 86 24 1.10 1.14 3152
 2289 4497 3151 86 27 1.10 1.14 3152
 2289 4545 3151 84 1 6.10 6.14 3152
 2289 4545 3151 86 23 1.10 1.14 3152
 2289 4593 3151 86 23 1.10 1.14 3152
 2289 4577 3151 86 23 1.10 1.14 3152
 2289 4561 3151 86 23 1.10 1.14 3152
 2305 3937 3151 86 23 1.10 1.14 3152
 2305 3953 3151 86 28 1.10 1.14 3152
 2305 3969 3151 86 41 1.10 1.14 3152
 2305 4177 3151 86 31 1.10 1.14 3152
 2305 4161 3151 86 24 1.10 1.14 3152
 2305 4145 3151 86 24 1.10 1.14 3152
 2305 4129 3151 86 24 1.10 1.14 3152
 2305 4113 3151 86 24 1.10 1.14 3152
 2305 4065 3151 86 28 1.10 1.14 3152
 2305 4081 3151 86 24 1.10 1.14 3152
 2305 4097 3151 86 24 1.10 1.14 3152
 2305 4033 3151 86 34 1.10 1.14 3152
 2305 4049 3151 86 36 1.10 1.14 3152
 2305 4385 3151 86 26 1.10 1.14 3152
 2305 4433 3151 86 20 1.10 1.14 3152
 2305 4449 3151 86 23 1.10 1.14 3152
 2305 4465 3151 86 26 1.10 1.14 3152
 2305 4545 3151 84 1 6.10 6.14 3152
 2305 4545 3151 86 23 1.10 1.14 3152
 2305 4673 3195 86 49 1.10 1.14 3196
 2305 4609 3693 86 48 1.10 1.14 3694
 2305 4593 3151 86 23 1.10 1.14 3152
 2305 4577 3151 86 23 1.10 1.14 3152
 2305 4561 3151 86 23 1.10 1.14 3152
 2321 4033 3151 95 2 1300001.10 1300001.14 3152 305 353
 2321 3953 3151 95 2 1300001.10 1300001.14 3152 305 353
 2321 4017 3151 95 1 1300001.10 1300001.14 3152 305 337
 2321 3969 3151 95 3 1300001.10 1300001.14 3152 305 369
 2321 3937 3151 86 24 1.10 1.14 3152
 2321 3953 3151 86 41 1.10 1.14 3152
 2321 4177 3151 86 20 1.10 1.14 3152
 2321 4049 3151 86 28 1.10 1.14 3152
 2321 4065 3151 86 41 1.10 1.14 3152
 2321 4033 3151 86 35 1.10 1.14 3152
 2321 4385 3151 86 26 1.10 1.14 3152
 2321 4433 3151 86 20 1.10 1.14 3152
 2321 4449 3151 86 23 1.10 1.14 3152
 2321 4465 3151 86 26 1.10 1.14 3152
 2321 4545 3151 86 20 1.10 1.14 3152
 2321 4593 3151 86 23 1.10 1.14 3152
 2321 4577 3151 86 23 1.10 1.14 3152
 2321 4561 3151 86 23 1.10 1.14 3152
 2337 4017 3151 86 19 1.10 1.14 3152
 2337 4177 3151 86 20 1.10 1.14 3152
 2337 4049 3151 86 26 1.10 1.14 3152
 2337 4033 3151 86 30 1.10 1.14 3152
 2337 4097 3151 59 1 1.10 1.14 3152
 2337 4097 3151 67 10 0.10 0.14 3152
 2337 4385 3151 86 26 1.10 1.14 3152
 2337 4433 3151 86 20 1.10 1.14 3152
 2337 4449 3151 86 23 1.10 1.14 3152
 2337 4465 3151 86 26 1.10 1.14 3152
 2337 4513 3151 86 19 1.10 1.14 3152
 2337 4529 3151 86 22 1.10 1.14 3152
 2337 4545 3151 86 30 1.10 1.14 3152
 2337 4593 3151 86 23 1.10 1.14 3152
 2337 4577 3151 86 23 1.10 1.14 3152
 2337 4561 3151 86 23 1.10 1.14 3152
 2353 4145 3151 95 1 1300001.10 1300001.14 3152 305 337
 2353 4161 3151 95 1 1300001.10 1300001.14 3152 305 353
 2353 4177 3151 95 2 1300001.10 1300001.14 3152 305 353
 2353 4001 3151 86 19 1.10 1.14 3152
 2353 4017 3151 86 30 1.10 1.14 3152
 2353 4177 3151 86 20 1.10 1.14 3152
 2353 4049 3151 86 29 1.10 1.14 3152
 2353 4065 3151 86 40 1.10 1.14 3152
 2353 4033 3151 86 23 1.10 1.14 3152
 2353 4113 3151 59 1 1.10 1.14 3152
 2353 4113 3151 67 1 0.10 0.14 3152
 2353 4385 3151 86 26 1.10 1.14 3152
 2353 4433 3151 86 20 1.10 1.14 3152
 2353 4449 3151 86 23 1.10 1.14 3152
 2353 4465 3151 86 26 1.10 1.14 3152
 2353 4513 3151 86 20 1.10 1.14 3152
 2353 4529 3151 86 23 1.10 1.14 3152
 2353 4545 3693 86 48 1.10 1.14 3694
 2369 3985 3151 95 2 1300001.10 1300001.14 3152 305 353
 2369 3969 3151 95 2 1300001.10 1300001.14 3152 305 353
 2369 3953 3151 95 1 1300001.10 1300001.14 3152 305 337
 2369 3985 3151 86 32 1.10 1.14 3152
 2369 4001 3151 86 30 1.10 1.14 3152
 2369 4017 3151 86 23 1.10 1.14 3152
 2369 4209 3151 86 23 1.10 1.14 3152
 2369 4193 3151 86 23 1.10 1.14 3152
 2369 4177 3151 86 20 1.10 1.14 3152
 2369 4049 3151 86 23 1.10 1.14 3152
 2369 4065 3151 86 26 1.10 1.14 3152
 2369 4033 3151 86 23 1.10 1.14 3152
 2369 4129 3196 67 28 1.10 1.14 3197
 2369 4321 3151 86 23 1.10 1.14 3152
 2369 4305 3151 86 23 1.10 1.14 3152
 2369 4289 3151 86 23 1.10 1.14 3152
 2369 4273 3151 86 23 1.10 1.14 3152
 2369 4257 3151 86 23 1.10 1.14 3152
 2369 4241 3151 86 23 1.10 1.14 3152
 2369 4225 3151 86 23 1.10 1.14 3152
 2369 4337 3151 86 23 1.10 1.14 3152
 2369 4353 3151 86 23 1.10 1.14 3152
 2369 4369 3151 86 23 1.10 1.14 3152
 2369 4385 3151 86 26 1.10 1.14 3152
 2369 4433 3151 86 20 1.10 1.14 3152
 2369 4449 3151 86 23 1.10 1.14 3152
 2369 4465 3151 86 26 1.10 1.14 3152
 2369 4513 3151 86 20 1.10 1.14 3152
 2369 4529 3151 86 23 1.10 1.14 3152
 2369 4609 3693 86 48 1.10 1.14 3694
 2385 3937 3151 86 22 1.10 1.14 3152
 2385 3953 3151 86 22 1.10 1.14 3152
 2385 3969 3151 86 22 1.10 1.14 3152
 2385 3985 3151 86 30 1.10 1.14 3152
 2385 4001 3151 86 23 1.10 1.14 3152
 2385 4017 3151 86 23 1.10 1.14 3152
 2385 4209 3151 86 23 1.10 1.14 3152
 2385 4193 3151 86 23 1.10 1.14 3152
 2385 4177 3151 86 20 1.10 1.14 3152
 2385 4049 3151 86 28 1.10 1.14 3152
 2385 4065 3151 86 41 1.10 1.14 3152
 2385 4033 3151 86 23 1.10 1.14 3152
 2385 4321 3151 86 23 1.10 1.14 3152
 2385 4305 3151 86 23 1.10 1.14 3152
 2385 4289 3151 86 23 1.10 1.14 3152
 2385 4273 3151 86 23 1.10 1.14 3152
 2385 4257 3151 86 23 1.10 1.14 3152
 2385 4241 3151 86 23 1.10 1.14 3152
 2385 4225 3151 86 23 1.10 1.14 3152
 2385 4337 3151 86 23 1.10 1.14 3152
 2385 4353 3151 86 23 1.10 1.14 3152
 2385 4369 3151 86 23 1.10 1.14 3152
 2385 4385 3151 86 29 1.10 1.14 3152
 2385 4401 3192 70 11 1.10 -4.86 3193
 2385 4433 3151 86 30 1.10 1.14 3152
 2385 4449 3151 86 23 1.10 1.14 3152
 2385 4465 3151 86 29 1.10 1.14 3152
 2385 4481 3192 70 11 1.10 -4.86 3193
 2385 4513 3151 86 30 1.10 1.14 3152
 2385 4529 3151 86 23 1.10 1.14 3152
 2401 3937 3151 86 23 1.10 1.14 3152
 2401 4209 3151 86 23 1.10 1.14 3152
 2401 4193 3151 86 23 1.10 1.14 3152
 2401 4177 3151 86 20 1.10 1.14 3152
 2401 4049 3151 86 26 1.10 1.14 3152
 2401 3953 3195 86 49 1.10 1.14 3196
 2401 4097 3151 60 1 1.10 1.14 3152
 2401 4321 3151 86 23 1.10 1.14 3152
 2401 4305 3151 86 23 1.10 1.14 3152
 2401 4289 3151 86 23 1.10 1.14 3152
 2401 4273 3151 86 23 1.10 1.14 3152
 2401 4257 3151 86 23 1.10 1.14 3152
 2401 4241 3151 86 23 1.10 1.14 3152
 2401 4225 3151 86 23 1.10 1.14 3152
 2401 4337 3151 86 23 1.10 1.14 3152
 2401 4353 3151 86 23 1.10 1.14 3152
 2401 4369 3151 86 23 1.10 1.14 3152
 2401 4385 3151 86 23 1.10 1.14 3152
 2401 4401 3192 70 12 1.10 -4.86 3193 14 1
 2401 4433 3151 86 23 1.10 1.14 3152
 2401 4449 3151 86 23 1.10 1.14 3152
 2401 4465 3151 86 23 1.10 1.14 3152
 2401 4481 3192 70 12 1.10 -4.86 3193 14 0
 2401 4513 3151 86 23 1.10 1.14 3152
 2401 4529 3151 86 23 1.10 1.14 3152
 2401 4673 3195 86 49 1.10 1.14 3196
 2417 4129 3151 95 2 1300001.10 1300001.14 3152 305 353
 2417 4113 3151 95 2 1300001.10 1300001.14 3152 305 353
 2417 4097 3151 95 1 1300001.10 1300001.14 3152 305 337
 2417 3937 3151 86 23 1.10 1.14 3152
 2417 4049 3151 86 29 1.10 1.14 3152
 2417 4065 3151 86 42 1.10 1.14 3152
 2417 4209 3694 69 10 1.10 -4.86 3695
 2417 4193 3694 69 10 1.10 -4.86 3695
 2417 4177 3694 70 10 1.10 -4.86 3695 13 1
 2417 4145 3694 70 9 1.10 -4.86 3695
 2417 4321 3694 69 10 1.10 -4.86 3695
 2417 4305 3694 69 10 1.10 -4.86 3695
 2417 4289 3694 69 10 1.10 -4.86 3695
 2417 4273 3694 69 10 1.10 -4.86 3695
 2417 4257 3694 69 10 1.10 -4.86 3695
 2417 4241 3694 69 10 1.10 -4.86 3695
 2417 4225 3694 69 10 1.10 -4.86 3695
 2417 4161 3694 70 25 1.10 -5.86 3695 1.2
 2417 4337 3694 69 10 1.10 -4.86 3695
 2417 4353 3694 69 10 1.10 -4.86 3695
 2417 4369 3694 69 10 1.10 -4.86 3695
 2417 4385 3694 69 10 1.10 -4.86 3695
 2417 4401 3196 69 17 1.10 -4.86 3197
 2417 4433 3694 69 10 1.10 -4.86 3695
 2417 4449 3694 69 10 1.10 -4.86 3695
 2417 4465 3694 69 10 1.10 -4.86 3695
 2417 4481 3196 69 20 1.10 -4.86 3197
 2417 4513 3151 86 23 1.10 1.14 3152
 2417 4529 3151 86 23 1.10 1.14 3152
 2417 4593 3151 86 23 1.10 1.14 3152
 2417 4577 3151 86 23 1.10 1.14 3152
 2417 4561 3151 86 23 1.10 1.14 3152
 2417 4545 3151 86 23 1.10 1.14 3152
 2433 3937 3151 86 23 1.10 1.14 3152
 2433 4049 3151 86 23 1.10 1.14 3152
 2433 4065 3151 86 43 1.10 1.14 3152
 2433 4513 3151 86 23 1.10 1.14 3152
 2433 4657 3151 86 23 1.10 1.14 3152
 2433 4641 3151 86 23 1.10 1.14 3152
 2433 4625 3151 86 23 1.10 1.14 3152
 2433 4609 3151 86 23 1.10 1.14 3152
 2433 4593 3151 86 23 1.10 1.14 3152
 2433 4577 3151 86 23 1.10 1.14 3152
 2433 4561 3151 86 23 1.10 1.14 3152
 2433 4545 3151 86 23 1.10 1.14 3152
 2433 4529 3151 86 23 1.10 1.14 3152
 2449 3937 3151 86 23 1.10 1.14 3152
 2449 4193 3195 86 49 1.10 1.14 3196
 2449 4177 3151 86 20 1.10 1.14 3152
 2449 4049 3151 86 23 1.10 1.14 3152
 2449 4065 3151 86 29 1.10 1.14 3152
 2449 4081 3151 86 40 1.10 1.14 3152
 2449 4113 3151 60 1 1.10 1.14 3152
 2449 4113 3151 67 2 0.10 0.14 3152
 2449 4289 3195 86 49 1.10 1.14 3196
 2449 4385 3195 86 49 1.10 1.14 3196
 2449 4577 3195 86 49 1.10 1.14 3196
 2449 4481 3195 86 49 1.10 1.14 3196
 2465 4161 3151 95 1 1300001.10 1300001.14 3152 305 337
 2465 4177 3151 95 2 1300001.10 1300001.14 3152 305 353
 2465 3937 3151 86 23 1.10 1.14 3152
 2465 4177 3151 86 20 1.10 1.14 3152
 2465 4049 3151 86 23 1.10 1.14 3152
 2465 4065 3151 86 23 1.10 1.14 3152
 2465 4081 3151 86 29 1.10 1.14 3152
 2465 4097 3151 86 40 1.10 1.14 3152
 2481 3937 3151 86 23 1.10 1.14 3152
 2481 4177 3151 86 30 1.10 1.14 3152
 2481 4161 3151 86 22 1.10 1.14 3152
 2481 4145 3151 86 22 1.10 1.14 3152
 2481 4129 3151 86 22 1.10 1.14 3152
 2481 4113 3151 86 22 1.10 1.14 3152
 2481 4049 3151 86 23 1.10 1.14 3152
 2481 4065 3151 86 23 1.10 1.14 3152
 2481 4081 3151 86 23 1.10 1.14 3152
 2481 4097 3151 86 29 1.10 1.14 3152
 2497 4753 3151 86 23 1.10 1.14 3152
 2497 3937 3693 86 48 1.10 1.14 3694
 2497 4001 3195 86 49 1.10 1.14 3196
 2497 4097 3195 86 49 1.10 1.14 3196
 2497 4737 3151 86 23 1.10 1.14 3152
 2497 4721 3151 86 23 1.10 1.14 3152
 2497 4705 3151 86 23 1.10 1.14 3152
 2497 4689 3151 86 23 1.10 1.14 3152
 2497 4673 3151 86 23 1.10 1.14 3152
 2513 4753 3151 86 23 1.10 1.14 3152
 2513 4737 3151 86 23 1.10 1.14 3152
 2513 4721 3151 86 23 1.10 1.14 3152
 2513 4705 3151 86 23 1.10 1.14 3152
 2513 4689 3151 86 23 1.10 1.14 3152
 2513 4673 3151 86 23 1.10 1.14 3152
 2529 4753 3151 86 23 1.10 1.14 3152
 2529 4737 3151 86 23 1.10 1.14 3152
 2529 4721 3151 86 23 1.10 1.14 3152
 2529 4705 3151 86 23 1.10 1.14 3152
 2529 4689 3151 86 23 1.10 1.14 3152
 2529 4673 3151 86 23 1.10 1.14 3152
 2545 4705 3693 86 48 1.10 1.14 3694
 2545 4641 3693 86 48 1.10 1.14 3694
 2545 4577 3693 86 48 1.10 1.14 3694
 2545 4513 3693 86 48 1.10 1.14 3694
 2545 4449 3693 86 48 1.10 1.14 3694
 2545 4385 3693 86 48 1.10 1.14 3694
 2545 4321 3693 86 48 1.10 1.14 3694
 2545 4257 3693 86 48 1.10 1.14 3694
 2545 4193 3693 86 48 1.10 1.14 3694
 2561 3937 3151 86 23 1.10 1.14 3152
 2561 3953 3151 86 23 1.10 1.14 3152
 2561 3969 3151 86 23 1.10 1.14 3152
 2561 3985 3151 86 23 1.10 1.14 3152
 2577 3937 3151 86 23 1.10 1.14 3152
 2577 3953 3151 86 23 1.10 1.14 3152
 2577 3969 3151 86 23 1.10 1.14 3152
 2577 3985 3151 86 23 1.10 1.14 3152
 2593 3937 3151 86 23 1.10 1.14 3152
 2593 3953 3151 86 23 1.10 1.14 3152
 2593 4177 3151 86 23 1.10 1.14 3152
 2593 4161 3151 86 23 1.10 1.14 3152
 2593 4145 3151 86 23 1.10 1.14 3152
 2593 3969 3151 86 23 1.10 1.14 3152
 2593 3985 3151 86 23 1.10 1.14 3152
 2593 4001 3151 86 23 1.10 1.14 3152
 2593 4017 3151 86 23 1.10 1.14 3152
 2593 4033 3151 86 23 1.10 1.14 3152
 2593 4049 3151 86 23 1.10 1.14 3152
 2593 4065 3151 86 23 1.10 1.14 3152
 2593 4081 3151 86 23 1.10 1.14 3152
 2593 4097 3151 86 23 1.10 1.14 3152
 2593 4113 3151 86 23 1.10 1.14 3152
 2593 4129 3151 86 23 1.10 1.14 3152
 2609 4545 3151 81 1 -999998.90 -18.86 3152
