 -10 268 691 0.42 1 1 1 1 1 2 2 301 0.42 1
des tiles2.png
-1
-1
-1
-1
-1
-1
-1
-1
-1
-1
-1
-1
-1
-1
-1
-1
-1
-1
-1
-1
-1
y0
VoiD
 1 4753 3151 95 1 1300001.10 1300001.14 3152 17 17
 1 4737 3151 95 1 1300001.10 1300001.14 3152 17 17
 1 4721 3151 95 1 1300001.10 1300001.14 3152 17 17
 1 4641 3151 95 1 1300001.10 1300001.14 3152 17 1
 1 4657 3151 95 1 1300001.10 1300001.14 3152 17 17
 1 4673 3151 95 1 1300001.10 1300001.14 3152 17 17
 1 4705 3151 95 1 1300001.10 1300001.14 3152 17 17
 1 4689 3151 95 1 1300001.10 1300001.14 3152 17 17
 1 4641 3151 96 1 -13.90 -13.86 3152
 17 4753 3151 95 1 1300001.10 1300001.14 3152 17 17
 17 4737 3151 95 1 1300001.10 1300001.14 3152 17 17
 17 4721 3151 95 1 1300001.10 1300001.14 3152 17 17
 17 4641 3151 95 1 1300001.10 1300001.14 3152 17 1
 17 4657 3151 95 1 1300001.10 1300001.14 3152 17 17
 17 4673 3151 95 1 1300001.10 1300001.14 3152 17 17
 17 4705 3151 95 1 1300001.10 1300001.14 3152 17 17
 17 4689 3151 95 1 1300001.10 1300001.14 3152 17 17
 17 4641 3151 96 1 -13.90 -13.86 3152
 33 4753 3151 95 1 1300001.10 1300001.14 3152 17 17
 33 4737 3151 95 1 1300001.10 1300001.14 3152 17 17
 33 4721 3151 95 1 1300001.10 1300001.14 3152 17 17
 33 4641 3151 95 1 1300001.10 1300001.14 3152 17 1
 33 4657 3151 95 1 1300001.10 1300001.14 3152 17 17
 33 4673 3151 95 1 1300001.10 1300001.14 3152 17 17
 33 4705 3151 95 1 1300001.10 1300001.14 3152 17 17
 33 4689 3151 95 1 1300001.10 1300001.14 3152 17 17
 33 4609 3192 51 1 1.10 1.14 3193 0
 33 4641 3151 96 1 -13.90 -13.86 3152
 49 4753 3151 95 1 1300001.10 1300001.14 3152 17 17
 49 4737 3151 95 1 1300001.10 1300001.14 3152 17 17
 49 4721 3151 95 1 1300001.10 1300001.14 3152 17 17
 49 4641 3151 95 1 1300001.10 1300001.14 3152 17 1
 49 4657 3151 95 1 1300001.10 1300001.14 3152 17 17
 49 4673 3151 95 1 1300001.10 1300001.14 3152 17 17
 49 4705 3151 95 1 1300001.10 1300001.14 3152 17 17
 49 4689 3151 95 1 1300001.10 1300001.14 3152 17 17
 49 4641 3151 96 1 -13.90 -13.86 3152
 49 4577 3151 96 28 -13.90 -13.86 3152 Usa Le Freccette
 65 4753 3151 95 1 1300001.10 1300001.14 3152 17 17
 65 4737 3151 95 1 1300001.10 1300001.14 3152 17 17
 65 4721 3151 95 1 1300001.10 1300001.14 3152 17 17
 65 4641 3151 95 1 1300001.10 1300001.14 3152 17 1
 65 4657 3151 95 1 1300001.10 1300001.14 3152 17 17
 65 4673 3151 95 1 1300001.10 1300001.14 3152 17 17
 65 4705 3151 95 1 1300001.10 1300001.14 3152 17 17
 65 4689 3151 95 1 1300001.10 1300001.14 3152 17 17
 65 4641 3151 96 1 -13.90 -13.86 3152
 81 4753 3151 95 1 1300001.10 1300001.14 3152 17 17
 81 4737 3151 95 1 1300001.10 1300001.14 3152 17 17
 81 4721 3151 95 1 1300001.10 1300001.14 3152 17 17
 81 4641 3151 95 1 1300001.10 1300001.14 3152 17 1
 81 4657 3151 95 1 1300001.10 1300001.14 3152 17 17
 81 4673 3151 95 1 1300001.10 1300001.14 3152 17 17
 81 4705 3151 95 1 1300001.10 1300001.14 3152 17 17
 81 4689 3151 95 1 1300001.10 1300001.14 3152 17 17
 81 4641 3151 96 1 -13.90 -13.86 3152
 81 4593 3151 96 28 -13.90 -13.86 3152 Direzionali Per Muoverti
 97 4753 3151 95 1 1300001.10 1300001.14 3152 17 17
 97 4737 3151 95 1 1300001.10 1300001.14 3152 17 17
 97 4721 3151 95 1 1300001.10 1300001.14 3152 17 17
 97 4641 3151 95 1 1300001.10 1300001.14 3152 17 1
 97 4657 3151 95 1 1300001.10 1300001.14 3152 17 17
 97 4673 3151 95 1 1300001.10 1300001.14 3152 17 17
 97 4689 3151 95 1 1300001.10 1300001.14 3152 17 17
 97 4705 3151 95 1 1300001.10 1300001.14 3152 17 17
 97 4641 3151 96 1 -13.90 -13.86 3152
 113 4753 3151 95 1 1300001.10 1300001.14 3152 17 17
 113 4737 3151 95 1 1300001.10 1300001.14 3152 17 17
 113 4721 3151 95 1 1300001.10 1300001.14 3152 17 17
 113 4641 3151 95 1 1300001.10 1300001.14 3152 17 1
 113 4657 3151 95 1 1300001.10 1300001.14 3152 17 17
 113 4673 3151 95 1 1300001.10 1300001.14 3152 17 17
 113 4689 3151 95 1 1300001.10 1300001.14 3152 17 17
 113 4705 3151 95 1 1300001.10 1300001.14 3152 17 17
 113 4641 3151 96 1 -13.90 -13.86 3152
 129 4753 3151 95 1 1300001.10 1300001.14 3152 17 17
 129 4737 3151 95 1 1300001.10 1300001.14 3152 17 17
 129 4721 3151 95 1 1300001.10 1300001.14 3152 17 17
 129 4641 3151 95 1 1300001.10 1300001.14 3152 17 1
 129 4657 3151 95 1 1300001.10 1300001.14 3152 17 17
 129 4673 3151 95 1 1300001.10 1300001.14 3152 17 17
 129 4689 3151 95 1 1300001.10 1300001.14 3152 17 17
 129 4705 3151 95 1 1300001.10 1300001.14 3152 17 17
 129 4641 3151 96 1 -13.90 -13.86 3152
 145 4753 3151 95 1 1300001.10 1300001.14 3152 17 17
 145 4737 3151 95 1 1300001.10 1300001.14 3152 17 17
 145 4721 3151 95 1 1300001.10 1300001.14 3152 17 17
 145 4641 3151 95 1 1300001.10 1300001.14 3152 17 1
 145 4657 3151 95 1 1300001.10 1300001.14 3152 17 17
 145 4673 3151 95 1 1300001.10 1300001.14 3152 17 17
 145 4689 3151 95 1 1300001.10 1300001.14 3152 17 17
 145 4705 3151 95 1 1300001.10 1300001.14 3152 17 17
 145 4641 3151 96 1 -13.90 -13.86 3152
 161 4753 3151 95 1 1300001.10 1300001.14 3152 17 17
 161 4737 3151 95 1 1300001.10 1300001.14 3152 17 17
 161 4721 3151 95 1 1300001.10 1300001.14 3152 17 17
 161 4641 3151 95 1 1300001.10 1300001.14 3152 17 1
 161 4657 3151 95 1 1300001.10 1300001.14 3152 17 17
 161 4673 3151 95 1 1300001.10 1300001.14 3152 17 17
 161 4689 3151 95 1 1300001.10 1300001.14 3152 17 17
 161 4705 3151 95 1 1300001.10 1300001.14 3152 17 17
 161 4641 3151 96 1 -13.90 -13.86 3152
 177 4753 3151 95 1 1300001.10 1300001.14 3152 49 17
 177 4737 3151 95 1 1300001.10 1300001.14 3152 49 17
 177 4721 3151 95 1 1300001.10 1300001.14 3152 49 17
 177 4657 3151 95 1 1300001.10 1300001.14 3152 49 17
 177 4673 3151 95 1 1300001.10 1300001.14 3152 49 17
 177 4689 3151 95 1 1300001.10 1300001.14 3152 49 17
 177 4705 3151 95 1 1300001.10 1300001.14 3152 49 17
 177 4641 3151 95 1 1300001.10 1300001.14 3152 49 1
 177 4753 3151 96 1 -13.90 -13.86 3152
 177 4737 3151 96 1 -13.90 -13.86 3152
 177 4721 3151 96 1 -13.90 -13.86 3152
 177 4657 3151 96 1 -13.90 -13.86 3152
 177 4673 3151 96 1 -13.90 -13.86 3152
 177 4689 3151 96 1 -13.90 -13.86 3152
 177 4705 3151 96 1 -13.90 -13.86 3152
 177 4641 3151 96 13 -13.90 -13.86 3152
 193 4753 3151 4 2 1400001.10 1400001.14 3152
 193 4737 3151 4 2 1400001.10 1400001.14 3152
 193 4721 3151 4 2 1400001.10 1400001.14 3152
 193 4705 3151 4 2 1400001.10 1400001.14 3152
 193 4641 3151 4 1 1400001.10 1400001.14 3152
 193 4657 3151 4 2 1400001.10 1400001.14 3152
 193 4673 3151 4 2 1400001.10 1400001.14 3152
 193 4689 3151 4 2 1400001.10 1400001.14 3152
 209 4753 3151 4 2 1400001.10 1400001.14 3152
 209 4737 3151 4 2 1400001.10 1400001.14 3152
 209 4721 3151 4 2 1400001.10 1400001.14 3152
 209 4705 3151 4 2 1400001.10 1400001.14 3152
 209 4641 3151 4 1 1400001.10 1400001.14 3152
 209 4673 3151 4 2 1400001.10 1400001.14 3152
 209 4657 3151 4 2 1400001.10 1400001.14 3152
 209 4689 3151 4 2 1400001.10 1400001.14 3152
 209 4625 3151 96 28 -13.90 -13.86 3152 O Nuotare
 209 4609 3151 96 28 -13.90 -13.86 3152 Usa Lo Spazio Per Saltare
 225 4753 3151 4 2 1400001.10 1400001.14 3152
 225 4737 3151 4 2 1400001.10 1400001.14 3152
 225 4721 3151 4 2 1400001.10 1400001.14 3152
 225 4705 3151 4 2 1400001.10 1400001.14 3152
 225 4641 3151 4 1 1400001.10 1400001.14 3152
 225 4689 3151 4 2 1400001.10 1400001.14 3152
 225 4657 3151 4 2 1400001.10 1400001.14 3152
 225 4673 3151 4 2 1400001.10 1400001.14 3152
 241 4753 3151 4 2 1400001.10 1400001.14 3152
 241 4737 3151 4 2 1400001.10 1400001.14 3152
 241 4721 3151 4 2 1400001.10 1400001.14 3152
 241 4705 3151 4 2 1400001.10 1400001.14 3152
 241 4641 3151 4 1 1400001.10 1400001.14 3152
 241 4657 3151 4 2 1400001.10 1400001.14 3152
 241 4673 3151 4 2 1400001.10 1400001.14 3152
 241 4689 3151 4 2 1400001.10 1400001.14 3152
 257 4753 3151 4 2 1400001.10 1400001.14 3152
 257 4737 3151 4 2 1400001.10 1400001.14 3152
 257 4721 3151 4 2 1400001.10 1400001.14 3152
 257 4705 3151 4 2 1400001.10 1400001.14 3152
 257 4641 3151 4 1 1400001.10 1400001.14 3152
 257 4657 3151 4 2 1400001.10 1400001.14 3152
 257 4673 3151 4 2 1400001.10 1400001.14 3152
 257 4689 3151 4 2 1400001.10 1400001.14 3152
 273 4753 3151 4 2 1400001.10 1400001.14 3152
 273 4737 3151 4 2 1400001.10 1400001.14 3152
 273 4721 3151 4 2 1400001.10 1400001.14 3152
 273 4705 3151 4 2 1400001.10 1400001.14 3152
 273 4641 3151 4 1 1400001.10 1400001.14 3152
 273 4657 3151 4 2 1400001.10 1400001.14 3152
 273 4689 3151 4 2 1400001.10 1400001.14 3152
 273 4673 3151 4 2 1400001.10 1400001.14 3152
 289 4753 3151 4 2 1400001.10 1400001.14 3152
 289 4737 3151 4 2 1400001.10 1400001.14 3152
 289 4721 3151 4 2 1400001.10 1400001.14 3152
 289 4705 3151 4 2 1400001.10 1400001.14 3152
 289 4641 3151 4 1 1400001.10 1400001.14 3152
 289 4673 3151 4 2 1400001.10 1400001.14 3152
 289 4657 3151 4 2 1400001.10 1400001.14 3152
 289 4689 3151 4 2 1400001.10 1400001.14 3152
 305 4753 3151 4 2 1400001.10 1400001.14 3152
 305 4737 3151 4 2 1400001.10 1400001.14 3152
 305 4721 3151 4 2 1400001.10 1400001.14 3152
 305 4705 3151 4 2 1400001.10 1400001.14 3152
 305 4641 3151 4 1 1400001.10 1400001.14 3152
 305 4673 3151 4 2 1400001.10 1400001.14 3152
 305 4657 3151 4 2 1400001.10 1400001.14 3152
 305 4689 3151 4 2 1400001.10 1400001.14 3152
 321 4753 3151 4 2 1400001.10 1400001.14 3152
 321 4737 3151 4 2 1400001.10 1400001.14 3152
 321 4721 3151 4 2 1400001.10 1400001.14 3152
 321 4705 3151 4 2 1400001.10 1400001.14 3152
 321 4641 3151 4 1 1400001.10 1400001.14 3152
 321 4657 3151 4 2 1400001.10 1400001.14 3152
 321 4673 3151 4 2 1400001.10 1400001.14 3152
 321 4689 3151 4 2 1400001.10 1400001.14 3152
 337 4641 3151 4 1 1400001.10 1400001.14 3152
 337 4753 3151 74 4 6.10 6.14 3152
 337 4737 3151 74 4 6.10 6.14 3152
 337 4721 3151 74 4 6.10 6.14 3152
 337 4705 3151 74 4 6.10 6.14 3152
 337 4641 3151 74 1 6.10 6.14 3152
 337 4657 3151 74 4 6.10 6.14 3152
 337 4673 3151 74 4 6.10 6.14 3152
 337 4689 3151 74 4 6.10 6.14 3152
 353 4753 3151 74 5 6.10 6.14 3152
 353 4737 3151 74 5 6.10 6.14 3152
 353 4721 3151 74 5 6.10 6.14 3152
 353 4705 3151 74 5 6.10 6.14 3152
 353 4641 3151 74 2 6.10 6.14 3152
 353 4657 3151 74 5 6.10 6.14 3152
 353 4689 3151 74 5 6.10 6.14 3152
 353 4673 3151 74 5 6.10 6.14 3152
 369 4753 3151 74 5 6.10 6.14 3152
 369 4737 3151 74 5 6.10 6.14 3152
 369 4721 3151 74 5 6.10 6.14 3152
 369 4705 3151 74 5 6.10 6.14 3152
 369 4641 3151 74 2 6.10 6.14 3152
 369 4657 3151 74 5 6.10 6.14 3152
 369 4689 3151 74 5 6.10 6.14 3152
 369 4673 3151 74 5 6.10 6.14 3152
 385 4753 3151 74 5 6.10 6.14 3152
 385 4737 3151 74 5 6.10 6.14 3152
 385 4721 3151 74 5 6.10 6.14 3152
 385 4705 3151 74 5 6.10 6.14 3152
 385 4641 3151 74 2 6.10 6.14 3152
 385 4689 3151 74 5 6.10 6.14 3152
 385 4673 3151 74 5 6.10 6.14 3152
 385 4657 3151 74 5 6.10 6.14 3152
 385 4609 3192 52 1 1.10 1.14 3193
 385 4593 3151 96 28 -13.90 -13.86 3152 Questo Toad Ti Permette 
 385 4609 3151 96 28 -13.90 -13.86 3152 Di Ottenere Un CheckPoint
 401 4753 3151 74 5 6.10 6.14 3152
 401 4737 3151 74 5 6.10 6.14 3152
 401 4721 3151 74 5 6.10 6.14 3152
 401 4705 3151 74 5 6.10 6.14 3152
 401 4641 3151 74 2 6.10 6.14 3152
 401 4673 3151 74 5 6.10 6.14 3152
 401 4657 3151 74 5 6.10 6.14 3152
 401 4689 3151 74 5 6.10 6.14 3152
 417 4753 3151 74 5 6.10 6.14 3152
 417 4737 3151 74 5 6.10 6.14 3152
 417 4721 3151 74 5 6.10 6.14 3152
 417 4705 3151 74 5 6.10 6.14 3152
 417 4689 3151 74 5 6.10 6.14 3152
 417 4673 3151 74 5 6.10 6.14 3152
 417 4657 3151 74 5 6.10 6.14 3152
 417 4641 3151 74 2 6.10 6.14 3152
 433 4753 3151 74 5 6.10 6.14 3152
 433 4737 3151 74 5 6.10 6.14 3152
 433 4721 3151 74 5 6.10 6.14 3152
 433 4705 3151 74 5 6.10 6.14 3152
 433 4689 3151 74 5 6.10 6.14 3152
 433 4673 3151 74 5 6.10 6.14 3152
 433 4657 3151 74 5 6.10 6.14 3152
 433 4641 3151 74 2 6.10 6.14 3152
 449 4753 3151 74 5 6.10 6.14 3152
 449 4737 3151 74 5 6.10 6.14 3152
 449 4721 3151 74 5 6.10 6.14 3152
 449 4705 3151 74 5 6.10 6.14 3152
 449 4689 3151 74 5 6.10 6.14 3152
 449 4673 3151 74 5 6.10 6.14 3152
 449 4657 3151 74 5 6.10 6.14 3152
 449 4641 3151 74 2 6.10 6.14 3152
 465 4753 3151 74 5 6.10 6.14 3152
 465 4737 3151 74 5 6.10 6.14 3152
 465 4721 3151 74 5 6.10 6.14 3152
 465 4705 3151 74 5 6.10 6.14 3152
 465 4689 3151 74 5 6.10 6.14 3152
 465 4673 3151 74 5 6.10 6.14 3152
 465 4657 3151 74 5 6.10 6.14 3152
 465 4641 3151 74 2 6.10 6.14 3152
 481 4753 3151 74 5 6.10 6.14 3152
 481 4737 3151 74 5 6.10 6.14 3152
 481 4721 3151 74 5 6.10 6.14 3152
 481 4705 3151 74 5 6.10 6.14 3152
 481 4689 3151 74 5 6.10 6.14 3152
 481 4673 3151 74 5 6.10 6.14 3152
 481 4657 3151 74 5 6.10 6.14 3152
 481 4641 3151 74 2 6.10 6.14 3152
 497 4753 3151 74 5 6.10 6.14 3152
 497 4737 3151 74 5 6.10 6.14 3152
 497 4721 3151 74 5 6.10 6.14 3152
 497 4705 3151 74 5 6.10 6.14 3152
 497 4689 3151 74 5 6.10 6.14 3152
 497 4673 3151 74 5 6.10 6.14 3152
 497 4657 3151 74 5 6.10 6.14 3152
 497 4641 3151 74 2 6.10 6.14 3152
 497 4625 3151 71 37 1.10 1.14 3152
 497 4593 3151 96 28 -13.90 -13.86 3152 Per Usare Un'Abilita' 
 497 4577 3151 96 28 -13.90 -13.86 3152 Premi E Per Prendere Un Oggetto
 497 4609 3151 96 28 -13.90 -13.86 3152 O Tieni PRemuto Per Correre
 513 4753 3151 74 5 6.10 6.14 3152
 513 4737 3151 74 5 6.10 6.14 3152
 513 4721 3151 74 5 6.10 6.14 3152
 513 4705 3151 74 5 6.10 6.14 3152
 513 4689 3151 74 5 6.10 6.14 3152
 513 4673 3151 74 5 6.10 6.14 3152
 513 4657 3151 74 5 6.10 6.14 3152
 513 4641 3151 74 2 6.10 6.14 3152
 529 4753 3151 74 5 6.10 6.14 3152
 529 4737 3151 74 5 6.10 6.14 3152
 529 4721 3151 74 5 6.10 6.14 3152
 529 4705 3151 74 5 6.10 6.14 3152
 529 4689 3151 74 5 6.10 6.14 3152
 529 4673 3151 74 5 6.10 6.14 3152
 529 4657 3151 74 5 6.10 6.14 3152
 529 4641 3151 74 2 6.10 6.14 3152
 545 4753 3151 74 5 6.10 6.14 3152
 545 4737 3151 74 5 6.10 6.14 3152
 545 4721 3151 74 5 6.10 6.14 3152
 545 4705 3151 74 5 6.10 6.14 3152
 545 4689 3151 74 5 6.10 6.14 3152
 545 4673 3151 74 5 6.10 6.14 3152
 545 4657 3151 74 5 6.10 6.14 3152
 545 4641 3151 74 2 6.10 6.14 3152
 561 4753 3151 74 5 6.10 6.14 3152
 561 4737 3151 74 5 6.10 6.14 3152
 561 4721 3151 74 5 6.10 6.14 3152
 561 4705 3151 74 5 6.10 6.14 3152
 561 4689 3151 74 5 6.10 6.14 3152
 561 4673 3151 74 5 6.10 6.14 3152
 561 4657 3151 74 5 6.10 6.14 3152
 561 4641 3151 74 2 6.10 6.14 3152
 577 4753 3151 74 5 6.10 6.14 3152
 577 4737 3151 74 5 6.10 6.14 3152
 577 4721 3151 74 5 6.10 6.14 3152
 577 4705 3151 74 5 6.10 6.14 3152
 577 4689 3151 74 5 6.10 6.14 3152
 577 4673 3151 74 5 6.10 6.14 3152
 577 4657 3151 74 5 6.10 6.14 3152
 577 4641 3151 74 2 6.10 6.14 3152
 593 4753 3151 74 5 6.10 6.14 3152
 593 4737 3151 74 5 6.10 6.14 3152
 593 4721 3151 74 5 6.10 6.14 3152
 593 4705 3151 74 5 6.10 6.14 3152
 593 4689 3151 74 5 6.10 6.14 3152
 593 4673 3151 74 5 6.10 6.14 3152
 593 4657 3151 74 5 6.10 6.14 3152
 593 4641 3151 74 2 6.10 6.14 3152
 609 4753 3151 74 5 6.10 6.14 3152
 609 4737 3151 74 5 6.10 6.14 3152
 609 4721 3151 74 5 6.10 6.14 3152
 609 4705 3151 74 5 6.10 6.14 3152
 609 4689 3151 74 5 6.10 6.14 3152
 609 4673 3151 74 5 6.10 6.14 3152
 609 4657 3151 74 5 6.10 6.14 3152
 609 4641 3151 74 2 6.10 6.14 3152
 625 4753 3151 74 5 6.10 6.14 3152
 625 4737 3151 74 5 6.10 6.14 3152
 625 4721 3151 74 5 6.10 6.14 3152
 625 4705 3151 74 5 6.10 6.14 3152
 625 4689 3151 74 5 6.10 6.14 3152
 625 4673 3151 74 5 6.10 6.14 3152
 625 4657 3151 74 5 6.10 6.14 3152
 625 4641 3151 74 2 6.10 6.14 3152
 641 4753 3151 74 5 6.10 6.14 3152
 641 4737 3151 74 5 6.10 6.14 3152
 641 4721 3151 74 5 6.10 6.14 3152
 641 4705 3151 74 5 6.10 6.14 3152
 641 4689 3151 74 5 6.10 6.14 3152
 641 4673 3151 74 5 6.10 6.14 3152
 641 4657 3151 74 5 6.10 6.14 3152
 641 4641 3151 74 2 6.10 6.14 3152
 657 4753 3151 74 5 6.10 6.14 3152
 657 4737 3151 74 5 6.10 6.14 3152
 657 4721 3151 74 5 6.10 6.14 3152
 657 4705 3151 74 5 6.10 6.14 3152
 657 4689 3151 74 5 6.10 6.14 3152
 657 4673 3151 74 5 6.10 6.14 3152
 657 4657 3151 74 5 6.10 6.14 3152
 657 4641 3151 74 2 6.10 6.14 3152
 673 4753 3151 74 5 6.10 6.14 3152
 673 4737 3151 74 5 6.10 6.14 3152
 673 4721 3151 74 5 6.10 6.14 3152
 673 4705 3151 74 5 6.10 6.14 3152
 673 4689 3151 74 5 6.10 6.14 3152
 673 4673 3151 74 5 6.10 6.14 3152
 673 4657 3151 74 5 6.10 6.14 3152
 673 4641 3151 74 2 6.10 6.14 3152
 689 4753 3151 74 5 6.10 6.14 3152
 689 4737 3151 74 5 6.10 6.14 3152
 689 4721 3151 74 5 6.10 6.14 3152
 689 4705 3151 74 5 6.10 6.14 3152
 689 4689 3151 74 5 6.10 6.14 3152
 689 4673 3151 74 5 6.10 6.14 3152
 689 4657 3151 74 5 6.10 6.14 3152
 689 4641 3151 74 2 6.10 6.14 3152
 705 4753 3151 74 5 6.10 6.14 3152
 705 4737 3151 74 5 6.10 6.14 3152
 705 4721 3151 74 5 6.10 6.14 3152
 705 4705 3151 74 5 6.10 6.14 3152
 705 4689 3151 74 5 6.10 6.14 3152
 705 4673 3151 74 5 6.10 6.14 3152
 705 4657 3151 74 5 6.10 6.14 3152
 705 4641 3151 74 2 6.10 6.14 3152
 721 4753 3151 74 6 6.10 6.14 3152
 721 4737 3151 74 6 6.10 6.14 3152
 721 4721 3151 74 6 6.10 6.14 3152
 721 4705 3151 74 6 6.10 6.14 3152
 721 4689 3151 74 6 6.10 6.14 3152
 721 4673 3151 74 6 6.10 6.14 3152
 721 4657 3151 74 6 6.10 6.14 3152
 721 4641 3151 74 3 6.10 6.14 3152
 721 4609 3192 71 12 1.10 1.14 3193 8 1
 721 4593 3151 96 28 -13.90 -13.86 3152 Premi ^ Per Entrare in una Porta, #Salire Una Liana O Una Rete
 737 4657 3151 77 13 1.10 1.14 3152
 737 4641 3151 77 15 1.10 1.14 3152
 737 4673 3195 77 31 1.10 1.14 3196
 753 4657 3151 77 2 1.10 1.14 3152
 769 4657 3151 77 2 1.10 1.14 3152
 785 4113 3151 84 1 6.10 6.14 3152
 785 4657 3151 77 2 1.10 1.14 3152
 801 4113 3151 84 1 6.10 6.14 3152
 801 4657 3151 77 2 1.10 1.14 3152
 817 4113 3151 84 1 6.10 6.14 3152
 817 4657 3151 77 2 1.10 1.14 3152
 833 4113 3151 84 1 6.10 6.14 3152
 833 4161 3151 61 20 1.10 1.14 3152
 833 4513 3151 58 1 1.10 -4.86 3152
 833 4529 3151 58 1 1.10 -4.86 3152
 833 4545 3151 58 1 1.10 -4.86 3152
 833 4497 3151 58 1 1.10 -4.86 3152
 833 4481 3151 58 1 1.10 -4.86 3152
 833 4465 3151 58 1 1.10 -4.86 3152
 833 4449 3151 58 1 1.10 -4.86 3152
 833 4657 3151 77 2 1.10 1.14 3152
 833 4561 3151 58 1 1.10 -4.86 3152
 833 4577 3151 58 1 1.10 -4.86 3152
 833 4593 3151 58 1 1.10 -4.86 3152
 833 4609 3151 58 1 1.10 -4.86 3152
 833 4625 3151 58 1 1.10 -4.86 3152
 833 4641 3151 58 1 1.10 -4.86 3152
 833 4673 3195 77 31 1.10 1.14 3196
 849 4113 3151 84 1 6.10 6.14 3152
 849 4529 3151 59 20 1.10 1.14 3152
 849 4529 3151 65 1 0.10 0.14 3152
 849 4113 3151 58 1 1.10 -4.86 3152
 849 4657 3151 77 2 1.10 1.14 3152
 849 4593 3151 96 1 -13.90 -13.86 3152
 865 4113 3151 84 1 6.10 6.14 3152
 865 4161 3151 61 20 1.10 1.14 3152
 865 4625 3192 71 36 1.10 1.14 3193 1
 865 4657 3151 77 2 1.10 1.14 3152
 865 4593 3151 96 1 -13.90 -13.86 3152
 881 4113 3151 84 1 6.10 6.14 3152
 881 4657 3151 77 2 1.10 1.14 3152
 881 4593 3151 96 1 -13.90 -13.86 3152
 897 4113 3151 84 1 6.10 6.14 3152
 897 4097 3151 90 4 1.10 1.14 3152
 897 4625 3192 90 1 1.10 1.14 3193 Benvenuto Al#Museo Dei#Puwer-Ups!
 897 4657 3151 77 2 1.10 1.14 3152
 897 4593 3151 96 1 -13.90 -13.86 3152
 913 4113 3151 84 1 6.10 6.14 3152
 913 4641 3151 67 2 1.10 1.14 3152
 913 4657 3151 77 2 1.10 1.14 3152
 913 4593 3151 96 1 -13.90 -13.86 3152
 913 4609 3151 96 1 -13.90 -13.86 3152
 929 4113 3151 84 1 6.10 6.14 3152
 929 4657 3151 77 15 1.10 1.14 3152
 929 4673 3151 77 19 1.10 1.14 3152
 929 4689 3151 77 5 1.10 1.14 3152
 929 4705 3151 77 5 1.10 1.14 3152
 929 4721 3151 77 5 1.10 1.14 3152
 929 4737 3151 77 5 1.10 1.14 3152
 929 4753 3151 77 5 1.10 1.14 3152
 945 4673 3151 77 20 1.10 1.14 3152
 945 4689 3151 77 5 1.10 1.14 3152
 945 4705 3151 77 5 1.10 1.14 3152
 945 4721 3151 77 5 1.10 1.14 3152
 945 4737 3151 77 5 1.10 1.14 3152
 945 4753 3151 77 5 1.10 1.14 3152
 945 4609 3151 96 28 -13.90 -13.86 3152 Apri i Blochhi ?#Per Rivelare l'Oggetto!
 961 4673 3151 77 21 1.10 1.14 3152
 961 4689 3151 77 13 1.10 1.14 3152
 961 4705 3151 77 5 1.10 1.14 3152
 961 4721 3151 77 5 1.10 1.14 3152
 961 4737 3151 77 5 1.10 1.14 3152
 961 4753 3151 77 5 1.10 1.14 3152
 977 4689 3151 77 2 1.10 1.14 3152
 977 4705 3151 77 5 1.10 1.14 3152
 977 4721 3151 77 5 1.10 1.14 3152
 977 4737 3151 77 5 1.10 1.14 3152
 977 4753 3151 77 5 1.10 1.14 3152
 993 4689 3151 77 2 1.10 1.14 3152
 993 4705 3151 77 5 1.10 1.14 3152
 993 4721 3151 77 5 1.10 1.14 3152
 993 4737 3151 77 5 1.10 1.14 3152
 993 4753 3151 77 5 1.10 1.14 3152
 1009 4689 3151 77 2 1.10 1.14 3152
 1009 4705 3151 77 5 1.10 1.14 3152
 1009 4721 3151 77 5 1.10 1.14 3152
 1009 4737 3151 77 5 1.10 1.14 3152
 1009 4753 3151 77 5 1.10 1.14 3152
 1025 4641 3151 59 3 1.10 1.14 3152
 1025 4689 3151 77 2 1.10 1.14 3152
 1025 4705 3151 77 5 1.10 1.14 3152
 1025 4721 3151 77 5 1.10 1.14 3152
 1025 4737 3151 77 5 1.10 1.14 3152
 1025 4753 3151 77 5 1.10 1.14 3152
 1025 4609 3151 96 28 -13.90 -13.86 3152 Usa Per Lanciare Palle# Di Fuoco
 1041 4689 3151 77 2 1.10 1.14 3152
 1041 4705 3151 77 5 1.10 1.14 3152
 1041 4721 3151 77 5 1.10 1.14 3152
 1041 4737 3151 77 5 1.10 1.14 3152
 1041 4753 3151 77 5 1.10 1.14 3152
 1057 4689 3151 77 2 1.10 1.14 3152
 1057 4705 3151 77 5 1.10 1.14 3152
 1057 4721 3151 77 5 1.10 1.14 3152
 1057 4737 3151 77 5 1.10 1.14 3152
 1057 4753 3151 77 5 1.10 1.14 3152
 1073 4689 3151 77 2 1.10 1.14 3152
 1073 4705 3151 77 5 1.10 1.14 3152
 1073 4721 3151 77 5 1.10 1.14 3152
 1073 4737 3151 77 5 1.10 1.14 3152
 1073 4753 3151 77 5 1.10 1.14 3152
 1089 4641 3151 59 4 1.10 1.14 3152
 1089 4689 3151 77 2 1.10 1.14 3152
 1089 4705 3151 77 5 1.10 1.14 3152
 1089 4721 3151 77 5 1.10 1.14 3152
 1089 4737 3151 77 5 1.10 1.14 3152
 1089 4753 3151 77 5 1.10 1.14 3152
 1089 4609 3151 96 28 -13.90 -13.86 3152 Usa Per Lanciare #Palle di Ghiaccio Che#Congelano I Nemici
 1105 4689 3151 77 2 1.10 1.14 3152
 1105 4705 3151 77 5 1.10 1.14 3152
 1105 4721 3151 77 5 1.10 1.14 3152
 1105 4737 3151 77 5 1.10 1.14 3152
 1105 4753 3151 77 5 1.10 1.14 3152
 1121 4689 3151 77 2 1.10 1.14 3152
 1121 4705 3693 77 30 1.10 1.14 3694
 1137 4689 3151 77 2 1.10 1.14 3152
 1153 4689 3151 77 2 1.10 1.14 3152
 1153 4641 3151 59 5 1.10 1.14 3152
 1153 4609 3151 96 28 -13.90 -13.86 3152 Usa Per Lanciare Palle#Di Gomma Che Rimbalzano In Giro
 1169 4689 3151 77 2 1.10 1.14 3152
 1185 4689 3151 77 2 1.10 1.14 3152
 1185 4705 3693 77 30 1.10 1.14 3694
 1201 4689 3151 77 2 1.10 1.14 3152
 1217 4689 3151 77 2 1.10 1.14 3152
 1217 4641 3151 59 5.50 1.10 1.14 3152
 1217 4609 3151 96 28 -13.90 -13.86 3152 Usa Per Lanciare Palle #Che OneShottano Quasi Tutto
 1233 4689 3151 77 2 1.10 1.14 3152
 1249 4689 3151 77 2 1.10 1.14 3152
 1249 4705 3693 77 30 1.10 1.14 3694
 1265 4689 3151 77 2 1.10 1.14 3152
 1281 4689 3151 77 2 1.10 1.14 3152
 1297 4689 3151 77 2 1.10 1.14 3152
 1313 4689 3151 77 2 1.10 1.14 3152
 1313 4641 3151 96 28 -13.90 -13.86 3152 E Altri Che #Scoprirai Durante Il Gioco!
 1313 4705 3693 77 30 1.10 1.14 3694
 1329 4689 3151 77 2 1.10 1.14 3152
 1345 4689 3151 77 2 1.10 1.14 3152
 1361 4689 3151 77 2 1.10 1.14 3152
 1377 4673 3151 77 14 1.10 1.14 3152
 1377 4689 3151 77 12 1.10 1.14 3152
 1377 4593 3151 96 28 -13.90 -13.86 3152 Premi ^ e spazio per#lo spin jump
 1377 4705 3693 77 30 1.10 1.14 3694
 1393 4657 3151 77 14 1.10 1.14 3152
 1393 4673 3151 77 12 1.10 1.14 3152
 1393 4689 3151 77 5 1.10 1.14 3152
 1409 4641 3151 77 14 1.10 1.14 3152
 1409 4657 3151 77 12 1.10 1.14 3152
 1409 4673 3151 77 5 1.10 1.14 3152
 1409 4689 3151 77 5 1.10 1.14 3152
 1425 4689 3151 58 1 1.10 -4.86 3152
 1425 4673 3151 58 1 1.10 -4.86 3152
 1425 4657 3151 58 1 1.10 -4.86 3152
 1425 4641 3151 58 1 1.10 -4.86 3152
 1441 4641 3151 61 2 1.10 1.14 3152
 1441 4657 3151 61 2 1.10 1.14 3152
 1441 4673 3151 61 2 1.10 1.14 3152
 1441 4689 3151 58 1 1.10 -4.86 3152
 1441 4673 3151 96 26 -13.90 -13.86 3152
 1441 4705 3693 77 30 1.10 1.14 3694
 1457 4513 3151 58 1 1.10 -4.86 3152
 1457 4529 3151 58 1 1.10 -4.86 3152
 1457 4545 3151 58 1 1.10 -4.86 3152
 1457 4497 3151 58 1 1.10 -4.86 3152
 1457 4481 3151 58 1 1.10 -4.86 3152
 1457 4689 3151 58 1 1.10 -4.86 3152
 1457 4657 3151 58 1 1.10 -4.86 3152
 1457 4641 3151 58 1 1.10 -4.86 3152
 1457 4625 3151 58 1 1.10 -4.86 3152
 1457 4561 3151 58 1 1.10 -4.86 3152
 1457 4577 3151 58 1 1.10 -4.86 3152
 1457 4593 3151 58 1 1.10 -4.86 3152
 1457 4609 3151 58 1 1.10 -4.86 3152
 1473 4689 3151 77 2 1.10 1.14 3152
 1473 4657 3192 51 1 1.10 1.14 3193 2
 1489 4689 3151 77 2 1.10 1.14 3152
 1505 4689 3151 77 2 1.10 1.14 3152
 1505 4705 3693 77 30 1.10 1.14 3694
 1521 4689 3151 77 2 1.10 1.14 3152
 1521 4625 3151 60 21 1.10 1.14 3152
 1537 4689 3151 77 2 1.10 1.14 3152
 1537 4625 3151 60 21 1.10 1.14 3152
 1553 4689 3151 77 2 1.10 1.14 3152
 1553 4625 3151 60 21 1.10 1.14 3152
 1553 4673 3151 96 28 -13.90 -13.86 3152 Prendi questi blocchi#con "E" e poi lanciali#contro il muro
 1569 4689 3151 77 2 1.10 1.14 3152
 1569 4625 3151 60 21 1.10 1.14 3152
 1569 4705 3693 77 30 1.10 1.14 3694
 1585 4689 3151 77 2 1.10 1.14 3152
 1601 4689 3151 77 2 1.10 1.14 3152
 1617 4689 3151 77 2 1.10 1.14 3152
 1633 4689 3151 77 2 1.10 1.14 3152
 1633 4705 3693 77 30 1.10 1.14 3694
 1649 4689 3151 77 2 1.10 1.14 3152
 1665 4513 3151 60 1 1.10 1.14 3152
 1665 4545 3151 60 1 1.10 1.14 3152
 1665 4529 3151 60 1 1.10 1.14 3152
 1665 4497 3151 60 1 1.10 1.14 3152
 1665 4689 3151 77 2 1.10 1.14 3152
 1665 4673 3151 60 1 1.10 1.14 3152
 1665 4657 3151 60 1 1.10 1.14 3152
 1665 4641 3151 60 1 1.10 1.14 3152
 1665 4625 3151 60 1 1.10 1.14 3152
 1665 4609 3151 60 1 1.10 1.14 3152
 1665 4593 3151 60 1 1.10 1.14 3152
 1665 4577 3151 60 1 1.10 1.14 3152
 1665 4561 3151 60 1 1.10 1.14 3152
 1681 4513 3151 60 1 1.10 1.14 3152
 1681 4545 3151 60 1 1.10 1.14 3152
 1681 4529 3151 60 1 1.10 1.14 3152
 1681 4497 3151 60 1 1.10 1.14 3152
 1681 4689 3151 77 2 1.10 1.14 3152
 1681 4561 3151 60 1 1.10 1.14 3152
 1681 4577 3151 60 1 1.10 1.14 3152
 1681 4593 3151 60 1 1.10 1.14 3152
 1681 4609 3151 60 1 1.10 1.14 3152
 1681 4625 3151 60 1 1.10 1.14 3152
 1681 4641 3151 60 1 1.10 1.14 3152
 1681 4657 3151 60 1 1.10 1.14 3152
 1681 4673 3151 60 1 1.10 1.14 3152
 1697 4737 3151 77 5 1.10 1.14 3152
 1697 4721 3151 77 5 1.10 1.14 3152
 1697 4705 3151 77 5 1.10 1.14 3152
 1697 4689 3151 77 2 1.10 1.14 3152
 1697 4593 3151 61 2 1.10 1.14 3152
 1697 4753 3151 77 5 1.10 1.14 3152
 1713 4737 3151 77 5 1.10 1.14 3152
 1713 4721 3151 77 5 1.10 1.14 3152
 1713 4705 3151 77 5 1.10 1.14 3152
 1713 4673 3151 77 16 1.10 1.14 3152
 1713 4689 3151 77 18 1.10 1.14 3152
 1713 4593 3151 61 2 1.10 1.14 3152
 1713 4753 3151 77 5 1.10 1.14 3152
 1729 4673 3151 77 17 1.10 1.14 3152
 1729 4689 3151 77 5 1.10 1.14 3152
 1729 4593 3151 61 2 1.10 1.14 3152
 1729 4705 3693 77 30 1.10 1.14 3694
 1745 4657 3151 77 16 1.10 1.14 3152
 1745 4673 3151 77 18 1.10 1.14 3152
 1745 4689 3151 77 5 1.10 1.14 3152
 1745 4593 3151 61 2 1.10 1.14 3152
 1745 4641 3151 96 28 -13.90 -13.86 3152 Colpisci questi#blocchi!
 1761 4657 3151 77 17 1.10 1.14 3152
 1761 4673 3151 77 5 1.10 1.14 3152
 1761 4689 3151 77 5 1.10 1.14 3152
 1761 4593 3151 61 2 1.10 1.14 3152
 1777 4657 3151 77 18 1.10 1.14 3152
 1777 4689 3151 77 5 1.10 1.14 3152
 1777 4673 3151 77 5 1.10 1.14 3152
 1777 4641 3151 77 16 1.10 1.14 3152
 1777 4593 3151 61 2 1.10 1.14 3152
 1793 4673 3151 77 5 1.10 1.14 3152
 1793 4689 3151 77 5 1.10 1.14 3152
 1793 4657 3151 77 5 1.10 1.14 3152
 1793 4641 3151 77 17 1.10 1.14 3152
 1793 4593 3151 61 2 1.10 1.14 3152
 1793 4705 3693 77 30 1.10 1.14 3694
 1809 4673 3151 77 5 1.10 1.14 3152
 1809 4689 3151 77 5 1.10 1.14 3152
 1809 4657 3151 77 5 1.10 1.14 3152
 1809 4641 3151 77 12 1.10 1.14 3152
 1809 4593 3151 77 1 1.10 1.14 3152
 1809 4609 3151 77 4 1.10 1.14 3152
 1809 4625 3151 77 4 1.10 1.14 3152
 1825 4545 3151 96 28 -13.90 -13.86 3152 Premi v  per accovacciarti#e scivolare!
 1825 4689 3151 77 5 1.10 1.14 3152
 1825 4673 3151 77 5 1.10 1.14 3152
 1825 4625 3151 77 5 1.10 1.14 3152
 1825 4641 3151 77 5 1.10 1.14 3152
 1825 4657 3151 77 5 1.10 1.14 3152
 1825 4593 3151 77 15 1.10 1.14 3152
 1825 4609 3151 77 13 1.10 1.14 3152
 1841 4689 3151 77 5 1.10 1.14 3152
 1841 4609 3151 77 15 1.10 1.14 3152
 1841 4625 3151 77 13 1.10 1.14 3152
 1841 4641 3151 77 5 1.10 1.14 3152
 1841 4657 3151 77 5 1.10 1.14 3152
 1841 4673 3151 77 5 1.10 1.14 3152
 1857 4689 3151 77 5 1.10 1.14 3152
 1857 4625 3151 77 15 1.10 1.14 3152
 1857 4641 3151 77 13 1.10 1.14 3152
 1857 4657 3151 77 5 1.10 1.14 3152
 1857 4673 3151 77 5 1.10 1.14 3152
 1857 4705 3693 77 30 1.10 1.14 3694
 1873 4689 3151 77 5 1.10 1.14 3152
 1873 4641 3151 77 15 1.10 1.14 3152
 1873 4657 3151 77 13 1.10 1.14 3152
 1873 4673 3151 77 5 1.10 1.14 3152
 1889 4689 3151 77 5 1.10 1.14 3152
 1889 4657 3151 77 15 1.10 1.14 3152
 1889 4673 3151 77 13 1.10 1.14 3152
 1905 4689 3151 77 13 1.10 1.14 3152
 1905 4673 3151 77 15 1.10 1.14 3152
 1921 4705 3693 77 30 1.10 1.14 3694
 1921 4689 3151 77 2 1.10 1.14 3152
 1937 4689 3151 77 2 1.10 1.14 3152
 1937 4673 3151 96 28 -13.90 -13.86 3152 Sali sulle nuvole#e entra nel pipe!
 1953 4513 3151 58 1 1.10 -4.86 3152
 1953 4529 3151 58 1 1.10 -4.86 3152
 1953 4545 3151 58 1 1.10 -4.86 3152
 1953 4689 3151 77 2 1.10 1.14 3152
 1953 4609 3151 58 1 1.10 -4.86 3152
 1953 4593 3151 58 1 1.10 -4.86 3152
 1953 4577 3151 58 1 1.10 -4.86 3152
 1953 4625 3151 58 1 1.10 -4.86 3152
 1953 4561 3151 58 1 1.10 -4.86 3152
 1969 4625 3151 84 1 6.10 6.14 3152
 1969 4561 3151 84 1 6.10 6.14 3152
 1969 4689 3151 77 2 1.10 1.14 3152
 1969 4513 3151 58 1 1.10 -4.86 3152
 1985 4625 3151 84 1 6.10 6.14 3152
 1985 4561 3151 84 1 6.10 6.14 3152
 1985 4705 3693 77 30 1.10 1.14 3694
 1985 4689 3151 77 2 1.10 1.14 3152
 1985 4513 3151 58 1 1.10 -4.86 3152
 2001 4689 3151 77 2 1.10 1.14 3152
 2001 4673 3151 58 1 1.10 -4.86 3152
 2001 4657 3151 58 1 1.10 -4.86 3152
 2001 4561 3151 58 1 1.10 -4.86 3152
 2001 4577 3151 58 1 1.10 -4.86 3152
 2001 4593 3151 58 1 1.10 -4.86 3152
 2001 4609 3151 58 1 1.10 -4.86 3152
 2001 4625 3151 58 1 1.10 -4.86 3152
 2001 4641 3151 58 1 1.10 -4.86 3152
 2001 4513 3151 58 1 1.10 -4.86 3152
 2001 4529 3192 70 3 1.10 -4.86 3193
 2017 4689 3151 77 2 1.10 1.14 3152
 2017 4561 3694 70 1 1.10 -4.86 3695
 2017 4529 3196 69 19 1.10 -4.86 3197
 2033 4689 3151 77 2 1.10 1.14 3152
 2049 4705 3693 77 30 1.10 1.14 3694
 2049 4689 3151 77 2 1.10 1.14 3152
 2049 4657 3192 90 1 1.10 1.14 3193 Buona Fortuna!
 2065 4689 3151 77 2 1.10 1.14 3152
 2081 4689 3151 77 2 1.10 1.14 3152
 2097 4689 3151 77 2 1.10 1.14 3152
 2113 4705 3693 77 30 1.10 1.14 3694
 2113 4689 3151 77 2 1.10 1.14 3152
 2113 4625 3151 60 1 1.10 1.14 3152
 2129 4689 3151 77 2 1.10 1.14 3152
 2145 4577 3151 60 1 1.10 1.14 3152
 2145 4689 3151 77 2 1.10 1.14 3152
 2161 4689 3151 77 2 1.10 1.14 3152
 2177 4705 3693 77 30 1.10 1.14 3694
 2177 4689 3151 77 2 1.10 1.14 3152
 2193 4529 3645 68 1 1.10 11.14 3646
 2193 4689 3151 77 2 1.10 1.14 3152
 2209 4689 3151 77 2 1.10 1.14 3152
 2209 4513 3151 96 1 -13.90 -13.86 3152
 2209 4529 3151 96 1 -13.90 -13.86 3152
 2209 4497 3151 96 1 -13.90 -13.86 3152
 2209 4481 3151 96 1 -13.90 -13.86 3152
 2209 4465 3151 96 1 -13.90 -13.86 3152
 2209 4449 3151 96 1 -13.90 -13.86 3152
 2209 4433 3151 96 1 -13.90 -13.86 3152
 2225 4689 3151 77 2 1.10 1.14 3152
 2241 4657 3151 81 1 -999998.90 -18.86 3152
