 -10 268 3496 3496.42 1 2 1 1 1 2 2 301 0.42 1
ForestTiles.png
airshi10.png
autumn tilest.png
beach_10.png
brick_10.png
brick_11.png
candy_11.png
captia10.png
mario_maker_smb3_tiles_by_qwertyuiopasd1234567-d9f5k8i.png
des tiles1.png
des tiles2.png
factor10.png
furnit10.png
giant_10.png
-1
-1
-1
-1
-1
-1
-1
Gusty_Garden.mp3
y0
VoiD
 1 4753 3151 77 2 1.10 1.14 3152
 1 4721 3192 51 1 1.10 1.14 3193 0
 17 4753 3151 77 2 1.10 1.14 3152
 33 4753 3151 77 2 1.10 1.14 3152
 33 4737 3151 67 21 1.10 1.14 3152
 49 4737 3151 95 1 1300001.10 1300001.14 3152 145 17
 49 4753 3151 78 3 1100001.10 1100001.14 3152
 49 4737 3151 78 3 1100001.10 1100001.14 3152
 49 4721 3151 78 3 1100001.10 1100001.14 3152
 49 4705 3151 78 3 1100001.10 1100001.14 3152
 49 4689 3151 78 3 1100001.10 1100001.14 3152
 49 4673 3151 78 3 1100001.10 1100001.14 3152
 49 4657 3151 78 1 1100001.10 1100001.14 3152
 49 4753 3151 77 2 1.10 1.14 3152
 49 4705 3151 67 1 1.10 1.14 3152
 65 4753 3151 78 4 1100001.10 1100001.14 3152
 65 4737 3151 78 4 1100001.10 1100001.14 3152
 65 4721 3151 78 4 1100001.10 1100001.14 3152
 65 4705 3151 78 4 1100001.10 1100001.14 3152
 65 4689 3151 78 4 1100001.10 1100001.14 3152
 65 4673 3151 78 4 1100001.10 1100001.14 3152
 65 4657 3151 78 2 1100001.10 1100001.14 3152
 65 4753 3151 77 2 1.10 1.14 3152
 65 4705 3151 67 1 1.10 1.14 3152
 81 4753 3151 77 2 1.10 1.14 3152
 81 4737 3151 95 1 1300001.10 1300001.14 3152 145 17
 81 4721 3151 95 1 1300001.10 1300001.14 3152 145 1
 81 4705 3151 60 1 1.10 1.14 3152
 97 4753 3151 77 2 1.10 1.14 3152
 97 4737 3151 95 1 1300001.10 1300001.14 3152 161 17
 97 4721 3151 95 1 1300001.10 1300001.14 3152 161 1
 97 4705 3151 59 1 1.10 1.14 3152
 97 4657 3151 59 1 1.10 1.14 3152
 97 4705 3151 67 2 0.10 0.14 3152
 113 4753 3151 77 2 1.10 1.14 3152
 113 4737 3151 53 1 1.10 -5.86 3152
 113 4705 3151 60 1 1.10 1.14 3152
 129 4753 3151 77 2 1.10 1.14 3152
 129 4705 3151 67 1 1.10 1.14 3152
 145 4753 3151 77 2 1.10 1.14 3152
 145 4737 3151 53 1 1.10 -5.86 3152
 145 4705 3151 67 1 1.10 1.14 3152
 161 4753 3151 77 2 1.10 1.14 3152
 177 4753 3151 78 7 1100001.10 1100001.14 3152
 177 4753 3151 77 2 1.10 1.14 3152
 177 4737 3151 79 1 0.10 4.14 3152
 193 4753 3151 77 2 1.10 1.14 3152
 193 4737 3151 67 21 1.10 1.14 3152
 209 4753 3151 77 2 1.10 1.14 3152
 209 4737 3151 67 21 1.10 1.14 3152
 209 4689 3151 59 20 1.10 1.14 3152
 209 4625 3151 59 20 1.10 1.14 3152
 225 4753 3151 77 2 1.10 1.14 3152
 225 4737 3151 53 1 1.10 -5.86 3152
 225 4593 3192 70 3 1.10 -4.86 3193
 241 4753 3151 77 2 1.10 1.14 3152
 241 4449 3151 77 16 1.10 1.14 3152
 241 4465 3151 77 4 1.10 1.14 3152
 241 4481 3151 77 4 1.10 1.14 3152
 241 4497 3151 77 4 1.10 1.14 3152
 241 4513 3151 77 4 1.10 1.14 3152
 241 4529 3151 77 4 1.10 1.14 3152
 241 4545 3151 77 4 1.10 1.14 3152
 241 4561 3151 77 4 1.10 1.14 3152
 241 4577 3151 77 4 1.10 1.14 3152
 241 4593 3151 76 41 1300001.10 1300001.14 3152
 241 4593 3151 76 58 1200001.10 1199991.14 3152
 241 4593 3192 70 20 1.10 -5.86 3193 2
 241 4609 3151 76 41 1300001.10 1300001.14 3152
 241 4609 3151 76 58 1200001.10 1199991.14 3152
 241 4705 3151 77 24 1.10 1.14 3152
 241 4689 3151 77 4 1.10 1.14 3152
 241 4673 3151 77 4 1.10 1.14 3152
 241 4657 3151 77 4 1.10 1.14 3152
 241 4641 3151 77 4 1.10 1.14 3152
 241 4625 3151 77 4 1.10 1.14 3152
 257 4753 3151 77 2 1.10 1.14 3152
 257 4449 3151 77 17 1.10 1.14 3152
 257 4465 3151 77 5 1.10 1.14 3152
 257 4545 3151 77 5 1.10 1.14 3152
 257 4561 3151 77 5 1.10 1.14 3152
 257 4577 3151 77 5 1.10 1.14 3152
 257 4593 3151 76 41 1300001.10 1300001.14 3152
 257 4593 3192 70 4 1.10 -4.86 3193 4 1
 257 4609 3151 76 41 1300001.10 1300001.14 3152
 257 4705 3151 77 29 1.10 1.14 3152
 257 4689 3151 77 27 1.10 1.14 3152
 257 4673 3151 77 5 1.10 1.14 3152
 257 4657 3151 77 5 1.10 1.14 3152
 257 4641 3151 77 5 1.10 1.14 3152
 257 4625 3151 77 5 1.10 1.14 3152
 257 4481 3693 77 30 1.10 1.14 3694
 273 4753 3151 77 2 1.10 1.14 3152
 273 4449 3151 77 2 1.10 1.14 3152
 273 4465 3151 77 5 1.10 1.14 3152
 273 4545 3151 77 5 1.10 1.14 3152
 273 4561 3151 77 5 1.10 1.14 3152
 273 4577 3151 77 5 1.10 1.14 3152
 273 4593 3151 77 5 1.10 1.14 3152
 273 4609 3151 77 5 1.10 1.14 3152
 273 4689 3151 77 28 1.10 1.14 3152
 273 4673 3151 77 5 1.10 1.14 3152
 273 4657 3151 77 5 1.10 1.14 3152
 273 4641 3151 77 5 1.10 1.14 3152
 273 4625 3151 77 5 1.10 1.14 3152
 289 4753 3151 77 12 1.10 1.14 3152
 289 4737 3151 77 16 1.10 1.14 3152
 289 4449 3151 76 41 1300001.10 1300001.14 3152
 289 4465 3151 77 5 1.10 1.14 3152
 289 4545 3151 77 5 1.10 1.14 3152
 289 4561 3151 77 5 1.10 1.14 3152
 289 4577 3151 77 5 1.10 1.14 3152
 289 4593 3151 77 5 1.10 1.14 3152
 289 4609 3151 77 5 1.10 1.14 3152
 289 4689 3151 77 29 1.10 1.14 3152
 289 4673 3151 77 27 1.10 1.14 3152
 289 4657 3151 77 5 1.10 1.14 3152
 289 4641 3151 77 5 1.10 1.14 3152
 289 4625 3151 77 5 1.10 1.14 3152
 289 4417 3694 70 1 1.10 -4.86 3695
 289 4449 3694 70 2 1.10 -4.86 3695 4 2
 289 4433 3694 70 17 1.10 -5.86 3695 1
 305 4161 3151 84 25 6.10 6.14 3152
 305 4753 3151 77 5 1.10 1.14 3152
 305 4737 3151 77 17 1.10 1.14 3152
 305 4449 3151 76 41 1300001.10 1300001.14 3152
 305 4465 3151 77 5 1.10 1.14 3152
 305 4545 3151 77 5 1.10 1.14 3152
 305 4561 3151 77 5 1.10 1.14 3152
 305 4577 3151 77 5 1.10 1.14 3152
 305 4593 3151 77 5 1.10 1.14 3152
 305 4609 3151 77 5 1.10 1.14 3152
 305 4673 3151 77 23 1.10 1.14 3152
 305 4657 3151 77 10 1.10 1.14 3152
 305 4641 3151 77 5 1.10 1.14 3152
 305 4625 3151 77 5 1.10 1.14 3152
 321 4161 3151 84 23 6.10 6.14 3152
 321 4753 3151 77 5 1.10 1.14 3152
 321 4737 3151 77 12 1.10 1.14 3152
 321 4721 3151 77 16 1.10 1.14 3152
 321 4433 3151 67 21 1.10 1.14 3152
 321 4449 3151 77 2 1.10 1.14 3152
 321 4465 3151 77 5 1.10 1.14 3152
 321 4545 3151 77 5 1.10 1.14 3152
 321 4561 3151 77 5 1.10 1.14 3152
 321 4577 3151 77 5 1.10 1.14 3152
 321 4593 3151 77 5 1.10 1.14 3152
 321 4609 3151 77 5 1.10 1.14 3152
 321 4657 3151 77 8 1.10 1.14 3152
 321 4641 3151 77 5 1.10 1.14 3152
 321 4625 3151 77 5 1.10 1.14 3152
 321 4481 3693 77 30 1.10 1.14 3694
 337 4145 3151 84 7 6.10 6.14 3152
 337 4161 3151 84 23 6.10 6.14 3152
 337 4753 3151 77 5 1.10 1.14 3152
 337 4737 3151 77 5 1.10 1.14 3152
 337 4721 3151 77 17 1.10 1.14 3152
 337 4449 3151 78 15 1100001.10 1100001.14 3152
 337 4433 3151 79 1 0.10 4.14 3152
 337 4449 3151 77 2 1.10 1.14 3152
 337 4465 3151 77 5 1.10 1.14 3152
 337 4545 3151 77 5 1.10 1.14 3152
 337 4561 3151 77 5 1.10 1.14 3152
 337 4577 3151 77 5 1.10 1.14 3152
 337 4593 3151 77 5 1.10 1.14 3152
 337 4609 3151 77 5 1.10 1.14 3152
 337 4657 3151 77 8 1.10 1.14 3152
 337 4641 3151 77 5 1.10 1.14 3152
 337 4625 3151 77 5 1.10 1.14 3152
 353 4113 3192 67 26 1.10 1.14 3193
 353 4145 3151 84 8 6.10 6.14 3152
 353 4161 3151 84 23 6.10 6.14 3152
 353 4753 3151 77 5 1.10 1.14 3152
 353 4737 3151 77 5 1.10 1.14 3152
 353 4721 3151 77 2 1.10 1.14 3152
 353 4433 3151 77 14 1.10 1.14 3152
 353 4449 3151 77 12 1.10 1.14 3152
 353 4465 3151 77 5 1.10 1.14 3152
 353 4545 3151 77 5 1.10 1.14 3152
 353 4561 3151 77 5 1.10 1.14 3152
 353 4577 3151 77 5 1.10 1.14 3152
 353 4593 3151 77 5 1.10 1.14 3152
 353 4609 3151 77 5 1.10 1.14 3152
 353 4657 3151 77 8 1.10 1.14 3152
 353 4641 3151 77 5 1.10 1.14 3152
 353 4625 3151 77 5 1.10 1.14 3152
 353 4705 3151 53 1 1.10 -5.86 3152
 369 4145 3151 84 9 6.10 6.14 3152
 369 4161 3151 84 23 6.10 6.14 3152
 369 4753 3151 77 5 1.10 1.14 3152
 369 4737 3151 77 5 1.10 1.14 3152
 369 4369 3151 59 1 1.10 1.14 3152
 369 4433 3151 77 2 1.10 1.14 3152
 369 4449 3151 77 5 1.10 1.14 3152
 369 4465 3151 77 5 1.10 1.14 3152
 369 4545 3151 77 5 1.10 1.14 3152
 369 4369 3151 67 3 0.10 0.14 3152
 369 4721 3151 77 2 1.10 1.14 3152
 369 4561 3151 77 5 1.10 1.14 3152
 369 4577 3151 77 5 1.10 1.14 3152
 369 4593 3151 77 5 1.10 1.14 3152
 369 4609 3151 77 5 1.10 1.14 3152
 369 4657 3151 77 23 1.10 1.14 3152
 369 4641 3151 77 10 1.10 1.14 3152
 369 4625 3151 77 5 1.10 1.14 3152
 385 4097 3151 58 3 1.10 -4.86 3152
 385 4161 3151 84 23 6.10 6.14 3152
 385 4753 3151 77 5 1.10 1.14 3152
 385 4433 3151 78 15 1100001.10 1100001.14 3152
 385 4417 3151 79 5 0.10 4.14 3152
 385 4321 3151 59 20 1.10 1.14 3152
 385 4369 3151 59 1 1.10 1.14 3152
 385 4433 3151 77 2 1.10 1.14 3152
 385 4449 3151 77 5 1.10 1.14 3152
 385 4465 3151 77 5 1.10 1.14 3152
 385 4545 3151 77 5 1.10 1.14 3152
 385 4561 3151 77 5 1.10 1.14 3152
 385 4321 3151 65 1 0.10 0.14 3152
 385 4737 3151 77 5 1.10 1.14 3152
 385 4721 3151 77 2 1.10 1.14 3152
 385 4577 3151 77 5 1.10 1.14 3152
 385 4593 3151 77 5 1.10 1.14 3152
 385 4609 3151 77 5 1.10 1.14 3152
 385 4705 3151 67 22 1.10 1.14 3152
 385 4641 3151 77 23 1.10 1.14 3152
 385 4625 3151 77 10 1.10 1.14 3152
 385 4481 3693 77 30 1.10 1.14 3694
 401 4161 3151 84 23 6.10 6.14 3152
 401 4433 3151 4 1 1400001.10 1400001.14 3152
 401 4369 3151 59 1 1.10 1.14 3152
 401 4433 3151 77 3 1.10 1.14 3152
 401 4449 3151 77 13 1.10 1.14 3152
 401 4465 3151 77 5 1.10 1.14 3152
 401 4545 3151 77 5 1.10 1.14 3152
 401 4561 3151 77 5 1.10 1.14 3152
 401 4577 3151 77 5 1.10 1.14 3152
 401 4369 3151 67 1 0.10 0.14 3152
 401 4449 3151 96 1 -13.90 -13.86 3152
 401 4753 3151 77 5 1.10 1.14 3152
 401 4753 3151 96 1 -13.90 -13.86 3152
 401 4737 3151 77 5 1.10 1.14 3152
 401 4737 3151 96 1 -13.90 -13.86 3152
 401 4721 3151 77 2 1.10 1.14 3152
 401 4721 3151 96 1 -13.90 -13.86 3152
 401 4593 3151 77 5 1.10 1.14 3152
 401 4609 3151 77 5 1.10 1.14 3152
 401 4625 3151 77 28 1.10 1.14 3152
 417 4113 3151 59 22 1.10 1.14 3152
 417 4161 3151 84 23 6.10 6.14 3152
 417 4433 3151 4 1 1400001.10 1400001.14 3152
 417 4449 3151 4 2 1400001.10 1400001.14 3152
 417 4465 3151 77 5 1.10 1.14 3152
 417 4545 3151 77 5 1.10 1.14 3152
 417 4561 3151 77 5 1.10 1.14 3152
 417 4577 3151 77 5 1.10 1.14 3152
 417 4593 3151 77 5 1.10 1.14 3152
 417 4609 3151 77 27 1.10 1.14 3152
 417 4465 3151 96 1 -13.90 -13.86 3152
 417 4753 3151 4 2 1400001.10 1400001.14 3152
 417 4737 3151 4 2 1400001.10 1400001.14 3152
 417 4721 3151 4 1 1400001.10 1400001.14 3152
 417 4625 3151 77 29 1.10 1.14 3152
 433 4161 3151 84 23 6.10 6.14 3152
 433 4433 3151 4 1 1400001.10 1400001.14 3152
 433 4449 3151 4 2 1400001.10 1400001.14 3152
 433 4465 3151 78 32 1100001.10 1100001.14 3152
 433 4609 3151 78 15 1100001.10 1100001.14 3152
 433 4545 3151 77 5 1.10 1.14 3152
 433 4561 3151 77 5 1.10 1.14 3152
 433 4577 3151 77 5 1.10 1.14 3152
 433 4593 3151 77 5 1.10 1.14 3152
 433 4609 3151 77 8 1.10 1.14 3152
 433 4465 3151 72 1 1.10 -4.86 3152
 433 4625 3151 72 2 1.10 -4.86 3152
 433 4465 3151 96 1 -13.90 -13.86 3152
 433 4753 3151 4 2 1400001.10 1400001.14 3152
 433 4737 3151 4 2 1400001.10 1400001.14 3152
 433 4721 3151 4 1 1400001.10 1400001.14 3152
 433 4705 3151 4 4 1400001.10 1400001.14 3152
 433 4689 3151 4 4 1400001.10 1400001.14 3152
 433 4673 3151 4 4 1400001.10 1400001.14 3152
 433 4657 3151 4 4 1400001.10 1400001.14 3152
 433 4641 3151 4 3 1400001.10 1400001.14 3152
 433 4449 3694 4 21 1.10 -5.86 3695
 449 4161 3151 84 23 6.10 6.14 3152
 449 4433 3151 4 1 1400001.10 1400001.14 3152
 449 4449 3151 4 2 1400001.10 1400001.14 3152
 449 4465 3151 4 2 1400001.10 1400001.14 3152
 449 4481 3151 77 5 1.10 1.14 3152
 449 4497 3151 77 5 1.10 1.14 3152
 449 4513 3151 77 5 1.10 1.14 3152
 449 4529 3151 77 5 1.10 1.14 3152
 449 4545 3151 77 5 1.10 1.14 3152
 449 4561 3151 77 5 1.10 1.14 3152
 449 4577 3151 77 5 1.10 1.14 3152
 449 4593 3151 77 5 1.10 1.14 3152
 449 4609 3151 77 8 1.10 1.14 3152
 449 4465 3151 72 1 1.10 -4.86 3152
 449 4753 3151 4 2 1400001.10 1400001.14 3152
 449 4737 3151 4 2 1400001.10 1400001.14 3152
 449 4721 3151 4 1 1400001.10 1400001.14 3152
 465 4161 3151 84 24 6.10 6.14 3152
 465 4433 3151 4 1 1400001.10 1400001.14 3152
 465 4449 3151 4 2 1400001.10 1400001.14 3152
 465 4465 3151 77 5 1.10 1.14 3152
 465 4481 3151 77 5 1.10 1.14 3152
 465 4497 3151 77 5 1.10 1.14 3152
 465 4513 3151 77 5 1.10 1.14 3152
 465 4593 3151 77 5 1.10 1.14 3152
 465 4609 3151 77 8 1.10 1.14 3152
 465 4465 3151 96 1 -13.90 -13.86 3152
 465 4753 3151 77 5 1.10 1.14 3152
 465 4753 3151 96 1 -13.90 -13.86 3152
 465 4737 3151 77 5 1.10 1.14 3152
 465 4737 3151 96 1 -13.90 -13.86 3152
 465 4721 3151 77 2 1.10 1.14 3152
 465 4721 3151 96 1 -13.90 -13.86 3152
 465 4529 3693 77 30 1.10 1.14 3694
 481 4433 3151 4 1 1400001.10 1400001.14 3152
 481 4449 3151 4 2 1400001.10 1400001.14 3152
 481 4465 3151 77 5 1.10 1.14 3152
 481 4481 3151 77 5 1.10 1.14 3152
 481 4497 3151 77 5 1.10 1.14 3152
 481 4513 3151 77 5 1.10 1.14 3152
 481 4593 3151 77 5 1.10 1.14 3152
 481 4609 3151 77 8 1.10 1.14 3152
 481 4465 3151 96 1 -13.90 -13.86 3152
 481 4753 3151 77 5 1.10 1.14 3152
 481 4737 3151 77 5 1.10 1.14 3152
 481 4721 3151 77 2 1.10 1.14 3152
 497 4433 3151 4 1 1400001.10 1400001.14 3152
 497 4433 3151 77 1 1.10 1.14 3152
 497 4449 3151 77 12 1.10 1.14 3152
 497 4465 3151 77 5 1.10 1.14 3152
 497 4481 3151 77 5 1.10 1.14 3152
 497 4497 3151 77 5 1.10 1.14 3152
 497 4513 3151 77 5 1.10 1.14 3152
 497 4593 3151 77 5 1.10 1.14 3152
 497 4609 3151 77 8 1.10 1.14 3152
 497 4449 3151 96 1 -13.90 -13.86 3152
 497 4753 3151 77 5 1.10 1.14 3152
 497 4737 3151 77 5 1.10 1.14 3152
 497 4721 3151 77 2 1.10 1.14 3152
 513 4433 3151 77 15 1.10 1.14 3152
 513 4449 3151 77 13 1.10 1.14 3152
 513 4465 3151 77 5 1.10 1.14 3152
 513 4481 3151 77 5 1.10 1.14 3152
 513 4497 3151 77 5 1.10 1.14 3152
 513 4513 3151 77 5 1.10 1.14 3152
 513 4593 3151 77 10 1.10 1.14 3152
 513 4609 3151 77 23 1.10 1.14 3152
 513 4705 3151 77 14 1.10 1.14 3152
 513 4721 3151 77 12 1.10 1.14 3152
 513 4753 3151 77 5 1.10 1.14 3152
 513 4737 3151 77 5 1.10 1.14 3152
 529 4449 3151 77 2 1.10 1.14 3152
 529 4465 3151 77 5 1.10 1.14 3152
 529 4481 3151 77 5 1.10 1.14 3152
 529 4497 3151 77 5 1.10 1.14 3152
 529 4513 3151 77 5 1.10 1.14 3152
 529 4529 3151 77 5 1.10 1.14 3152
 529 4545 3151 77 5 1.10 1.14 3152
 529 4561 3151 77 5 1.10 1.14 3152
 529 4577 3151 77 10 1.10 1.14 3152
 529 4593 3151 77 9 1.10 1.14 3152
 529 4705 3151 77 2 1.10 1.14 3152
 529 4721 3151 77 5 1.10 1.14 3152
 529 4753 3151 77 5 1.10 1.14 3152
 529 4737 3151 77 5 1.10 1.14 3152
 529 4737 3151 53 17 -3.90 -5.86 3152
 545 4449 3151 77 2 1.10 1.14 3152
 545 4465 3151 77 5 1.10 1.14 3152
 545 4481 3151 77 5 1.10 1.14 3152
 545 4497 3151 77 5 1.10 1.14 3152
 545 4513 3151 77 5 1.10 1.14 3152
 545 4529 3151 77 5 1.10 1.14 3152
 545 4545 3151 77 5 1.10 1.14 3152
 545 4561 3151 77 5 1.10 1.14 3152
 545 4577 3151 77 8 1.10 1.14 3152
 545 4689 3151 67 19 1.10 1.14 3152
 545 4705 3151 77 2 1.10 1.14 3152
 545 4721 3151 77 5 1.10 1.14 3152
 545 4737 3151 77 5 1.10 1.14 3152
 545 4753 3151 77 5 1.10 1.14 3152
 561 4481 3151 77 6 1.10 1.14 3152
 561 4497 3151 77 6 1.10 1.14 3152
 561 4513 3151 77 13 1.10 1.14 3152
 561 4529 3151 77 5 1.10 1.14 3152
 561 4545 3151 77 5 1.10 1.14 3152
 561 4561 3151 77 5 1.10 1.14 3152
 561 4577 3151 77 8 1.10 1.14 3152
 561 4705 3151 77 2 1.10 1.14 3152
 561 4721 3151 77 5 1.10 1.14 3152
 561 4737 3151 77 5 1.10 1.14 3152
 561 4753 3151 77 5 1.10 1.14 3152
 561 4465 3151 77 6 1.10 1.14 3152
 561 4449 3151 77 3 1.10 1.14 3152
 577 4513 3151 77 3 1.10 1.14 3152
 577 4529 3151 77 13 1.10 1.14 3152
 577 4545 3151 77 5 1.10 1.14 3152
 577 4561 3151 77 5 1.10 1.14 3152
 577 4577 3151 77 28 1.10 1.14 3152
 577 4705 3151 77 3 1.10 1.14 3152
 577 4721 3151 77 6 1.10 1.14 3152
 577 4737 3151 77 13 1.10 1.14 3152
 577 4753 3151 77 5 1.10 1.14 3152
 593 4529 3151 77 3 1.10 1.14 3152
 593 4545 3151 77 13 1.10 1.14 3152
 593 4561 3151 77 27 1.10 1.14 3152
 593 4577 3151 77 29 1.10 1.14 3152
 593 4737 3151 77 2 1.10 1.14 3152
 593 4753 3151 77 5 1.10 1.14 3152
 609 4545 3151 77 15 1.10 1.14 3152
 609 4561 3151 77 23 1.10 1.14 3152
 609 4721 3151 67 21 1.10 1.14 3152
 609 4737 3151 77 2 1.10 1.14 3152
 609 4753 3151 77 5 1.10 1.14 3152
 625 4721 3151 77 16 1.10 1.14 3152
 625 4737 3151 77 18 1.10 1.14 3152
 625 4753 3151 77 5 1.10 1.14 3152
 641 4721 3151 77 17 1.10 1.14 3152
 641 4737 3151 77 5 1.10 1.14 3152
 641 4753 3151 77 5 1.10 1.14 3152
 657 4721 3151 77 2 1.10 1.14 3152
 657 4737 3151 77 5 1.10 1.14 3152
 657 4753 3151 77 5 1.10 1.14 3152
 657 4753 3151 53 17 -3.90 -5.86 3152
 673 4705 3151 67 23 1.10 1.14 3152
 673 4721 3151 77 3 1.10 1.14 3152
 673 4737 3151 77 6 1.10 1.14 3152
 673 4753 3151 77 6 1.10 1.14 3152
 737 4657 3151 95 1 1300001.10 1300001.14 3152 1 1
 737 4657 3151 96 12 -13.90 -13.86 3152
 753 4657 3151 95 1 1300001.10 1300001.14 3152 17 1
 753 4593 3151 60 1 1.10 1.14 3152
 753 4657 3151 96 2 -13.90 -13.86 3152
 769 4657 3151 95 1 1300001.10 1300001.14 3152 17 1
 769 4673 3151 95 1 1300001.10 1300001.14 3152 65 17
 769 4689 3151 95 1 1300001.10 1300001.14 3152 65 17
 769 4705 3151 95 1 1300001.10 1300001.14 3152 65 17
 769 4721 3151 95 1 1300001.10 1300001.14 3152 65 17
 769 4737 3151 95 1 1300001.10 1300001.14 3152 65 17
 769 4753 3151 95 1 1300001.10 1300001.14 3152 65 17
 769 4593 3151 59 1 1.10 1.14 3152
 769 4593 3151 67 1 0.10 0.14 3152
 769 4657 3151 96 2 -13.90 -13.86 3152
 785 4657 3151 95 1 1300001.10 1300001.14 3152 17 1
 785 4593 3151 60 1 1.10 1.14 3152
 785 4593 3151 67 17 0.10 0.14 3152
 785 4657 3151 96 2 -13.90 -13.86 3152
 801 4657 3151 95 1 1300001.10 1300001.14 3152 65 1
 801 4657 3151 96 13 -13.90 -13.86 3152
 881 4689 3151 67 1 1.10 1.14 3152
 897 4689 3151 67 1 1.10 1.14 3152
 913 4689 3151 67 1 1.10 1.14 3152
 993 4705 3151 67 1 1.10 1.14 3152
 1009 4721 3151 67 1 1.10 1.14 3152
 1025 4721 3151 67 1 1.10 1.14 3152
 1121 4673 3151 67 1 1.10 1.14 3152
 1137 4641 3151 67 1 1.10 1.14 3152
 1169 4625 3151 67 1 1.10 1.14 3152
 1233 4689 3151 67 1 1.10 1.14 3152
 1233 4673 3151 67 1 1.10 1.14 3152
 1265 4721 3151 67 1 1.10 1.14 3152
 1281 4721 3151 67 1 1.10 1.14 3152
 1297 4721 3151 67 1 1.10 1.14 3152
 1313 4721 3151 95 1 1300001.10 1300001.14 3152 1 1
 1313 4721 3151 96 12 -13.90 -13.86 3152
 1329 4753 3151 95 1 1300001.10 1300001.14 3152 65 17
 1329 4737 3151 95 1 1300001.10 1300001.14 3152 65 17
 1329 4721 3151 95 1 1300001.10 1300001.14 3152 33 1
 1329 4721 3151 96 2 -13.90 -13.86 3152
 1329 4689 3192 52 1 1.10 1.14 3193
 1329 4673 3151 59 1 1.10 1.14 3152
 1329 4673 3151 67 17 0.10 0.14 3152
 1345 4721 3151 95 1 1300001.10 1300001.14 3152 65 1
 1345 4721 3151 96 13 -13.90 -13.86 3152
 1377 4705 3151 67 1 1.10 1.14 3152
 1393 4689 3151 67 1 1.10 1.14 3152
 1409 4673 3151 67 1 1.10 1.14 3152
 1409 4657 3151 67 1 1.10 1.14 3152
 1409 4641 3151 67 1 1.10 1.14 3152
 1425 4497 3151 59 1 1.10 1.14 3152
 1425 4625 3151 67 1 1.10 1.14 3152
 1425 4497 3151 67 17 0.10 0.14 3152
 1441 4609 3151 67 1 1.10 1.14 3152
 1441 4593 3151 67 1 1.10 1.14 3152
 1441 4577 3151 67 1 1.10 1.14 3152
 1441 4561 3151 67 1 1.10 1.14 3152
 1457 4513 3151 67 1 1.10 1.14 3152
 1457 4529 3151 67 1 1.10 1.14 3152
 1457 4545 3151 67 1 1.10 1.14 3152
 1473 4513 3151 67 1 1.10 1.14 3152
 1489 4513 3151 67 1 1.10 1.14 3152
 1505 4513 3151 67 1 1.10 1.14 3152
 1521 4513 3151 67 1 1.10 1.14 3152
 1521 4497 3151 53 1 1.10 -5.86 3152
 1537 4513 3151 67 1 1.10 1.14 3152
 1537 4497 3151 53 1 1.10 -5.86 3152
 1553 4513 3151 67 1 1.10 1.14 3152
 1569 4513 3151 67 1 1.10 1.14 3152
 1585 4513 3151 67 1 1.10 1.14 3152
 1585 4497 3151 53 1 1.10 -5.86 3152
 1601 4513 3151 67 1 1.10 1.14 3152
 1617 4513 3151 67 1 1.10 1.14 3152
 1633 4513 3151 67 1 1.10 1.14 3152
 1633 4497 3151 53 1 1.10 -5.86 3152
 1649 4513 3151 67 1 1.10 1.14 3152
 1649 4497 3151 53 1 1.10 -5.86 3152
 1665 4513 3151 67 1 1.10 1.14 3152
 1681 4513 3151 67 1 1.10 1.14 3152
 1713 4753 3151 77 4 1.10 1.14 3152
 1713 4737 3151 77 4 1.10 1.14 3152
 1713 4689 3151 77 14 1.10 1.14 3152
 1713 4705 3151 77 4 1.10 1.14 3152
 1713 4721 3151 77 4 1.10 1.14 3152
 1729 4753 3151 77 5 1.10 1.14 3152
 1729 4737 3151 77 5 1.10 1.14 3152
 1729 4689 3151 77 12 1.10 1.14 3152
 1729 4705 3151 77 5 1.10 1.14 3152
 1729 4721 3151 77 5 1.10 1.14 3152
 1729 4673 3151 77 14 1.10 1.14 3152
 1745 4753 3151 77 5 1.10 1.14 3152
 1745 4689 3693 77 30 1.10 1.14 3694
 1745 4673 3151 77 12 1.10 1.14 3152
 1745 4657 3151 77 1 1.10 1.14 3152
 1745 4641 3151 65 9 1400001.10 10.14 3152
 1745 4529 3151 65 3 1400001.10 10.14 3152
 1745 4545 3151 65 6 1400001.10 10.14 3152
 1745 4609 3151 65 6 1400001.10 10.14 3152
 1745 4593 3151 65 6 1400001.10 10.14 3152
 1745 4577 3151 65 6 1400001.10 10.14 3152
 1745 4561 3151 65 6 1400001.10 10.14 3152
 1745 4625 3151 65 6 1400001.10 10.14 3152
 1761 4753 3151 77 5 1.10 1.14 3152
 1761 4673 3151 77 5 1.10 1.14 3152
 1761 4657 3151 77 2 1.10 1.14 3152
 1761 4641 3151 65 11 1400001.10 10.14 3152
 1761 4529 3151 65 5 1400001.10 10.14 3152
 1761 4545 3151 65 8 1400001.10 10.14 3152
 1761 4609 3151 65 8 1400001.10 10.14 3152
 1761 4593 3151 65 8 1400001.10 10.14 3152
 1761 4577 3151 65 8 1400001.10 10.14 3152
 1761 4561 3151 65 8 1400001.10 10.14 3152
 1761 4625 3151 65 8 1400001.10 10.14 3152
 1761 4513 3151 62 7 1.10 1.14 3152
 1777 4753 3151 77 5 1.10 1.14 3152
 1777 4673 3151 77 5 1.10 1.14 3152
 1777 4657 3151 76 14 1300001.10 1300001.14 3152
 1777 4657 3151 77 2 1.10 1.14 3152
 1777 4641 3151 79 1 0.10 4.14 3152
 1777 4577 3151 67 1 1.10 1.14 3152
 1793 4753 3151 77 5 1.10 1.14 3152
 1793 4673 3151 77 5 1.10 1.14 3152
 1793 4657 3151 77 2 1.10 1.14 3152
 1793 4577 3151 67 1 1.10 1.14 3152
 1793 4625 3192 51 1 1.10 1.14 3193 3
 1809 4673 3195 77 31 1.10 1.14 3196
 1809 4657 3151 77 2 1.10 1.14 3152
 1809 4593 3151 67 1 1.10 1.14 3152
 1825 4657 3151 77 12 1.10 1.14 3152
 1825 4641 3151 77 14 1.10 1.14 3152
 1825 4609 3151 67 1 1.10 1.14 3152
 1841 4657 3151 77 5 1.10 1.14 3152
 1841 4641 3151 77 2 1.10 1.14 3152
 1841 4609 3196 55 19 1.10 -5.86 3197
 1857 4657 3151 77 5 1.10 1.14 3152
 1857 4641 3151 77 2 1.10 1.14 3152
 1873 4657 3151 77 5 1.10 1.14 3152
 1873 4641 3151 77 12 1.10 1.14 3152
 1873 4625 3151 77 14 1.10 1.14 3152
 1873 4577 3151 67 1 1.10 1.14 3152
 1889 4657 3151 77 5 1.10 1.14 3152
 1889 4513 3151 62 7 1.10 1.14 3152
 1889 4641 3151 77 5 1.10 1.14 3152
 1889 4625 3151 77 2 1.10 1.14 3152
 1889 4561 3151 67 1 1.10 1.14 3152
 1905 4657 3151 77 5 1.10 1.14 3152
 1905 4673 3195 77 31 1.10 1.14 3196
 1905 4625 3151 76 14 1300001.10 1300001.14 3152
 1905 4609 3151 79 5 0.10 4.14 3152
 1905 4641 3151 77 5 1.10 1.14 3152
 1905 4625 3151 77 2 1.10 1.14 3152
 1905 4561 3151 67 1 1.10 1.14 3152
 1921 4657 3151 77 5 1.10 1.14 3152
 1921 4641 3151 77 5 1.10 1.14 3152
 1921 4625 3151 77 2 1.10 1.14 3152
 1921 4577 3151 67 1 1.10 1.14 3152
 1937 4657 3151 77 5 1.10 1.14 3152
 1937 4641 3151 77 5 1.10 1.14 3152
 1937 4625 3151 77 18 1.10 1.14 3152
 1937 4609 3151 77 16 1.10 1.14 3152
 1953 4657 3151 77 5 1.10 1.14 3152
 1953 4641 3151 77 5 1.10 1.14 3152
 1953 4625 3151 77 5 1.10 1.14 3152
 1953 4609 3151 77 17 1.10 1.14 3152
 1969 4657 3151 77 5 1.10 1.14 3152
 1969 4609 3151 76 14 1300001.10 1300001.14 3152
 1969 4433 3151 65 3 1400001.10 10.14 3152
 1969 4449 3151 65 9 1400001.10 10.14 3152
 1969 4641 3151 77 5 1.10 1.14 3152
 1969 4625 3151 77 5 1.10 1.14 3152
 1969 4609 3151 77 2 1.10 1.14 3152
 1969 4593 3694 69 2 1.10 -4.86 3695
 1969 4577 3694 69 1 1.10 -4.86 3695
 1969 4545 3196 55 19 1.10 -5.86 3197
 1985 4657 3151 77 5 1.10 1.14 3152
 1985 4609 3151 76 14 1300001.10 1300001.14 3152
 1985 4433 3151 65 4 1400001.10 10.14 3152
 1985 4449 3151 65 10 1400001.10 10.14 3152
 1985 4641 3151 77 5 1.10 1.14 3152
 1985 4625 3151 77 5 1.10 1.14 3152
 1985 4609 3151 77 2 1.10 1.14 3152
 2001 4673 3195 77 31 1.10 1.14 3196
 2001 4657 3151 77 5 1.10 1.14 3152
 2001 4609 3151 78 7 1100001.10 1100001.14 3152
 2001 4433 3151 65 4 1400001.10 10.14 3152
 2001 4449 3151 65 10 1400001.10 10.14 3152
 2001 4641 3151 77 5 1.10 1.14 3152
 2001 4625 3151 77 5 1.10 1.14 3152
 2001 4609 3151 77 2 1.10 1.14 3152
 2017 4657 3151 77 5 1.10 1.14 3152
 2017 4433 3151 65 4 1400001.10 10.14 3152
 2017 4449 3151 65 10 1400001.10 10.14 3152
 2017 4609 3151 79 36 0.10 4.14 3152
 2017 4641 3151 77 5 1.10 1.14 3152
 2017 4625 3151 77 5 1.10 1.14 3152
 2017 4609 3151 77 2 1.10 1.14 3152
 2033 4657 3151 77 5 1.10 1.14 3152
 2033 4433 3151 65 4 1400001.10 10.14 3152
 2033 4449 3151 65 10 1400001.10 10.14 3152
 2033 4641 3151 77 5 1.10 1.14 3152
 2033 4625 3151 77 5 1.10 1.14 3152
 2033 4609 3151 77 2 1.10 1.14 3152
 2049 4657 3151 77 5 1.10 1.14 3152
 2049 4593 3151 95 1 1300001.10 1300001.14 3152 1 65
 2049 4577 3151 95 1 1300001.10 1300001.14 3152 1 49
 2049 4433 3151 65 4 1400001.10 10.14 3152
 2049 4449 3151 65 10 1400001.10 10.14 3152
 2049 4641 3151 77 5 1.10 1.14 3152
 2049 4625 3151 77 5 1.10 1.14 3152
 2049 4609 3151 77 2 1.10 1.14 3152
 2049 4561 3151 59 1 1.10 1.14 3152
 2065 4657 3151 77 5 1.10 1.14 3152
 2065 4593 3151 95 1 1300001.10 1300001.14 3152 17 65
 2065 4577 3151 95 1 1300001.10 1300001.14 3152 17 49
 2065 4433 3151 65 4 1400001.10 10.14 3152
 2065 4449 3151 65 10 1400001.10 10.14 3152
 2065 4641 3151 77 5 1.10 1.14 3152
 2065 4625 3151 77 5 1.10 1.14 3152
 2065 4609 3151 77 2 1.10 1.14 3152
 2065 4561 3151 60 1 1.10 1.14 3152
 2081 4657 3151 77 5 1.10 1.14 3152
 2081 4433 3151 65 4 1400001.10 10.14 3152
 2081 4449 3151 65 10 1400001.10 10.14 3152
 2081 4609 3151 79 36 0.10 4.14 3152
 2081 4641 3151 77 5 1.10 1.14 3152
 2081 4625 3151 77 5 1.10 1.14 3152
 2081 4609 3151 77 2 1.10 1.14 3152
 2081 4561 3151 59 1 1.10 1.14 3152
 2097 4449 3151 65 10 1400001.10 10.14 3152
 2097 4433 3151 65 4 1400001.10 10.14 3152
 2097 4673 3195 77 31 1.10 1.14 3196
 2097 4657 3151 77 5 1.10 1.14 3152
 2097 4641 3151 77 5 1.10 1.14 3152
 2097 4625 3151 77 5 1.10 1.14 3152
 2097 4609 3151 77 2 1.10 1.14 3152
 2113 4449 3151 65 10 1400001.10 10.14 3152
 2113 4433 3151 65 4 1400001.10 10.14 3152
 2113 4657 3151 77 5 1.10 1.14 3152
 2113 4609 3151 79 18 0.10 4.14 3152
 2113 4593 3151 79 18 0.10 4.14 3152
 2113 4577 3151 79 15 0.10 4.14 3152
 2113 4641 3151 77 5 1.10 1.14 3152
 2113 4625 3151 77 5 1.10 1.14 3152
 2113 4609 3151 77 2 1.10 1.14 3152
 2129 4449 3151 65 10 1400001.10 10.14 3152
 2129 4433 3151 65 4 1400001.10 10.14 3152
 2129 4657 3151 77 5 1.10 1.14 3152
 2129 4641 3151 77 5 1.10 1.14 3152
 2129 4625 3151 77 5 1.10 1.14 3152
 2129 4609 3151 79 19 0.10 4.14 3152
 2129 4609 3151 77 2 1.10 1.14 3152
 2129 4593 3151 79 19 0.10 4.14 3152
 2129 4577 3151 79 16 0.10 4.14 3152
 2145 4449 3151 65 10 1400001.10 10.14 3152
 2145 4433 3151 65 4 1400001.10 10.14 3152
 2145 4657 3151 77 5 1.10 1.14 3152
 2145 4641 3151 77 5 1.10 1.14 3152
 2145 4625 3151 77 5 1.10 1.14 3152
 2145 4609 3151 79 20 0.10 4.14 3152
 2145 4609 3151 77 2 1.10 1.14 3152
 2145 4593 3151 79 20 0.10 4.14 3152
 2145 4577 3151 79 17 0.10 4.14 3152
 2161 4449 3151 65 10 1400001.10 10.14 3152
 2161 4433 3151 65 4 1400001.10 10.14 3152
 2161 4657 3151 77 5 1.10 1.14 3152
 2161 4641 3151 77 5 1.10 1.14 3152
 2161 4625 3151 77 5 1.10 1.14 3152
 2161 4609 3151 77 2 1.10 1.14 3152
 2177 4449 3151 65 10 1400001.10 10.14 3152
 2177 4433 3151 65 4 1400001.10 10.14 3152
 2177 4529 3151 77 4 1.10 1.14 3152
 2177 4513 3151 77 4 1.10 1.14 3152
 2177 4497 3151 77 1 1.10 1.14 3152
 2177 4481 3151 63 1 1.10 1.14 3152
 2177 4289 3151 77 1 1.10 1.14 3152
 2177 4305 3151 77 4 1.10 1.14 3152
 2177 4321 3151 77 4 1.10 1.14 3152
 2177 4337 3151 77 4 1.10 1.14 3152
 2177 4353 3151 77 4 1.10 1.14 3152
 2177 4369 3151 77 4 1.10 1.14 3152
 2177 4385 3151 77 4 1.10 1.14 3152
 2177 4401 3151 77 4 1.10 1.14 3152
 2177 4417 3151 77 7 1.10 1.14 3152
 2177 4657 3151 77 5 1.10 1.14 3152
 2177 4641 3151 77 5 1.10 1.14 3152
 2177 4625 3151 77 5 1.10 1.14 3152
 2177 4609 3151 77 12 1.10 1.14 3152
 2177 4593 3151 77 4 1.10 1.14 3152
 2177 4577 3151 77 4 1.10 1.14 3152
 2177 4561 3151 77 4 1.10 1.14 3152
 2177 4545 3151 77 4 1.10 1.14 3152
 2193 4449 3151 65 10 1400001.10 10.14 3152
 2193 4433 3151 65 4 1400001.10 10.14 3152
 2193 4273 3151 64 1 6.10 6.14 3152
 2193 4529 3151 77 5 1.10 1.14 3152
 2193 4513 3151 77 5 1.10 1.14 3152
 2193 4497 3151 77 33 1.10 1.14 3152
 2193 4481 3151 63 1 1.10 1.14 3152
 2193 4289 3151 77 2 1.10 1.14 3152
 2193 4305 3151 77 37 1.10 1.14 3152
 2193 4321 3151 77 37 1.10 1.14 3152
 2193 4337 3151 77 37 1.10 1.14 3152
 2193 4353 3151 77 37 1.10 1.14 3152
 2193 4369 3151 77 37 1.10 1.14 3152
 2193 4385 3151 77 37 1.10 1.14 3152
 2193 4401 3151 77 37 1.10 1.14 3152
 2193 4417 3151 77 9 1.10 1.14 3152
 2193 4289 3151 96 1 -13.90 -13.86 3152
 2193 4753 3151 77 5 1.10 1.14 3152
 2193 4737 3151 77 5 1.10 1.14 3152
 2193 4721 3151 77 5 1.10 1.14 3152
 2193 4705 3151 77 5 1.10 1.14 3152
 2193 4689 3151 77 5 1.10 1.14 3152
 2193 4673 3151 77 5 1.10 1.14 3152
 2193 4657 3151 77 5 1.10 1.14 3152
 2193 4641 3151 77 5 1.10 1.14 3152
 2193 4625 3151 77 5 1.10 1.14 3152
 2193 4609 3151 77 5 1.10 1.14 3152
 2193 4593 3151 77 5 1.10 1.14 3152
 2193 4577 3151 77 5 1.10 1.14 3152
 2193 4561 3151 77 5 1.10 1.14 3152
 2193 4545 3151 77 5 1.10 1.14 3152
 2209 4289 3151 76 11 1300001.10 1300001.14 3152
 2209 4465 3151 65 9 1400001.10 10.14 3152
 2209 4449 3151 65 13 1400001.10 10.14 3152
 2209 4433 3151 65 14 1400001.10 10.14 3152
 2209 4305 3151 65 3 1400001.10 10.14 3152
 2209 4321 3151 65 6 1400001.10 10.14 3152
 2209 4337 3151 65 6 1400001.10 10.14 3152
 2209 4353 3151 65 6 1400001.10 10.14 3152
 2209 4369 3151 65 6 1400001.10 10.14 3152
 2209 4385 3151 65 6 1400001.10 10.14 3152
 2209 4401 3151 65 6 1400001.10 10.14 3152
 2209 4417 3151 65 6 1400001.10 10.14 3152
 2209 4273 3151 64 1 6.10 6.14 3152
 2209 4513 3693 77 30 1.10 1.14 3694
 2209 4497 3151 77 33 1.10 1.14 3152
 2209 4481 3151 63 1 1.10 1.14 3152
 2209 4705 3693 77 30 1.10 1.14 3694
 2209 4641 3693 77 30 1.10 1.14 3694
 2209 4577 3693 77 30 1.10 1.14 3694
 2225 4289 3151 76 11 1300001.10 1300001.14 3152
 2225 4465 3151 65 10 1400001.10 10.14 3152
 2225 4449 3151 65 7 1400001.10 10.14 3152
 2225 4433 3151 65 7 1400001.10 10.14 3152
 2225 4305 3151 65 4 1400001.10 10.14 3152
 2225 4321 3151 65 7 1400001.10 10.14 3152
 2225 4337 3151 65 7 1400001.10 10.14 3152
 2225 4353 3151 65 7 1400001.10 10.14 3152
 2225 4369 3151 65 7 1400001.10 10.14 3152
 2225 4385 3151 65 7 1400001.10 10.14 3152
 2225 4401 3151 65 7 1400001.10 10.14 3152
 2225 4417 3151 65 7 1400001.10 10.14 3152
 2225 4273 3151 64 1 6.10 6.14 3152
 2225 4497 3151 77 33 1.10 1.14 3152
 2225 4481 3151 63 1 1.10 1.14 3152
 2241 4289 3151 76 11 1300001.10 1300001.14 3152
 2241 4465 3151 65 11 1400001.10 10.14 3152
 2241 4449 3151 65 8 1400001.10 10.14 3152
 2241 4433 3151 65 8 1400001.10 10.14 3152
 2241 4305 3151 65 5 1400001.10 10.14 3152
 2241 4321 3151 65 8 1400001.10 10.14 3152
 2241 4337 3151 65 8 1400001.10 10.14 3152
 2241 4353 3151 65 8 1400001.10 10.14 3152
 2241 4369 3151 65 8 1400001.10 10.14 3152
 2241 4385 3151 65 8 1400001.10 10.14 3152
 2241 4401 3151 65 8 1400001.10 10.14 3152
 2241 4417 3151 65 8 1400001.10 10.14 3152
 2241 4273 3151 64 1 6.10 6.14 3152
 2241 4497 3151 77 33 1.10 1.14 3152
 2241 4481 3151 63 1 1.10 1.14 3152
 2257 4273 3151 64 1 6.10 6.14 3152
 2257 4497 3151 77 12 1.10 1.14 3152
 2257 4481 3151 77 35 1.10 1.14 3152
 2257 4465 3151 77 35 1.10 1.14 3152
 2257 4449 3151 77 35 1.10 1.14 3152
 2257 4433 3151 77 35 1.10 1.14 3152
 2257 4289 3151 77 2 1.10 1.14 3152
 2257 4305 3151 77 35 1.10 1.14 3152
 2257 4321 3151 77 35 1.10 1.14 3152
 2257 4337 3151 77 35 1.10 1.14 3152
 2257 4353 3151 77 35 1.10 1.14 3152
 2257 4369 3151 77 35 1.10 1.14 3152
 2257 4385 3151 77 35 1.10 1.14 3152
 2257 4401 3151 77 35 1.10 1.14 3152
 2257 4417 3151 77 35 1.10 1.14 3152
 2257 4289 3151 96 1 -13.90 -13.86 3152
 2273 4497 3195 77 31 1.10 1.14 3196
 2273 4241 3151 60 1 1.10 1.14 3152
 2273 4289 3151 77 2 1.10 1.14 3152
 2273 4305 3195 77 31 1.10 1.14 3196
 2273 4401 3195 77 31 1.10 1.14 3196
 2273 4753 3151 77 5 1.10 1.14 3152
 2273 4689 3693 77 30 1.10 1.14 3694
 2273 4593 3195 77 31 1.10 1.14 3196
 2289 4289 3151 77 2 1.10 1.14 3152
 2289 4753 3151 77 5 1.10 1.14 3152
 2289 4193 3151 60 1 1.10 1.14 3152
 2305 4289 3151 77 2 1.10 1.14 3152
 2305 4753 3151 77 5 1.10 1.14 3152
 2321 4289 3151 77 2 1.10 1.14 3152
 2321 4753 3151 77 5 1.10 1.14 3152
 2337 4289 3151 77 2 1.10 1.14 3152
 2337 4753 3151 77 5 1.10 1.14 3152
 2337 4689 3693 77 30 1.10 1.14 3694
 2353 4129 3645 68 1 1.10 11.14 3646
 2353 4289 3151 77 2 1.10 1.14 3152
 2353 4753 3151 77 5 1.10 1.14 3152
 2369 4497 3195 77 31 1.10 1.14 3196
 2369 4289 3151 77 2 1.10 1.14 3152
 2369 4305 3195 77 31 1.10 1.14 3196
 2369 4401 3195 77 31 1.10 1.14 3196
 2369 4753 3151 77 5 1.10 1.14 3152
 2369 4593 3195 77 31 1.10 1.14 3196
 2385 4289 3151 77 2 1.10 1.14 3152
 2385 4753 3151 77 5 1.10 1.14 3152
 2401 4753 3151 77 5 1.10 1.14 3152
 2401 4689 3693 77 30 1.10 1.14 3694
 2401 4289 3151 77 2 1.10 1.14 3152
 2417 4753 3151 77 5 1.10 1.14 3152
 2417 4289 3151 77 2 1.10 1.14 3152
 2433 4289 3151 77 2 1.10 1.14 3152
 2433 4753 3151 77 5 1.10 1.14 3152
 2449 4289 3151 77 2 1.10 1.14 3152
 2449 4753 3151 77 5 1.10 1.14 3152
 2465 4689 3151 81 1 -999998.90 -18.86 3152
