 -10 1239 3423 0.42 2 1 1 2 1 2 2 301 0.42 1
airshi10.png
-1
-1
-1
-1
-1
-1
-1
-1
-1
-1
-1
-1
-1
-1
-1
-1
-1
-1
-1
-1
-1
y0
VoiD
 1 4737 3151 92 2 1.10 6.14 3152
 1 4753 3151 92 5 1.10 6.14 3152
 1 4705 3192 51 1 1.10 1.14 3193 0
 17 4737 3151 92 2 1.10 6.14 3152
 17 4753 3151 92 5 1.10 6.14 3152
 33 4737 3151 92 2 1.10 6.14 3152
 33 4753 3151 92 5 1.10 6.14 3152
 33 4673 3151 59 1 1.10 1.14 3152
 33 4673 3151 67 2 0.10 0.14 3152
 49 4737 3151 92 2 1.10 6.14 3152
 49 4753 3151 92 5 1.10 6.14 3152
 65 4737 3151 92 3 1.10 6.14 3152
 65 4753 3151 92 6 1.10 6.14 3152
 129 4625 3151 95 1 1300001.10 1300001.14 3152 49 145
 129 4737 3151 61 4 1.10 1.14 3152
 129 4625 3151 96 2 -13.90 -13.86 3152
 145 4625 3151 95 1 1300001.10 1300001.14 3152 65 145
 145 4625 3151 96 2 -13.90 -13.86 3152
 161 4625 3151 95 1 1300001.10 1300001.14 3152 81 145
 161 4625 3151 96 2 -13.90 -13.86 3152
 177 4625 3151 95 1 1300001.10 1300001.14 3152 97 145
 177 4625 3151 96 2 -13.90 -13.86 3152
 193 4625 3151 95 1 1300001.10 1300001.14 3152 113 145
 193 4625 3151 96 2 -13.90 -13.86 3152
 209 4625 3151 95 1 1300001.10 1300001.14 3152 129 145
 209 4625 3151 96 2 -13.90 -13.86 3152
 225 4641 3151 95 1 1300001.10 1300001.14 3152 1 97
 225 4657 3151 95 1 1300001.10 1300001.14 3152 65 129
 225 4625 3151 95 1 1300001.10 1300001.14 3152 1 81
 225 4625 3151 96 1 -13.90 -13.86 3152
 241 4657 3151 95 1 1300001.10 1300001.14 3152 97 113
 241 4625 3151 95 1 1300001.10 1300001.14 3152 17 81
 241 4641 3151 95 1 1300001.10 1300001.14 3152 17 97
 241 4673 3151 95 1 1300001.10 1300001.14 3152 97 129
 241 4625 3151 96 1 -13.90 -13.86 3152
 257 4625 3151 95 1 1300001.10 1300001.14 3152 17 81
 257 4657 3151 95 1 1300001.10 1300001.14 3152 17 97
 257 4641 3151 95 1 1300001.10 1300001.14 3152 17 97
 257 4673 3151 95 1 1300001.10 1300001.14 3152 113 129
 257 4561 3151 59 1 1.10 1.14 3152
 257 4561 3151 67 9 0.10 0.14 3152
 257 4625 3151 96 1 -13.90 -13.86 3152
 273 4625 3151 95 1 1300001.10 1300001.14 3152 17 81
 273 4657 3151 95 1 1300001.10 1300001.14 3152 17 97
 273 4641 3151 95 1 1300001.10 1300001.14 3152 17 97
 273 4673 3151 95 1 1300001.10 1300001.14 3152 161 161
 273 4689 3151 95 1 1300001.10 1300001.14 3152 161 177
 273 4705 3151 95 1 1300001.10 1300001.14 3152 161 177
 273 4721 3151 95 1 1300001.10 1300001.14 3152 161 177
 273 4737 3151 95 1 1300001.10 1300001.14 3152 161 177
 273 4753 3151 95 1 1300001.10 1300001.14 3152 161 177
 273 4561 3151 60 1 1.10 1.14 3152
 273 4625 3151 96 1 -13.90 -13.86 3152
 289 4625 3151 95 1 1300001.10 1300001.14 3152 17 81
 289 4657 3151 95 1 1300001.10 1300001.14 3152 17 97
 289 4641 3151 95 1 1300001.10 1300001.14 3152 49 161
 289 4673 3151 95 1 1300001.10 1300001.14 3152 17 97
 289 4689 3151 95 1 1300001.10 1300001.14 3152 113 129
 289 4561 3151 60 1 1.10 1.14 3152
 289 4625 3151 96 1 -13.90 -13.86 3152
 305 4625 3151 95 1 1300001.10 1300001.14 3152 17 81
 305 4641 3151 95 1 1300001.10 1300001.14 3152 17 97
 305 4657 3151 95 1 1300001.10 1300001.14 3152 17 97
 305 4673 3151 95 1 1300001.10 1300001.14 3152 17 97
 305 4689 3151 95 1 1300001.10 1300001.14 3152 97 113
 305 4705 3151 95 1 1300001.10 1300001.14 3152 97 129
 305 4625 3151 96 1 -13.90 -13.86 3152
 321 4625 3151 95 1 1300001.10 1300001.14 3152 17 81
 321 4641 3151 95 1 1300001.10 1300001.14 3152 17 97
 321 4657 3151 95 1 1300001.10 1300001.14 3152 17 97
 321 4673 3151 95 1 1300001.10 1300001.14 3152 17 97
 321 4689 3151 95 1 1300001.10 1300001.14 3152 17 97
 321 4705 3151 95 1 1300001.10 1300001.14 3152 113 129
 321 4625 3151 96 1 -13.90 -13.86 3152
 337 4625 3151 95 1 1300001.10 1300001.14 3152 33 81
 337 4641 3151 95 1 1300001.10 1300001.14 3152 113 113
 337 4657 3151 95 1 1300001.10 1300001.14 3152 17 97
 337 4673 3151 95 1 1300001.10 1300001.14 3152 49 161
 337 4689 3151 95 1 1300001.10 1300001.14 3152 17 97
 337 4705 3151 95 1 1300001.10 1300001.14 3152 97 113
 337 4721 3151 95 1 1300001.10 1300001.14 3152 97 129
 337 4625 3151 96 1 -13.90 -13.86 3152
 353 4641 3151 95 1 1300001.10 1300001.14 3152 17 81
 353 4657 3151 95 1 1300001.10 1300001.14 3152 17 97
 353 4673 3151 95 1 1300001.10 1300001.14 3152 17 97
 353 4689 3151 95 1 1300001.10 1300001.14 3152 17 97
 353 4641 3151 96 1 -13.90 -13.86 3152
 353 4705 3151 95 1 1300001.10 1300001.14 3152 17 97
 353 4721 3151 95 1 1300001.10 1300001.14 3152 113 129
 369 4641 3151 95 1 1300001.10 1300001.14 3152 17 81
 369 4657 3151 95 1 1300001.10 1300001.14 3152 17 97
 369 4625 3151 95 1 1300001.10 1300001.14 3152 1 65
 369 4641 3151 96 1 -13.90 -13.86 3152
 369 4673 3151 95 1 1300001.10 1300001.14 3152 17 97
 369 4689 3151 95 1 1300001.10 1300001.14 3152 17 97
 369 4705 3151 95 1 1300001.10 1300001.14 3152 17 97
 369 4721 3151 95 1 1300001.10 1300001.14 3152 97 113
 369 4737 3151 95 1 1300001.10 1300001.14 3152 97 129
 385 4641 3151 95 1 1300001.10 1300001.14 3152 17 81
 385 4657 3151 95 1 1300001.10 1300001.14 3152 17 97
 385 4625 3151 95 1 1300001.10 1300001.14 3152 17 65
 385 4673 3151 95 1 1300001.10 1300001.14 3152 177 65
 385 4689 3151 95 1 1300001.10 1300001.14 3152 17 97
 385 4641 3151 96 1 -13.90 -13.86 3152
 385 4705 3151 95 1 1300001.10 1300001.14 3152 17 97
 385 4721 3151 95 1 1300001.10 1300001.14 3152 17 97
 385 4737 3151 95 1 1300001.10 1300001.14 3152 113 129
 401 4465 3151 95 1 1300001.10 1300001.14 3152 161 113
 401 4641 3151 95 1 1300001.10 1300001.14 3152 17 81
 401 4657 3151 95 1 1300001.10 1300001.14 3152 17 97
 401 4625 3151 95 1 1300001.10 1300001.14 3152 33 65
 401 4673 3151 95 1 1300001.10 1300001.14 3152 17 97
 401 4689 3151 95 1 1300001.10 1300001.14 3152 17 97
 401 4705 3151 95 1 1300001.10 1300001.14 3152 17 97
 401 4641 3151 96 1 -13.90 -13.86 3152
 401 4721 3151 95 1 1300001.10 1300001.14 3152 17 97
 401 4737 3151 95 1 1300001.10 1300001.14 3152 17 113
 417 4465 3151 95 1 1300001.10 1300001.14 3152 177 113
 417 4481 3151 95 1 1300001.10 1300001.14 3152 177 129
 417 4497 3151 95 1 1300001.10 1300001.14 3152 177 129
 417 4513 3151 95 1 1300001.10 1300001.14 3152 177 129
 417 4529 3151 95 1 1300001.10 1300001.14 3152 177 129
 417 4545 3151 95 1 1300001.10 1300001.14 3152 177 129
 417 4641 3151 95 1 1300001.10 1300001.14 3152 17 81
 417 4657 3151 95 1 1300001.10 1300001.14 3152 17 97
 417 4625 3151 95 1 1300001.10 1300001.14 3152 177 129
 417 4609 3151 95 1 1300001.10 1300001.14 3152 177 129
 417 4593 3151 95 1 1300001.10 1300001.14 3152 177 129
 417 4577 3151 95 1 1300001.10 1300001.14 3152 177 129
 417 4561 3151 95 1 1300001.10 1300001.14 3152 177 129
 417 4673 3151 95 1 1300001.10 1300001.14 3152 177 65
 417 4689 3151 95 1 1300001.10 1300001.14 3152 17 97
 417 4641 3151 96 1 -13.90 -13.86 3152
 417 4705 3151 95 1 1300001.10 1300001.14 3152 17 97
 417 4721 3151 95 1 1300001.10 1300001.14 3152 17 97
 417 4737 3151 95 1 1300001.10 1300001.14 3152 17 113
 433 4465 3151 95 1 1300001.10 1300001.14 3152 193 113
 433 4641 3151 95 1 1300001.10 1300001.14 3152 17 81
 433 4657 3151 95 1 1300001.10 1300001.14 3152 17 97
 433 4641 3151 96 1 -13.90 -13.86 3152
 433 4673 3151 95 1 1300001.10 1300001.14 3152 17 97
 433 4689 3151 95 1 1300001.10 1300001.14 3152 17 97
 433 4705 3151 95 1 1300001.10 1300001.14 3152 17 97
 433 4721 3151 95 1 1300001.10 1300001.14 3152 17 97
 433 4737 3151 95 1 1300001.10 1300001.14 3152 17 113
 449 4625 3151 95 1 1300001.10 1300001.14 3152 1 81
 449 4641 3151 95 1 1300001.10 1300001.14 3152 129 113
 449 4657 3151 95 1 1300001.10 1300001.14 3152 17 97
 449 4625 3151 96 1 -13.90 -13.86 3152
 449 4673 3151 95 1 1300001.10 1300001.14 3152 177 65
 449 4689 3151 95 1 1300001.10 1300001.14 3152 17 97
 449 4705 3151 95 1 1300001.10 1300001.14 3152 17 97
 449 4721 3151 95 1 1300001.10 1300001.14 3152 17 97
 449 4737 3151 95 1 1300001.10 1300001.14 3152 17 113
 449 4609 3694 56 19 1.10 -5.86 3695
 465 4609 3151 95 1 1300001.10 1300001.14 3152 113 49
 465 4625 3151 95 1 1300001.10 1300001.14 3152 17 81
 465 4641 3151 95 1 1300001.10 1300001.14 3152 17 97
 465 4657 3151 95 1 1300001.10 1300001.14 3152 17 97
 465 4625 3151 96 1 -13.90 -13.86 3152
 465 4609 3151 96 2 -13.90 -13.86 3152
 465 4673 3151 95 1 1300001.10 1300001.14 3152 17 97
 465 4689 3151 95 1 1300001.10 1300001.14 3152 17 97
 465 4705 3151 95 1 1300001.10 1300001.14 3152 17 97
 465 4721 3151 95 1 1300001.10 1300001.14 3152 17 97
 465 4737 3151 95 1 1300001.10 1300001.14 3152 17 113
 481 4577 3151 95 1 1300001.10 1300001.14 3152 81 33
 481 4593 3151 95 1 1300001.10 1300001.14 3152 81 49
 481 4609 3151 95 1 1300001.10 1300001.14 3152 129 49
 481 4625 3151 95 1 1300001.10 1300001.14 3152 17 81
 481 4641 3151 95 1 1300001.10 1300001.14 3152 17 97
 481 4657 3151 95 1 1300001.10 1300001.14 3152 17 97
 481 4577 3151 96 2 -13.90 -13.86 3152
 481 4609 3151 96 2 -13.90 -13.86 3152
 481 4625 3151 96 1 -13.90 -13.86 3152
 481 4673 3151 95 1 1300001.10 1300001.14 3152 177 65
 481 4689 3151 95 1 1300001.10 1300001.14 3152 17 97
 481 4705 3151 95 1 1300001.10 1300001.14 3152 17 97
 481 4721 3151 95 1 1300001.10 1300001.14 3152 17 97
 481 4737 3151 95 1 1300001.10 1300001.14 3152 17 113
 497 4577 3151 95 1 1300001.10 1300001.14 3152 97 33
 497 4593 3151 95 1 1300001.10 1300001.14 3152 97 49
 497 4609 3151 95 1 1300001.10 1300001.14 3152 145 49
 497 4625 3151 95 1 1300001.10 1300001.14 3152 17 81
 497 4641 3151 95 1 1300001.10 1300001.14 3152 17 97
 497 4657 3151 95 1 1300001.10 1300001.14 3152 17 97
 497 4577 3151 96 2 -13.90 -13.86 3152
 497 4609 3151 96 2 -13.90 -13.86 3152
 497 4625 3151 96 1 -13.90 -13.86 3152
 497 4673 3151 95 1 1300001.10 1300001.14 3152 17 97
 497 4689 3151 95 1 1300001.10 1300001.14 3152 17 97
 497 4705 3151 95 1 1300001.10 1300001.14 3152 17 97
 497 4721 3151 95 1 1300001.10 1300001.14 3152 17 97
 497 4737 3151 95 1 1300001.10 1300001.14 3152 17 113
 513 4625 3151 95 1 1300001.10 1300001.14 3152 17 81
 513 4641 3151 95 1 1300001.10 1300001.14 3152 17 97
 513 4657 3151 95 1 1300001.10 1300001.14 3152 17 97
 513 4673 3151 95 1 1300001.10 1300001.14 3152 17 97
 513 4689 3151 95 1 1300001.10 1300001.14 3152 17 97
 513 4705 3151 95 1 1300001.10 1300001.14 3152 17 97
 513 4625 3151 96 1 -13.90 -13.86 3152
 513 4721 3151 95 1 1300001.10 1300001.14 3152 17 97
 513 4737 3151 95 1 1300001.10 1300001.14 3152 17 113
 513 4609 3694 56 19 0.10 -5.86 3695
 529 4625 3151 95 1 1300001.10 1300001.14 3152 17 81
 529 4641 3151 95 1 1300001.10 1300001.14 3152 17 97
 529 4657 3151 95 1 1300001.10 1300001.14 3152 17 97
 529 4673 3151 95 1 1300001.10 1300001.14 3152 17 97
 529 4689 3151 95 1 1300001.10 1300001.14 3152 17 97
 529 4705 3151 95 1 1300001.10 1300001.14 3152 17 97
 529 4593 3192 69 15 1.10 -4.86 3193
 529 4721 3151 95 1 1300001.10 1300001.14 3152 17 97
 529 4737 3151 95 1 1300001.10 1300001.14 3152 17 113
 545 4625 3151 95 1 1300001.10 1300001.14 3152 17 81
 545 4641 3151 95 1 1300001.10 1300001.14 3152 17 97
 545 4657 3151 95 1 1300001.10 1300001.14 3152 17 97
 545 4673 3151 95 1 1300001.10 1300001.14 3152 17 97
 545 4689 3151 95 1 1300001.10 1300001.14 3152 17 97
 545 4705 3151 95 1 1300001.10 1300001.14 3152 17 97
 545 4593 3192 69 16 1.10 -4.86 3193
 545 4721 3151 95 1 1300001.10 1300001.14 3152 17 97
 545 4737 3151 95 1 1300001.10 1300001.14 3152 17 113
 561 4577 3151 95 1 1300001.10 1300001.14 3152 97 81
 561 4609 3151 95 1 1300001.10 1300001.14 3152 1 97
 561 4593 3151 95 1 1300001.10 1300001.14 3152 1 97
 561 4625 3151 95 1 1300001.10 1300001.14 3152 129 113
 561 4641 3151 95 1 1300001.10 1300001.14 3152 17 97
 561 4657 3151 95 1 1300001.10 1300001.14 3152 17 97
 561 4673 3151 95 1 1300001.10 1300001.14 3152 17 97
 561 4689 3151 95 1 1300001.10 1300001.14 3152 17 97
 561 4705 3151 95 1 1300001.10 1300001.14 3152 17 97
 561 4577 3151 96 5 -13.90 -13.86 3152
 561 4721 3151 95 1 1300001.10 1300001.14 3152 17 97
 561 4737 3151 95 1 1300001.10 1300001.14 3152 17 113
 577 4609 3151 95 1 1300001.10 1300001.14 3152 17 97
 577 4593 3151 95 1 1300001.10 1300001.14 3152 17 97
 577 4577 3151 95 1 1300001.10 1300001.14 3152 113 81
 577 4625 3151 95 1 1300001.10 1300001.14 3152 17 97
 577 4641 3151 95 1 1300001.10 1300001.14 3152 17 97
 577 4657 3151 95 1 1300001.10 1300001.14 3152 17 97
 577 4673 3151 95 1 1300001.10 1300001.14 3152 17 97
 577 4689 3151 95 1 1300001.10 1300001.14 3152 17 97
 577 4705 3151 95 1 1300001.10 1300001.14 3152 177 65
 577 4577 3151 96 6 -13.90 -13.86 3152
 577 4721 3151 95 1 1300001.10 1300001.14 3152 17 97
 577 4737 3151 95 1 1300001.10 1300001.14 3152 17 113
 593 4609 3151 95 1 1300001.10 1300001.14 3152 17 97
 593 4593 3151 95 1 1300001.10 1300001.14 3152 17 97
 593 4561 3151 95 1 1300001.10 1300001.14 3152 97 81
 593 4577 3151 95 1 1300001.10 1300001.14 3152 97 97
 593 4625 3151 95 1 1300001.10 1300001.14 3152 17 97
 593 4641 3151 95 1 1300001.10 1300001.14 3152 49 161
 593 4657 3151 95 1 1300001.10 1300001.14 3152 17 97
 593 4673 3151 95 1 1300001.10 1300001.14 3152 17 97
 593 4689 3151 95 1 1300001.10 1300001.14 3152 17 97
 593 4705 3151 95 1 1300001.10 1300001.14 3152 17 97
 593 4561 3151 96 5 -13.90 -13.86 3152
 593 4721 3151 95 1 1300001.10 1300001.14 3152 17 97
 593 4737 3151 95 1 1300001.10 1300001.14 3152 17 113
 609 4609 3151 95 1 1300001.10 1300001.14 3152 17 97
 609 4593 3151 95 1 1300001.10 1300001.14 3152 17 97
 609 4561 3151 95 1 1300001.10 1300001.14 3152 113 81
 609 4577 3151 95 1 1300001.10 1300001.14 3152 17 97
 609 4625 3151 95 1 1300001.10 1300001.14 3152 17 97
 609 4641 3151 95 1 1300001.10 1300001.14 3152 17 97
 609 4657 3151 95 1 1300001.10 1300001.14 3152 17 97
 609 4673 3151 95 1 1300001.10 1300001.14 3152 17 97
 609 4689 3151 95 1 1300001.10 1300001.14 3152 17 97
 609 4705 3151 95 1 1300001.10 1300001.14 3152 17 97
 609 4561 3151 96 6 -13.90 -13.86 3152
 609 4721 3151 95 1 1300001.10 1300001.14 3152 81 113
 609 4737 3151 95 1 1300001.10 1300001.14 3152 81 129
 625 4609 3151 95 1 1300001.10 1300001.14 3152 17 97
 625 4593 3151 95 1 1300001.10 1300001.14 3152 17 97
 625 4577 3151 95 1 1300001.10 1300001.14 3152 17 97
 625 4561 3151 95 1 1300001.10 1300001.14 3152 17 81
 625 4625 3151 95 1 1300001.10 1300001.14 3152 17 97
 625 4641 3151 95 1 1300001.10 1300001.14 3152 17 97
 625 4657 3151 95 1 1300001.10 1300001.14 3152 17 97
 625 4673 3151 95 1 1300001.10 1300001.14 3152 17 97
 625 4689 3151 95 1 1300001.10 1300001.14 3152 17 97
 625 4705 3151 95 1 1300001.10 1300001.14 3152 81 113
 625 4721 3151 95 1 1300001.10 1300001.14 3152 81 129
 625 4561 3151 96 1 -13.90 -13.86 3152
 641 4609 3151 95 1 1300001.10 1300001.14 3152 17 97
 641 4593 3151 95 1 1300001.10 1300001.14 3152 17 97
 641 4577 3151 95 1 1300001.10 1300001.14 3152 17 97
 641 4561 3151 95 1 1300001.10 1300001.14 3152 17 81
 641 4625 3151 95 1 1300001.10 1300001.14 3152 17 97
 641 4641 3151 95 1 1300001.10 1300001.14 3152 17 97
 641 4657 3151 95 1 1300001.10 1300001.14 3152 17 97
 641 4673 3151 95 1 1300001.10 1300001.14 3152 17 97
 641 4689 3151 95 1 1300001.10 1300001.14 3152 81 113
 641 4705 3151 95 1 1300001.10 1300001.14 3152 81 129
 641 4561 3151 96 1 -13.90 -13.86 3152
 657 4561 3151 95 1 1300001.10 1300001.14 3152 17 81
 657 4577 3151 95 1 1300001.10 1300001.14 3152 17 97
 657 4593 3151 95 1 1300001.10 1300001.14 3152 17 97
 657 4609 3151 95 1 1300001.10 1300001.14 3152 17 97
 657 4625 3151 95 1 1300001.10 1300001.14 3152 17 97
 657 4641 3151 95 1 1300001.10 1300001.14 3152 17 97
 657 4657 3151 95 1 1300001.10 1300001.14 3152 17 97
 657 4673 3151 95 1 1300001.10 1300001.14 3152 81 113
 657 4689 3151 95 1 1300001.10 1300001.14 3152 81 129
 657 4545 3151 56 9.10 1.10 -5.86 3152
 657 4561 3151 96 1 -13.90 -13.86 3152
 673 4561 3151 95 1 1300001.10 1300001.14 3152 17 81
 673 4577 3151 95 1 1300001.10 1300001.14 3152 209 177
 673 4593 3151 95 1 1300001.10 1300001.14 3152 209 177
 673 4609 3151 95 1 1300001.10 1300001.14 3152 17 97
 673 4625 3151 95 1 1300001.10 1300001.14 3152 49 161
 673 4641 3151 95 1 1300001.10 1300001.14 3152 17 97
 673 4657 3151 95 1 1300001.10 1300001.14 3152 17 97
 673 4673 3151 95 1 1300001.10 1300001.14 3152 17 113
 673 4561 3151 96 1 -13.90 -13.86 3152
 673 4577 3151 96 1 -13.90 -13.86 3152
 673 4593 3151 96 1 -13.90 -13.86 3152
 689 4465 3151 95 1 1300001.10 1300001.14 3152 65 161
 689 4481 3151 95 1 1300001.10 1300001.14 3152 65 161
 689 4561 3151 95 1 1300001.10 1300001.14 3152 65 161
 689 4497 3151 95 1 1300001.10 1300001.14 3152 65 161
 689 4513 3151 95 1 1300001.10 1300001.14 3152 65 161
 689 4529 3151 95 1 1300001.10 1300001.14 3152 65 161
 689 4545 3151 95 1 1300001.10 1300001.14 3152 65 161
 689 4577 3151 95 1 1300001.10 1300001.14 3152 65 161
 689 4593 3151 95 1 1300001.10 1300001.14 3152 65 161
 689 4609 3151 95 1 1300001.10 1300001.14 3152 209 161
 689 4625 3151 95 1 1300001.10 1300001.14 3152 17 97
 689 4641 3151 95 1 1300001.10 1300001.14 3152 17 97
 689 4657 3151 95 1 1300001.10 1300001.14 3152 17 97
 689 4673 3151 95 1 1300001.10 1300001.14 3152 17 113
 689 4593 3151 63 1 1.10 1.14 3152
 689 4609 3151 96 1 -13.90 -13.86 3152
 689 4449 3151 95 1 1300001.10 1300001.14 3152 65 161
 689 4433 3151 95 1 1300001.10 1300001.14 3152 113 161
 705 4465 3151 95 1 1300001.10 1300001.14 3152 81 161
 705 4481 3151 95 1 1300001.10 1300001.14 3152 81 161
 705 4561 3151 95 1 1300001.10 1300001.14 3152 81 161
 705 4497 3151 95 1 1300001.10 1300001.14 3152 81 161
 705 4513 3151 95 1 1300001.10 1300001.14 3152 81 161
 705 4529 3151 95 1 1300001.10 1300001.14 3152 81 161
 705 4545 3151 95 1 1300001.10 1300001.14 3152 81 161
 705 4577 3151 95 1 1300001.10 1300001.14 3152 81 161
 705 4593 3151 95 1 1300001.10 1300001.14 3152 81 161
 705 4609 3151 95 1 1300001.10 1300001.14 3152 209 161
 705 4625 3151 95 1 1300001.10 1300001.14 3152 17 97
 705 4641 3151 95 1 1300001.10 1300001.14 3152 17 97
 705 4657 3151 95 1 1300001.10 1300001.14 3152 17 97
 705 4673 3151 95 1 1300001.10 1300001.14 3152 17 113
 705 4593 3151 63 1 1.10 1.14 3152
 705 4465 3151 96 23 -13.90 -13.86 3152
 705 4481 3151 96 23 -13.90 -13.86 3152
 705 4561 3151 96 23 -13.90 -13.86 3152
 705 4497 3151 96 23 -13.90 -13.86 3152
 705 4513 3151 96 23 -13.90 -13.86 3152
 705 4529 3151 96 23 -13.90 -13.86 3152
 705 4545 3151 96 23 -13.90 -13.86 3152
 705 4577 3151 96 23 -13.90 -13.86 3152
 705 4609 3151 96 1 -13.90 -13.86 3152
 705 4449 3151 95 1 1300001.10 1300001.14 3152 81 161
 705 4449 3151 96 23 -13.90 -13.86 3152
 705 4433 3151 95 1 1300001.10 1300001.14 3152 129 161
 721 4465 3151 95 1 1300001.10 1300001.14 3152 81 161
 721 4481 3151 95 1 1300001.10 1300001.14 3152 81 161
 721 4497 3151 95 1 1300001.10 1300001.14 3152 81 161
 721 4513 3151 95 1 1300001.10 1300001.14 3152 81 161
 721 4529 3151 95 1 1300001.10 1300001.14 3152 81 161
 721 4545 3151 95 1 1300001.10 1300001.14 3152 81 161
 721 4561 3151 95 1 1300001.10 1300001.14 3152 81 161
 721 4577 3151 95 1 1300001.10 1300001.14 3152 81 161
 721 4593 3151 95 1 1300001.10 1300001.14 3152 81 161
 721 4609 3151 95 1 1300001.10 1300001.14 3152 209 161
 721 4625 3151 95 1 1300001.10 1300001.14 3152 17 97
 721 4641 3151 95 1 1300001.10 1300001.14 3152 17 97
 721 4657 3151 95 1 1300001.10 1300001.14 3152 17 97
 721 4673 3151 95 1 1300001.10 1300001.14 3152 17 113
 721 4593 3151 63 1 1.10 1.14 3152
 721 4465 3151 96 23 -13.90 -13.86 3152
 721 4481 3151 96 23 -13.90 -13.86 3152
 721 4497 3151 96 23 -13.90 -13.86 3152
 721 4513 3151 96 23 -13.90 -13.86 3152
 721 4529 3151 96 23 -13.90 -13.86 3152
 721 4545 3151 96 23 -13.90 -13.86 3152
 721 4561 3151 96 23 -13.90 -13.86 3152
 721 4577 3151 96 23 -13.90 -13.86 3152
 721 4609 3151 96 1 -13.90 -13.86 3152
 721 4449 3151 95 1 1300001.10 1300001.14 3152 81 161
 721 4449 3151 96 23 -13.90 -13.86 3152
 721 4433 3151 95 1 1300001.10 1300001.14 3152 129 161
 737 4465 3151 95 1 1300001.10 1300001.14 3152 81 161
 737 4481 3151 95 1 1300001.10 1300001.14 3152 81 161
 737 4497 3151 95 1 1300001.10 1300001.14 3152 81 161
 737 4513 3151 95 1 1300001.10 1300001.14 3152 81 161
 737 4529 3151 95 1 1300001.10 1300001.14 3152 81 161
 737 4545 3151 95 1 1300001.10 1300001.14 3152 81 161
 737 4561 3151 95 1 1300001.10 1300001.14 3152 81 161
 737 4577 3151 95 1 1300001.10 1300001.14 3152 81 161
 737 4593 3151 95 1 1300001.10 1300001.14 3152 81 161
 737 4609 3151 95 1 1300001.10 1300001.14 3152 209 161
 737 4625 3151 95 1 1300001.10 1300001.14 3152 17 97
 737 4641 3151 95 1 1300001.10 1300001.14 3152 17 97
 737 4657 3151 95 1 1300001.10 1300001.14 3152 17 97
 737 4673 3151 95 1 1300001.10 1300001.14 3152 17 113
 737 4593 3151 63 1 1.10 1.14 3152
 737 4465 3151 96 23 -13.90 -13.86 3152
 737 4481 3151 96 23 -13.90 -13.86 3152
 737 4497 3151 96 23 -13.90 -13.86 3152
 737 4513 3151 96 23 -13.90 -13.86 3152
 737 4529 3151 96 23 -13.90 -13.86 3152
 737 4545 3151 96 23 -13.90 -13.86 3152
 737 4561 3151 96 23 -13.90 -13.86 3152
 737 4577 3151 96 23 -13.90 -13.86 3152
 737 4609 3151 96 1 -13.90 -13.86 3152
 737 4449 3151 95 1 1300001.10 1300001.14 3152 81 161
 737 4449 3151 96 23 -13.90 -13.86 3152
 737 4433 3151 95 1 1300001.10 1300001.14 3152 129 161
 753 4465 3151 95 1 1300001.10 1300001.14 3152 81 161
 753 4481 3151 95 1 1300001.10 1300001.14 3152 81 161
 753 4497 3151 95 1 1300001.10 1300001.14 3152 81 161
 753 4513 3151 95 1 1300001.10 1300001.14 3152 81 161
 753 4529 3151 95 1 1300001.10 1300001.14 3152 81 161
 753 4545 3151 95 1 1300001.10 1300001.14 3152 81 161
 753 4561 3151 95 1 1300001.10 1300001.14 3152 81 161
 753 4577 3151 95 1 1300001.10 1300001.14 3152 81 161
 753 4593 3151 95 1 1300001.10 1300001.14 3152 81 161
 753 4609 3151 95 1 1300001.10 1300001.14 3152 209 161
 753 4625 3151 95 1 1300001.10 1300001.14 3152 17 97
 753 4641 3151 95 1 1300001.10 1300001.14 3152 17 97
 753 4657 3151 95 1 1300001.10 1300001.14 3152 17 97
 753 4673 3151 95 1 1300001.10 1300001.14 3152 65 113
 753 4689 3151 95 1 1300001.10 1300001.14 3152 65 129
 753 4593 3151 63 1 1.10 1.14 3152
 753 4465 3151 96 23 -13.90 -13.86 3152
 753 4481 3151 96 23 -13.90 -13.86 3152
 753 4497 3151 96 23 -13.90 -13.86 3152
 753 4513 3151 96 23 -13.90 -13.86 3152
 753 4529 3151 96 23 -13.90 -13.86 3152
 753 4545 3151 96 23 -13.90 -13.86 3152
 753 4561 3151 96 23 -13.90 -13.86 3152
 753 4577 3151 96 23 -13.90 -13.86 3152
 753 4609 3151 96 1 -13.90 -13.86 3152
 753 4449 3151 95 1 1300001.10 1300001.14 3152 81 161
 753 4449 3151 96 23 -13.90 -13.86 3152
 753 4433 3151 95 1 1300001.10 1300001.14 3152 129 161
 769 4465 3151 95 1 1300001.10 1300001.14 3152 97 161
 769 4481 3151 95 1 1300001.10 1300001.14 3152 97 161
 769 4497 3151 95 1 1300001.10 1300001.14 3152 97 161
 769 4513 3151 95 1 1300001.10 1300001.14 3152 97 161
 769 4529 3151 95 1 1300001.10 1300001.14 3152 97 161
 769 4545 3151 95 1 1300001.10 1300001.14 3152 97 161
 769 4561 3151 95 1 1300001.10 1300001.14 3152 97 161
 769 4577 3151 95 1 1300001.10 1300001.14 3152 97 161
 769 4593 3151 95 1 1300001.10 1300001.14 3152 97 161
 769 4609 3151 95 1 1300001.10 1300001.14 3152 209 161
 769 4625 3151 95 1 1300001.10 1300001.14 3152 17 97
 769 4641 3151 95 1 1300001.10 1300001.14 3152 17 97
 769 4657 3151 95 1 1300001.10 1300001.14 3152 17 97
 769 4673 3151 95 1 1300001.10 1300001.14 3152 17 97
 769 4689 3151 95 1 1300001.10 1300001.14 3152 65 113
 769 4705 3151 95 1 1300001.10 1300001.14 3152 65 129
 769 4593 3151 63 1 1.10 1.14 3152
 769 4609 3151 96 1 -13.90 -13.86 3152
 769 4449 3151 95 1 1300001.10 1300001.14 3152 97 161
 769 4433 3151 95 1 1300001.10 1300001.14 3152 145 161
 785 4561 3151 95 1 1300001.10 1300001.14 3152 17 81
 785 4577 3151 95 1 1300001.10 1300001.14 3152 193 161
 785 4593 3151 95 1 1300001.10 1300001.14 3152 193 161
 785 4609 3151 95 1 1300001.10 1300001.14 3152 17 97
 785 4625 3151 95 1 1300001.10 1300001.14 3152 17 97
 785 4641 3151 95 1 1300001.10 1300001.14 3152 17 97
 785 4657 3151 95 1 1300001.10 1300001.14 3152 17 97
 785 4673 3151 95 1 1300001.10 1300001.14 3152 17 97
 785 4689 3151 95 1 1300001.10 1300001.14 3152 17 97
 785 4705 3151 95 1 1300001.10 1300001.14 3152 17 113
 785 4561 3151 96 1 -13.90 -13.86 3152
 785 4577 3151 96 1 -13.90 -13.86 3152
 785 4593 3151 96 1 -13.90 -13.86 3152
 801 4561 3151 95 1 1300001.10 1300001.14 3152 17 81
 801 4577 3151 95 1 1300001.10 1300001.14 3152 17 97
 801 4593 3151 95 1 1300001.10 1300001.14 3152 17 97
 801 4609 3151 95 1 1300001.10 1300001.14 3152 17 97
 801 4625 3151 95 1 1300001.10 1300001.14 3152 17 97
 801 4641 3151 95 1 1300001.10 1300001.14 3152 17 97
 801 4657 3151 95 1 1300001.10 1300001.14 3152 17 97
 801 4673 3151 95 1 1300001.10 1300001.14 3152 17 97
 801 4689 3151 95 1 1300001.10 1300001.14 3152 17 97
 801 4705 3151 95 1 1300001.10 1300001.14 3152 17 113
 801 4561 3151 96 1 -13.90 -13.86 3152
 817 4433 3196 56 7 1.10 -5.86 3197
 817 4561 3151 95 1 1300001.10 1300001.14 3152 17 81
 817 4577 3151 95 1 1300001.10 1300001.14 3152 17 97
 817 4593 3151 95 1 1300001.10 1300001.14 3152 17 97
 817 4609 3151 95 1 1300001.10 1300001.14 3152 17 97
 817 4625 3151 95 1 1300001.10 1300001.14 3152 17 97
 817 4641 3151 95 1 1300001.10 1300001.14 3152 17 97
 817 4657 3151 95 1 1300001.10 1300001.14 3152 49 161
 817 4673 3151 95 1 1300001.10 1300001.14 3152 17 97
 817 4689 3151 95 1 1300001.10 1300001.14 3152 17 97
 817 4705 3151 95 1 1300001.10 1300001.14 3152 17 113
 817 4561 3151 96 1 -13.90 -13.86 3152
 833 4561 3151 95 1 1300001.10 1300001.14 3152 17 81
 833 4577 3151 95 1 1300001.10 1300001.14 3152 17 97
 833 4593 3151 95 1 1300001.10 1300001.14 3152 17 97
 833 4609 3151 95 1 1300001.10 1300001.14 3152 17 97
 833 4625 3151 95 1 1300001.10 1300001.14 3152 17 97
 833 4641 3151 95 1 1300001.10 1300001.14 3152 17 97
 833 4657 3151 95 1 1300001.10 1300001.14 3152 17 97
 833 4673 3151 95 1 1300001.10 1300001.14 3152 17 97
 833 4689 3151 95 1 1300001.10 1300001.14 3152 17 97
 833 4705 3151 95 1 1300001.10 1300001.14 3152 17 113
 833 4561 3151 96 1 -13.90 -13.86 3152
 849 4561 3151 95 1 1300001.10 1300001.14 3152 17 81
 849 4577 3151 95 1 1300001.10 1300001.14 3152 17 97
 849 4593 3151 95 1 1300001.10 1300001.14 3152 17 97
 849 4609 3151 95 1 1300001.10 1300001.14 3152 17 97
 849 4625 3151 95 1 1300001.10 1300001.14 3152 17 97
 849 4641 3151 95 1 1300001.10 1300001.14 3152 17 97
 849 4657 3151 95 1 1300001.10 1300001.14 3152 17 97
 849 4673 3151 95 1 1300001.10 1300001.14 3152 17 97
 849 4689 3151 95 1 1300001.10 1300001.14 3152 17 97
 849 4705 3151 95 1 1300001.10 1300001.14 3152 17 113
 849 4561 3151 96 1 -13.90 -13.86 3152
 865 4561 3151 95 1 1300001.10 1300001.14 3152 17 81
 865 4577 3151 95 1 1300001.10 1300001.14 3152 17 97
 865 4593 3151 95 1 1300001.10 1300001.14 3152 17 97
 865 4609 3151 95 1 1300001.10 1300001.14 3152 17 97
 865 4625 3151 95 1 1300001.10 1300001.14 3152 17 97
 865 4641 3151 95 1 1300001.10 1300001.14 3152 17 97
 865 4657 3151 95 1 1300001.10 1300001.14 3152 17 97
 865 4673 3151 95 1 1300001.10 1300001.14 3152 17 97
 865 4689 3151 95 1 1300001.10 1300001.14 3152 17 97
 865 4705 3151 95 1 1300001.10 1300001.14 3152 17 113
 865 4561 3151 96 1 -13.90 -13.86 3152
 881 4561 3151 95 1 1300001.10 1300001.14 3152 81 81
 881 4577 3151 95 1 1300001.10 1300001.14 3152 81 97
 881 4593 3151 95 1 1300001.10 1300001.14 3152 49 161
 881 4609 3151 95 1 1300001.10 1300001.14 3152 17 97
 881 4625 3151 95 1 1300001.10 1300001.14 3152 17 97
 881 4641 3151 95 1 1300001.10 1300001.14 3152 17 97
 881 4657 3151 95 1 1300001.10 1300001.14 3152 17 97
 881 4673 3151 95 1 1300001.10 1300001.14 3152 17 97
 881 4689 3151 95 1 1300001.10 1300001.14 3152 17 97
 881 4705 3151 95 1 1300001.10 1300001.14 3152 65 113
 881 4721 3151 95 1 1300001.10 1300001.14 3152 65 129
 881 4561 3151 96 4 -13.90 -13.86 3152
 897 4577 3151 95 1 1300001.10 1300001.14 3152 81 81
 897 4593 3151 95 1 1300001.10 1300001.14 3152 81 97
 897 4609 3151 95 1 1300001.10 1300001.14 3152 17 97
 897 4625 3151 95 1 1300001.10 1300001.14 3152 17 97
 897 4641 3151 95 1 1300001.10 1300001.14 3152 17 97
 897 4657 3151 95 1 1300001.10 1300001.14 3152 17 97
 897 4673 3151 95 1 1300001.10 1300001.14 3152 17 97
 897 4689 3151 95 1 1300001.10 1300001.14 3152 17 97
 897 4705 3151 95 1 1300001.10 1300001.14 3152 17 97
 897 4721 3151 95 1 1300001.10 1300001.14 3152 65 113
 897 4737 3151 95 1 1300001.10 1300001.14 3152 65 129
 897 4577 3151 96 4 -13.90 -13.86 3152
 897 4481 3151 95 1 1300001.10 1300001.14 3152 1 113
 897 4481 3151 96 1 -13.90 -13.86 3152
 897 4465 3151 95 1 1300001.10 1300001.14 3152 1 97
 897 4465 3151 96 1 -13.90 -13.86 3152
 897 4449 3151 95 1 1300001.10 1300001.14 3152 1 97
 897 4449 3151 96 1 -13.90 -13.86 3152
 897 4433 3151 95 1 1300001.10 1300001.14 3152 1 97
 897 4433 3151 96 1 -13.90 -13.86 3152
 897 4417 3151 95 1 1300001.10 1300001.14 3152 1 97
 897 4417 3151 96 1 -13.90 -13.86 3152
 897 4401 3151 95 1 1300001.10 1300001.14 3152 1 81
 913 4689 3151 95 1 1300001.10 1300001.14 3152 17 97
 913 4593 3151 95 1 1300001.10 1300001.14 3152 81 81
 913 4609 3151 95 1 1300001.10 1300001.14 3152 81 97
 913 4625 3151 95 1 1300001.10 1300001.14 3152 17 97
 913 4641 3151 95 1 1300001.10 1300001.14 3152 17 97
 913 4657 3151 95 1 1300001.10 1300001.14 3152 17 97
 913 4673 3151 95 1 1300001.10 1300001.14 3152 17 97
 913 4705 3151 95 1 1300001.10 1300001.14 3152 17 97
 913 4721 3151 95 1 1300001.10 1300001.14 3152 17 97
 913 4737 3151 95 1 1300001.10 1300001.14 3152 65 113
 913 4753 3151 95 1 1300001.10 1300001.14 3152 65 129
 913 4593 3151 96 4 -13.90 -13.86 3152
 913 4497 3151 95 1 1300001.10 1300001.14 3152 65 129
 913 4497 3151 96 17 -13.90 -13.86 3152
 913 4481 3151 95 1 1300001.10 1300001.14 3152 65 113
 913 4465 3151 95 1 1300001.10 1300001.14 3152 17 97
 913 4449 3151 95 1 1300001.10 1300001.14 3152 17 97
 913 4433 3151 95 1 1300001.10 1300001.14 3152 49 161
 913 4417 3151 95 1 1300001.10 1300001.14 3152 17 97
 913 4401 3151 95 1 1300001.10 1300001.14 3152 17 81
 929 4689 3151 95 1 1300001.10 1300001.14 3152 17 97
 929 4513 3151 95 1 1300001.10 1300001.14 3152 65 129
 929 4609 3151 95 1 1300001.10 1300001.14 3152 81 81
 929 4625 3151 95 1 1300001.10 1300001.14 3152 81 97
 929 4641 3151 95 1 1300001.10 1300001.14 3152 17 97
 929 4657 3151 95 1 1300001.10 1300001.14 3152 17 97
 929 4673 3151 95 1 1300001.10 1300001.14 3152 17 97
 929 4705 3151 95 1 1300001.10 1300001.14 3152 17 97
 929 4721 3151 95 1 1300001.10 1300001.14 3152 17 97
 929 4737 3151 95 1 1300001.10 1300001.14 3152 17 97
 929 4753 3151 95 1 1300001.10 1300001.14 3152 17 97
 929 4513 3151 96 17 -13.90 -13.86 3152
 929 4609 3151 96 4 -13.90 -13.86 3152
 929 4497 3151 95 1 1300001.10 1300001.14 3152 65 113
 929 4497 3151 96 1 -13.90 -13.86 3152
 929 4481 3151 95 1 1300001.10 1300001.14 3152 17 97
 929 4465 3151 95 1 1300001.10 1300001.14 3152 17 97
 929 4449 3151 95 1 1300001.10 1300001.14 3152 17 97
 929 4433 3151 95 1 1300001.10 1300001.14 3152 17 97
 929 4417 3151 95 1 1300001.10 1300001.14 3152 17 97
 929 4401 3151 95 1 1300001.10 1300001.14 3152 17 81
 945 4689 3151 95 1 1300001.10 1300001.14 3152 17 97
 945 4513 3151 95 1 1300001.10 1300001.14 3152 65 113
 945 4529 3151 95 1 1300001.10 1300001.14 3152 65 129
 945 4625 3151 95 1 1300001.10 1300001.14 3152 81 81
 945 4641 3151 95 1 1300001.10 1300001.14 3152 81 97
 945 4657 3151 95 1 1300001.10 1300001.14 3152 17 97
 945 4673 3151 95 1 1300001.10 1300001.14 3152 17 97
 945 4705 3151 95 1 1300001.10 1300001.14 3152 49 161
 945 4721 3151 95 1 1300001.10 1300001.14 3152 17 97
 945 4737 3151 95 1 1300001.10 1300001.14 3152 17 97
 945 4753 3151 95 1 1300001.10 1300001.14 3152 17 97
 945 4513 3151 96 1 -13.90 -13.86 3152
 945 4529 3151 96 17 -13.90 -13.86 3152
 945 4625 3151 96 4 -13.90 -13.86 3152
 945 4497 3151 95 1 1300001.10 1300001.14 3152 49 161
 945 4481 3151 95 1 1300001.10 1300001.14 3152 17 97
 945 4465 3151 95 1 1300001.10 1300001.14 3152 17 97
 945 4449 3151 95 1 1300001.10 1300001.14 3152 17 97
 945 4433 3151 95 1 1300001.10 1300001.14 3152 17 97
 945 4417 3151 95 1 1300001.10 1300001.14 3152 17 97
 945 4401 3151 95 1 1300001.10 1300001.14 3152 17 81
 961 4689 3151 95 1 1300001.10 1300001.14 3152 17 97
 961 4513 3151 95 1 1300001.10 1300001.14 3152 17 97
 961 4529 3151 95 1 1300001.10 1300001.14 3152 65 113
 961 4545 3151 95 1 1300001.10 1300001.14 3152 65 129
 961 4625 3151 95 1 1300001.10 1300001.14 3152 113 65
 961 4641 3151 95 1 1300001.10 1300001.14 3152 17 81
 961 4657 3151 95 1 1300001.10 1300001.14 3152 17 97
 961 4673 3151 95 1 1300001.10 1300001.14 3152 17 97
 961 4705 3151 95 1 1300001.10 1300001.14 3152 17 97
 961 4721 3151 95 1 1300001.10 1300001.14 3152 17 97
 961 4737 3151 95 1 1300001.10 1300001.14 3152 17 97
 961 4753 3151 95 1 1300001.10 1300001.14 3152 17 97
 961 4529 3151 96 1 -13.90 -13.86 3152
 961 4545 3151 96 17 -13.90 -13.86 3152
 961 4641 3151 96 1 -13.90 -13.86 3152
 961 4497 3151 95 1 1300001.10 1300001.14 3152 17 97
 961 4481 3151 95 1 1300001.10 1300001.14 3152 17 97
 961 4465 3151 95 1 1300001.10 1300001.14 3152 17 97
 961 4449 3151 95 1 1300001.10 1300001.14 3152 17 97
 961 4433 3151 95 1 1300001.10 1300001.14 3152 49 161
 961 4417 3151 95 1 1300001.10 1300001.14 3152 17 97
 961 4401 3151 95 1 1300001.10 1300001.14 3152 17 81
 977 4689 3151 95 1 1300001.10 1300001.14 3152 17 97
 977 4513 3151 95 1 1300001.10 1300001.14 3152 17 97
 977 4529 3151 95 1 1300001.10 1300001.14 3152 17 97
 977 4545 3151 95 1 1300001.10 1300001.14 3152 17 113
 977 4625 3151 95 1 1300001.10 1300001.14 3152 129 65
 977 4641 3151 95 1 1300001.10 1300001.14 3152 17 81
 977 4657 3151 95 1 1300001.10 1300001.14 3152 17 97
 977 4673 3151 95 1 1300001.10 1300001.14 3152 17 97
 977 4705 3151 95 1 1300001.10 1300001.14 3152 17 97
 977 4721 3151 95 1 1300001.10 1300001.14 3152 17 97
 977 4737 3151 95 1 1300001.10 1300001.14 3152 17 97
 977 4753 3151 95 1 1300001.10 1300001.14 3152 17 97
 977 4545 3151 96 1 -13.90 -13.86 3152
 977 4641 3151 96 1 -13.90 -13.86 3152
 977 4497 3151 95 1 1300001.10 1300001.14 3152 17 97
 977 4481 3151 95 1 1300001.10 1300001.14 3152 17 97
 977 4465 3151 95 1 1300001.10 1300001.14 3152 17 97
 977 4449 3151 95 1 1300001.10 1300001.14 3152 17 97
 977 4433 3151 95 1 1300001.10 1300001.14 3152 17 97
 977 4417 3151 95 1 1300001.10 1300001.14 3152 17 97
 977 4401 3151 95 1 1300001.10 1300001.14 3152 17 81
 993 4513 3151 95 1 1300001.10 1300001.14 3152 17 97
 993 4689 3151 95 1 1300001.10 1300001.14 3152 17 97
 993 4529 3151 95 1 1300001.10 1300001.14 3152 17 97
 993 4545 3151 95 1 1300001.10 1300001.14 3152 17 113
 993 4561 3151 95 1 1300001.10 1300001.14 3152 161 17
 993 4577 3151 95 1 1300001.10 1300001.14 3152 161 49
 993 4593 3151 95 1 1300001.10 1300001.14 3152 161 33
 993 4609 3151 95 1 1300001.10 1300001.14 3152 161 49
 993 4625 3151 95 1 1300001.10 1300001.14 3152 161 49
 993 4641 3151 95 1 1300001.10 1300001.14 3152 17 81
 993 4657 3151 95 1 1300001.10 1300001.14 3152 49 161
 993 4673 3151 95 1 1300001.10 1300001.14 3152 17 97
 993 4705 3151 95 1 1300001.10 1300001.14 3152 17 97
 993 4721 3151 95 1 1300001.10 1300001.14 3152 17 97
 993 4737 3151 95 1 1300001.10 1300001.14 3152 17 97
 993 4753 3151 95 1 1300001.10 1300001.14 3152 17 97
 993 4545 3151 96 1 -13.90 -13.86 3152
 993 4641 3151 96 1 -13.90 -13.86 3152
 993 4497 3151 95 1 1300001.10 1300001.14 3152 17 97
 993 4481 3151 95 1 1300001.10 1300001.14 3152 17 97
 993 4465 3151 95 1 1300001.10 1300001.14 3152 17 97
 993 4449 3151 95 1 1300001.10 1300001.14 3152 17 97
 993 4433 3151 95 1 1300001.10 1300001.14 3152 17 97
 993 4417 3151 95 1 1300001.10 1300001.14 3152 17 97
 993 4401 3151 95 1 1300001.10 1300001.14 3152 17 81
 1009 4513 3151 95 1 1300001.10 1300001.14 3152 17 97
 1009 4721 3151 95 1 1300001.10 1300001.14 3152 17 97
 1009 4705 3151 95 1 1300001.10 1300001.14 3152 17 97
 1009 4689 3151 95 1 1300001.10 1300001.14 3152 17 97
 1009 4529 3151 95 1 1300001.10 1300001.14 3152 17 97
 1009 4545 3151 95 1 1300001.10 1300001.14 3152 17 113
 1009 4625 3151 95 1 1300001.10 1300001.14 3152 129 65
 1009 4641 3151 95 1 1300001.10 1300001.14 3152 17 81
 1009 4657 3151 95 1 1300001.10 1300001.14 3152 17 97
 1009 4673 3151 95 1 1300001.10 1300001.14 3152 17 97
 1009 4737 3151 95 1 1300001.10 1300001.14 3152 17 97
 1009 4753 3151 95 1 1300001.10 1300001.14 3152 17 97
 1009 4561 3196 57 12 1.10 -5.86 3197
 1009 4545 3151 96 1 -13.90 -13.86 3152
 1009 4641 3151 96 1 -13.90 -13.86 3152
 1009 4497 3151 95 1 1300001.10 1300001.14 3152 49 161
 1009 4481 3151 95 1 1300001.10 1300001.14 3152 17 97
 1009 4465 3151 95 1 1300001.10 1300001.14 3152 17 97
 1009 4449 3151 95 1 1300001.10 1300001.14 3152 17 97
 1009 4433 3151 95 1 1300001.10 1300001.14 3152 49 161
 1009 4417 3151 95 1 1300001.10 1300001.14 3152 17 97
 1009 4401 3151 95 1 1300001.10 1300001.14 3152 17 81
 1025 4513 3151 95 1 1300001.10 1300001.14 3152 17 97
 1025 4737 3151 95 1 1300001.10 1300001.14 3152 17 97
 1025 4721 3151 95 1 1300001.10 1300001.14 3152 17 97
 1025 4705 3151 95 1 1300001.10 1300001.14 3152 17 97
 1025 4689 3151 95 1 1300001.10 1300001.14 3152 17 97
 1025 4529 3151 95 1 1300001.10 1300001.14 3152 17 97
 1025 4545 3151 95 1 1300001.10 1300001.14 3152 17 113
 1025 4641 3151 95 1 1300001.10 1300001.14 3152 17 81
 1025 4625 3151 95 1 1300001.10 1300001.14 3152 129 65
 1025 4657 3151 95 1 1300001.10 1300001.14 3152 17 97
 1025 4673 3151 95 1 1300001.10 1300001.14 3152 17 97
 1025 4753 3151 95 1 1300001.10 1300001.14 3152 17 97
 1025 4545 3151 96 1 -13.90 -13.86 3152
 1025 4641 3151 96 1 -13.90 -13.86 3152
 1025 4497 3151 95 1 1300001.10 1300001.14 3152 17 97
 1025 4481 3151 95 1 1300001.10 1300001.14 3152 113 113
 1025 4465 3151 95 1 1300001.10 1300001.14 3152 33 97
 1025 4465 3151 96 1 -13.90 -13.86 3152
 1025 4449 3151 95 1 1300001.10 1300001.14 3152 33 97
 1025 4449 3151 96 1 -13.90 -13.86 3152
 1025 4433 3151 95 1 1300001.10 1300001.14 3152 33 97
 1025 4433 3151 96 1 -13.90 -13.86 3152
 1025 4417 3151 95 1 1300001.10 1300001.14 3152 33 97
 1025 4417 3151 96 1 -13.90 -13.86 3152
 1025 4401 3151 95 1 1300001.10 1300001.14 3152 33 81
 1025 4401 3151 96 1 -13.90 -13.86 3152
 1041 4513 3151 95 1 1300001.10 1300001.14 3152 17 97
 1041 4737 3151 95 1 1300001.10 1300001.14 3152 17 97
 1041 4721 3151 95 1 1300001.10 1300001.14 3152 17 97
 1041 4705 3151 95 1 1300001.10 1300001.14 3152 17 97
 1041 4689 3151 95 1 1300001.10 1300001.14 3152 17 97
 1041 4529 3151 95 1 1300001.10 1300001.14 3152 17 97
 1041 4545 3151 95 1 1300001.10 1300001.14 3152 17 113
 1041 4625 3151 95 1 1300001.10 1300001.14 3152 129 65
 1041 4641 3151 95 1 1300001.10 1300001.14 3152 17 81
 1041 4657 3151 95 1 1300001.10 1300001.14 3152 17 97
 1041 4673 3151 95 1 1300001.10 1300001.14 3152 17 97
 1041 4753 3151 95 1 1300001.10 1300001.14 3152 17 97
 1041 4545 3151 96 1 -13.90 -13.86 3152
 1041 4641 3151 96 1 -13.90 -13.86 3152
 1041 4497 3151 95 1 1300001.10 1300001.14 3152 17 97
 1041 4481 3151 95 1 1300001.10 1300001.14 3152 17 81
 1041 4481 3151 96 2 -13.90 -13.86 3152
 1057 4513 3151 95 1 1300001.10 1300001.14 3152 17 97
 1057 4737 3151 95 1 1300001.10 1300001.14 3152 17 97
 1057 4721 3151 95 1 1300001.10 1300001.14 3152 17 97
 1057 4705 3151 95 1 1300001.10 1300001.14 3152 17 97
 1057 4689 3151 95 1 1300001.10 1300001.14 3152 17 97
 1057 4529 3151 95 1 1300001.10 1300001.14 3152 17 97
 1057 4545 3151 95 1 1300001.10 1300001.14 3152 17 113
 1057 4625 3151 95 1 1300001.10 1300001.14 3152 129 65
 1057 4641 3151 95 1 1300001.10 1300001.14 3152 17 81
 1057 4657 3151 95 1 1300001.10 1300001.14 3152 17 97
 1057 4673 3151 95 1 1300001.10 1300001.14 3152 17 97
 1057 4753 3151 95 1 1300001.10 1300001.14 3152 17 97
 1057 4545 3151 96 1 -13.90 -13.86 3152
 1057 4641 3151 96 1 -13.90 -13.86 3152
 1057 4497 3151 95 1 1300001.10 1300001.14 3152 17 97
 1057 4481 3151 95 1 1300001.10 1300001.14 3152 17 81
 1057 4481 3151 96 2 -13.90 -13.86 3152
 1073 4513 3151 95 1 1300001.10 1300001.14 3152 17 97
 1073 4737 3151 95 1 1300001.10 1300001.14 3152 17 97
 1073 4721 3151 95 1 1300001.10 1300001.14 3152 17 97
 1073 4705 3151 95 1 1300001.10 1300001.14 3152 17 97
 1073 4689 3151 95 1 1300001.10 1300001.14 3152 17 97
 1073 4529 3151 95 1 1300001.10 1300001.14 3152 17 97
 1073 4545 3151 95 1 1300001.10 1300001.14 3152 17 113
 1073 4609 3151 95 1 1300001.10 1300001.14 3152 161 49
 1073 4593 3151 95 1 1300001.10 1300001.14 3152 161 49
 1073 4577 3151 95 1 1300001.10 1300001.14 3152 161 49
 1073 4561 3151 95 1 1300001.10 1300001.14 3152 161 17
 1073 4625 3151 95 1 1300001.10 1300001.14 3152 161 49
 1073 4641 3151 95 1 1300001.10 1300001.14 3152 17 81
 1073 4657 3151 95 1 1300001.10 1300001.14 3152 17 97
 1073 4673 3151 95 1 1300001.10 1300001.14 3152 17 97
 1073 4753 3151 95 1 1300001.10 1300001.14 3152 17 97
 1073 4545 3151 96 1 -13.90 -13.86 3152
 1073 4641 3151 96 1 -13.90 -13.86 3152
 1073 4497 3151 95 1 1300001.10 1300001.14 3152 49 161
 1073 4481 3151 95 1 1300001.10 1300001.14 3152 17 81
 1073 4481 3151 96 2 -13.90 -13.86 3152
 1073 4465 3694 70 14 1.10 -4.86 3695 1 0
 1073 4449 3694 70 13 1.10 -4.86 3695
 1089 4737 3151 95 1 1300001.10 1300001.14 3152 33 97
 1089 4721 3151 95 1 1300001.10 1300001.14 3152 33 97
 1089 4705 3151 95 1 1300001.10 1300001.14 3152 33 97
 1089 4689 3151 95 1 1300001.10 1300001.14 3152 33 97
 1089 4625 3151 95 1 1300001.10 1300001.14 3152 145 65
 1089 4641 3151 95 1 1300001.10 1300001.14 3152 33 81
 1089 4657 3151 95 1 1300001.10 1300001.14 3152 33 97
 1089 4673 3151 95 1 1300001.10 1300001.14 3152 33 97
 1089 4513 3151 95 1 1300001.10 1300001.14 3152 81 113
 1089 4529 3151 95 1 1300001.10 1300001.14 3152 33 97
 1089 4545 3151 95 1 1300001.10 1300001.14 3152 33 113
 1089 4753 3151 95 1 1300001.10 1300001.14 3152 33 97
 1089 4737 3151 96 1 -13.90 -13.86 3152
 1089 4721 3151 96 1 -13.90 -13.86 3152
 1089 4705 3151 96 1 -13.90 -13.86 3152
 1089 4689 3151 96 1 -13.90 -13.86 3152
 1089 4641 3151 96 1 -13.90 -13.86 3152
 1089 4657 3151 96 1 -13.90 -13.86 3152
 1089 4673 3151 96 1 -13.90 -13.86 3152
 1089 4545 3151 96 1 -13.90 -13.86 3152
 1089 4753 3151 96 1 -13.90 -13.86 3152
 1089 4497 3151 95 1 1300001.10 1300001.14 3152 17 97
 1089 4481 3151 95 1 1300001.10 1300001.14 3152 17 81
 1089 4481 3151 96 2 -13.90 -13.86 3152
 1105 4513 3151 95 1 1300001.10 1300001.14 3152 81 129
 1105 4497 3151 95 1 1300001.10 1300001.14 3152 81 113
 1105 4481 3151 95 1 1300001.10 1300001.14 3152 17 81
 1105 4481 3151 96 2 -13.90 -13.86 3152
 1121 4497 3151 95 1 1300001.10 1300001.14 3152 81 129
 1121 4481 3151 95 1 1300001.10 1300001.14 3152 33 81
 1121 4481 3151 96 2 -13.90 -13.86 3152
 1201 4689 3151 95 1 1300001.10 1300001.14 3152 1 129
 1201 4689 3151 96 1 -13.90 -13.86 3152
 1217 4689 3151 95 1 1300001.10 1300001.14 3152 17 129
 1217 4689 3151 96 1 -13.90 -13.86 3152
 1233 4689 3151 95 1 1300001.10 1300001.14 3152 17 129
 1233 4689 3151 96 1 -13.90 -13.86 3152
 1249 4689 3151 95 1 1300001.10 1300001.14 3152 145 145
 1249 4689 3151 96 1 -13.90 -13.86 3152
 1297 4625 3151 95 1 1300001.10 1300001.14 3152 1 129
 1297 4625 3151 96 1 -13.90 -13.86 3152
 1313 4625 3151 95 1 1300001.10 1300001.14 3152 17 129
 1313 4625 3151 96 1 -13.90 -13.86 3152
 1313 4449 3151 95 1 1300001.10 1300001.14 3152 1 129
 1313 4449 3151 96 1 -13.90 -13.86 3152
 1329 4625 3151 95 1 1300001.10 1300001.14 3152 145 145
 1329 4625 3151 96 1 -13.90 -13.86 3152
 1329 4449 3151 95 1 1300001.10 1300001.14 3152 17 129
 1329 4449 3151 96 1 -13.90 -13.86 3152
 1345 4561 3151 95 1 1300001.10 1300001.14 3152 1 129
 1345 4561 3151 96 1 -13.90 -13.86 3152
 1345 4449 3151 95 1 1300001.10 1300001.14 3152 145 145
 1345 4449 3151 96 1 -13.90 -13.86 3152
 1361 4561 3151 95 1 1300001.10 1300001.14 3152 17 129
 1361 4561 3151 96 1 -13.90 -13.86 3152
 1377 4561 3151 95 1 1300001.10 1300001.14 3152 17 129
 1377 4561 3151 96 1 -13.90 -13.86 3152
 1377 4513 3151 95 1 1300001.10 1300001.14 3152 1 129
 1377 4513 3151 96 1 -13.90 -13.86 3152
 1393 4561 3151 95 1 1300001.10 1300001.14 3152 145 145
 1393 4561 3151 96 1 -13.90 -13.86 3152
 1393 4513 3151 95 1 1300001.10 1300001.14 3152 17 129
 1393 4513 3151 96 1 -13.90 -13.86 3152
 1409 4513 3151 95 1 1300001.10 1300001.14 3152 17 129
 1409 4401 3151 95 1 1300001.10 1300001.14 3152 1 129
 1409 4513 3151 96 1 -13.90 -13.86 3152
 1409 4401 3151 96 1 -13.90 -13.86 3152
 1425 4513 3151 95 1 1300001.10 1300001.14 3152 17 129
 1425 4401 3151 95 1 1300001.10 1300001.14 3152 17 129
 1425 4513 3151 96 1 -13.90 -13.86 3152
 1425 4401 3151 96 1 -13.90 -13.86 3152
 1441 4513 3151 95 1 1300001.10 1300001.14 3152 145 145
 1441 4401 3151 95 1 1300001.10 1300001.14 3152 145 145
 1441 4513 3151 96 1 -13.90 -13.86 3152
 1441 4401 3151 96 1 -13.90 -13.86 3152
 1505 4241 3192 67 26 1.10 1.14 3193
 1505 4337 3151 61 5 1.10 1.14 3152
 1521 4401 3151 84 1 6.10 6.14 3152
 1537 4401 3151 84 1 6.10 6.14 3152
 1537 4337 3151 60 1 1.10 1.14 3152
 1537 4337 3151 67 2 0.10 0.14 3152
 1553 4401 3151 84 1 6.10 6.14 3152
 1553 4337 3151 60 1 1.10 1.14 3152
 1553 4369 3192 52 1 1.10 1.14 3193
 1569 4401 3151 84 1 6.10 6.14 3152
 1569 4337 3151 59 1 1.10 1.14 3152
 1569 4337 3151 67 3 0.10 0.14 3152
 1585 4401 3151 84 1 6.10 6.14 3152
 1601 4401 3151 84 1 6.10 6.14 3152
 1601 4385 3151 60 21 1.10 1.14 3152
 1601 4369 3151 60 21 1.10 1.14 3152
 1617 4401 3151 84 1 6.10 6.14 3152
 1633 4401 3151 84 1 6.10 6.14 3152
 1649 4401 3151 84 1 6.10 6.14 3152
 1665 4401 3151 84 1 6.10 6.14 3152
 1665 4257 3151 60 1 1.10 1.14 3152
 1665 4273 3151 60 1 1.10 1.14 3152
 1665 4289 3151 60 1 1.10 1.14 3152
 1665 4305 3151 60 1 1.10 1.14 3152
 1665 4321 3151 60 1 1.10 1.14 3152
 1665 4337 3151 60 1 1.10 1.14 3152
 1665 4353 3151 60 1 1.10 1.14 3152
 1665 4369 3151 60 1 1.10 1.14 3152
 1665 4385 3151 60 1 1.10 1.14 3152
 1681 4401 3151 84 1 6.10 6.14 3152
 1697 4401 3151 84 1 6.10 6.14 3152
 1713 4401 3151 84 1 6.10 6.14 3152
 1777 4353 3151 95 1 1300001.10 1300001.14 3152 65 129
 1777 4337 3151 95 1 1300001.10 1300001.14 3152 1 81
 1777 4353 3151 96 17 -13.90 -13.86 3152
 1777 4337 3151 96 1 -13.90 -13.86 3152
 1793 4321 3151 95 1 1300001.10 1300001.14 3152 1 81
 1793 4353 3151 95 1 1300001.10 1300001.14 3152 65 113
 1793 4369 3151 95 1 1300001.10 1300001.14 3152 65 129
 1793 4337 3151 95 1 1300001.10 1300001.14 3152 129 113
 1793 4321 3151 96 1 -13.90 -13.86 3152
 1793 4353 3151 96 1 -13.90 -13.86 3152
 1793 4369 3151 96 17 -13.90 -13.86 3152
 1793 4337 3151 96 1 -13.90 -13.86 3152
 1809 4321 3151 95 1 1300001.10 1300001.14 3152 17 81
 1809 4385 3151 95 1 1300001.10 1300001.14 3152 65 129
 1809 4369 3151 95 1 1300001.10 1300001.14 3152 65 113
 1809 4353 3151 95 1 1300001.10 1300001.14 3152 17 97
 1809 4337 3151 95 1 1300001.10 1300001.14 3152 17 97
 1809 4257 3151 59 1 1.10 1.14 3152
 1809 4321 3151 96 1 -13.90 -13.86 3152
 1809 4385 3151 96 17 -13.90 -13.86 3152
 1809 4369 3151 96 1 -13.90 -13.86 3152
 1809 4353 3151 96 1 -13.90 -13.86 3152
 1809 4337 3151 96 1 -13.90 -13.86 3152
 1825 4497 3151 95 1 1300001.10 1300001.14 3152 65 129
 1825 4481 3151 95 1 1300001.10 1300001.14 3152 1 97
 1825 4465 3151 95 1 1300001.10 1300001.14 3152 1 97
 1825 4449 3151 95 1 1300001.10 1300001.14 3152 1 97
 1825 4433 3151 95 1 1300001.10 1300001.14 3152 1 97
 1825 4417 3151 95 1 1300001.10 1300001.14 3152 1 97
 1825 4401 3151 95 1 1300001.10 1300001.14 3152 1 97
 1825 4321 3151 95 1 1300001.10 1300001.14 3152 17 81
 1825 4385 3151 95 1 1300001.10 1300001.14 3152 65 113
 1825 4369 3151 95 1 1300001.10 1300001.14 3152 17 97
 1825 4353 3151 95 1 1300001.10 1300001.14 3152 17 97
 1825 4337 3151 95 1 1300001.10 1300001.14 3152 17 97
 1825 4257 3151 59 24 1.10 1.14 3152
 1825 4497 3151 96 17 -13.90 -13.86 3152
 1825 4481 3151 96 1 -13.90 -13.86 3152
 1825 4465 3151 96 1 -13.90 -13.86 3152
 1825 4449 3151 96 1 -13.90 -13.86 3152
 1825 4433 3151 96 1 -13.90 -13.86 3152
 1825 4417 3151 96 1 -13.90 -13.86 3152
 1825 4401 3151 96 1 -13.90 -13.86 3152
 1825 4321 3151 96 1 -13.90 -13.86 3152
 1825 4385 3151 96 1 -13.90 -13.86 3152
 1825 4369 3151 96 1 -13.90 -13.86 3152
 1825 4353 3151 96 1 -13.90 -13.86 3152
 1825 4337 3151 96 1 -13.90 -13.86 3152
 1841 4513 3151 95 1 1300001.10 1300001.14 3152 65 129
 1841 4497 3151 95 1 1300001.10 1300001.14 3152 65 113
 1841 4481 3151 95 1 1300001.10 1300001.14 3152 17 97
 1841 4465 3151 95 1 1300001.10 1300001.14 3152 17 97
 1841 4449 3151 95 1 1300001.10 1300001.14 3152 17 97
 1841 4433 3151 95 1 1300001.10 1300001.14 3152 17 97
 1841 4417 3151 95 1 1300001.10 1300001.14 3152 17 97
 1841 4401 3151 95 1 1300001.10 1300001.14 3152 17 97
 1841 4321 3151 95 1 1300001.10 1300001.14 3152 17 81
 1841 4385 3151 95 1 1300001.10 1300001.14 3152 17 97
 1841 4369 3151 95 1 1300001.10 1300001.14 3152 17 97
 1841 4353 3151 95 1 1300001.10 1300001.14 3152 17 97
 1841 4337 3151 95 1 1300001.10 1300001.14 3152 17 97
 1841 4257 3151 59 1 1.10 1.14 3152
 1841 4257 3151 67 4 0.10 0.14 3152
 1841 4513 3151 96 17 -13.90 -13.86 3152
 1841 4497 3151 96 1 -13.90 -13.86 3152
 1841 4481 3151 96 1 -13.90 -13.86 3152
 1841 4465 3151 96 1 -13.90 -13.86 3152
 1841 4449 3151 96 1 -13.90 -13.86 3152
 1841 4433 3151 96 1 -13.90 -13.86 3152
 1841 4417 3151 96 1 -13.90 -13.86 3152
 1841 4401 3151 96 1 -13.90 -13.86 3152
 1841 4321 3151 96 1 -13.90 -13.86 3152
 1841 4385 3151 96 1 -13.90 -13.86 3152
 1841 4369 3151 96 1 -13.90 -13.86 3152
 1841 4353 3151 96 1 -13.90 -13.86 3152
 1841 4337 3151 96 1 -13.90 -13.86 3152
 1857 4529 3151 95 1 1300001.10 1300001.14 3152 65 129
 1857 4513 3151 95 1 1300001.10 1300001.14 3152 65 113
 1857 4497 3151 95 1 1300001.10 1300001.14 3152 17 97
 1857 4481 3151 95 1 1300001.10 1300001.14 3152 17 97
 1857 4465 3151 95 1 1300001.10 1300001.14 3152 17 97
 1857 4449 3151 95 1 1300001.10 1300001.14 3152 17 97
 1857 4433 3151 95 1 1300001.10 1300001.14 3152 113 113
 1857 4417 3151 95 1 1300001.10 1300001.14 3152 33 97
 1857 4401 3151 95 1 1300001.10 1300001.14 3152 33 97
 1857 4321 3151 95 1 1300001.10 1300001.14 3152 33 81
 1857 4385 3151 95 1 1300001.10 1300001.14 3152 33 97
 1857 4369 3151 95 1 1300001.10 1300001.14 3152 33 97
 1857 4353 3151 95 1 1300001.10 1300001.14 3152 33 97
 1857 4337 3151 95 1 1300001.10 1300001.14 3152 33 97
 1857 4529 3151 96 17 -13.90 -13.86 3152
 1857 4513 3151 96 1 -13.90 -13.86 3152
 1857 4497 3151 96 1 -13.90 -13.86 3152
 1857 4481 3151 96 1 -13.90 -13.86 3152
 1857 4465 3151 96 1 -13.90 -13.86 3152
 1857 4449 3151 96 1 -13.90 -13.86 3152
 1857 4433 3151 96 1 -13.90 -13.86 3152
 1857 4417 3151 96 1 -13.90 -13.86 3152
 1857 4401 3151 96 1 -13.90 -13.86 3152
 1857 4321 3151 96 1 -13.90 -13.86 3152
 1857 4385 3151 96 1 -13.90 -13.86 3152
 1857 4369 3151 96 1 -13.90 -13.86 3152
 1857 4353 3151 96 1 -13.90 -13.86 3152
 1857 4337 3151 96 1 -13.90 -13.86 3152
 1857 4145 3151 95 1 1300001.10 1300001.14 3152 1 81
 1857 4145 3151 96 1 -13.90 -13.86 3152
 1857 4161 3151 95 1 1300001.10 1300001.14 3152 1 97
 1857 4161 3151 96 1 -13.90 -13.86 3152
 1857 4177 3151 95 1 1300001.10 1300001.14 3152 1 97
 1857 4177 3151 96 1 -13.90 -13.86 3152
 1857 4193 3151 95 1 1300001.10 1300001.14 3152 65 129
 1857 4193 3151 96 17 -13.90 -13.86 3152
 1873 4545 3151 95 1 1300001.10 1300001.14 3152 65 129
 1873 4529 3151 95 1 1300001.10 1300001.14 3152 65 113
 1873 4513 3151 95 1 1300001.10 1300001.14 3152 17 97
 1873 4497 3151 95 1 1300001.10 1300001.14 3152 17 97
 1873 4481 3151 95 1 1300001.10 1300001.14 3152 17 97
 1873 4465 3151 95 1 1300001.10 1300001.14 3152 17 97
 1873 4449 3151 95 1 1300001.10 1300001.14 3152 17 97
 1873 4433 3151 95 1 1300001.10 1300001.14 3152 17 81
 1873 4369 3151 59 20 1.10 1.14 3152
 1873 4369 3151 67 3 0.10 0.14 3152
 1873 4545 3151 96 17 -13.90 -13.86 3152
 1873 4529 3151 96 1 -13.90 -13.86 3152
 1873 4513 3151 96 1 -13.90 -13.86 3152
 1873 4497 3151 96 1 -13.90 -13.86 3152
 1873 4481 3151 96 1 -13.90 -13.86 3152
 1873 4465 3151 96 1 -13.90 -13.86 3152
 1873 4449 3151 96 1 -13.90 -13.86 3152
 1873 4433 3151 96 1 -13.90 -13.86 3152
 1873 4145 3151 95 1 1300001.10 1300001.14 3152 17 81
 1873 4145 3151 96 1 -13.90 -13.86 3152
 1873 4161 3151 95 1 1300001.10 1300001.14 3152 17 97
 1873 4161 3151 96 1 -13.90 -13.86 3152
 1873 4177 3151 95 1 1300001.10 1300001.14 3152 17 97
 1873 4177 3151 96 1 -13.90 -13.86 3152
 1873 4193 3151 95 1 1300001.10 1300001.14 3152 65 113
 1873 4193 3151 96 1 -13.90 -13.86 3152
 1873 4209 3151 95 1 1300001.10 1300001.14 3152 65 129
 1873 4209 3151 96 17 -13.90 -13.86 3152
 1889 4545 3151 95 1 1300001.10 1300001.14 3152 65 113
 1889 4529 3151 95 1 1300001.10 1300001.14 3152 17 97
 1889 4513 3151 95 1 1300001.10 1300001.14 3152 49 161
 1889 4497 3151 95 1 1300001.10 1300001.14 3152 17 97
 1889 4481 3151 95 1 1300001.10 1300001.14 3152 17 97
 1889 4465 3151 95 1 1300001.10 1300001.14 3152 17 97
 1889 4449 3151 95 1 1300001.10 1300001.14 3152 17 97
 1889 4433 3151 95 1 1300001.10 1300001.14 3152 17 81
 1889 4545 3151 96 1 -13.90 -13.86 3152
 1889 4529 3151 96 1 -13.90 -13.86 3152
 1889 4497 3151 96 1 -13.90 -13.86 3152
 1889 4481 3151 96 1 -13.90 -13.86 3152
 1889 4465 3151 96 1 -13.90 -13.86 3152
 1889 4449 3151 96 1 -13.90 -13.86 3152
 1889 4433 3151 96 1 -13.90 -13.86 3152
 1889 4145 3151 95 1 1300001.10 1300001.14 3152 17 81
 1889 4145 3151 96 1 -13.90 -13.86 3152
 1889 4161 3151 95 1 1300001.10 1300001.14 3152 17 97
 1889 4161 3151 96 1 -13.90 -13.86 3152
 1889 4177 3151 95 1 1300001.10 1300001.14 3152 17 97
 1889 4177 3151 96 1 -13.90 -13.86 3152
 1889 4193 3151 95 1 1300001.10 1300001.14 3152 17 97
 1889 4193 3151 96 1 -13.90 -13.86 3152
 1889 4561 3151 95 1 1300001.10 1300001.14 3152 65 129
 1889 4561 3151 96 17 -13.90 -13.86 3152
 1889 4209 3151 95 1 1300001.10 1300001.14 3152 65 113
 1889 4209 3151 96 1 -13.90 -13.86 3152
 1889 4225 3151 95 1 1300001.10 1300001.14 3152 1 97
 1889 4225 3151 96 1 -13.90 -13.86 3152
 1889 4241 3151 95 1 1300001.10 1300001.14 3152 65 129
 1889 4241 3151 96 17 -13.90 -13.86 3152
 1905 4545 3151 95 1 1300001.10 1300001.14 3152 17 97
 1905 4529 3151 95 1 1300001.10 1300001.14 3152 17 97
 1905 4513 3151 95 1 1300001.10 1300001.14 3152 17 97
 1905 4257 3151 95 1 1300001.10 1300001.14 3152 65 129
 1905 4497 3151 95 1 1300001.10 1300001.14 3152 17 97
 1905 4481 3151 95 1 1300001.10 1300001.14 3152 17 97
 1905 4465 3151 95 1 1300001.10 1300001.14 3152 17 97
 1905 4449 3151 95 1 1300001.10 1300001.14 3152 17 97
 1905 4433 3151 95 1 1300001.10 1300001.14 3152 17 81
 1905 4545 3151 96 1 -13.90 -13.86 3152
 1905 4529 3151 96 1 -13.90 -13.86 3152
 1905 4513 3151 96 1 -13.90 -13.86 3152
 1905 4257 3151 96 17 -13.90 -13.86 3152
 1905 4497 3151 96 1 -13.90 -13.86 3152
 1905 4481 3151 96 1 -13.90 -13.86 3152
 1905 4465 3151 96 1 -13.90 -13.86 3152
 1905 4449 3151 96 1 -13.90 -13.86 3152
 1905 4433 3151 96 1 -13.90 -13.86 3152
 1905 4145 3151 95 1 1300001.10 1300001.14 3152 17 81
 1905 4145 3151 96 1 -13.90 -13.86 3152
 1905 4161 3151 95 1 1300001.10 1300001.14 3152 17 97
 1905 4161 3151 96 1 -13.90 -13.86 3152
 1905 4177 3151 95 1 1300001.10 1300001.14 3152 49 161
 1905 4177 3151 96 1 -13.90 -13.86 3152
 1905 4193 3151 95 1 1300001.10 1300001.14 3152 17 97
 1905 4193 3151 96 1 -13.90 -13.86 3152
 1905 4561 3151 95 1 1300001.10 1300001.14 3152 17 113
 1905 4561 3151 96 1 -13.90 -13.86 3152
 1905 4209 3151 95 1 1300001.10 1300001.14 3152 17 97
 1905 4209 3151 96 1 -13.90 -13.86 3152
 1905 4225 3151 95 1 1300001.10 1300001.14 3152 17 97
 1905 4225 3151 96 1 -13.90 -13.86 3152
 1905 4241 3151 95 1 1300001.10 1300001.14 3152 65 113
 1905 4241 3151 96 1 -13.90 -13.86 3152
 1921 4545 3151 95 1 1300001.10 1300001.14 3152 17 97
 1921 4529 3151 95 1 1300001.10 1300001.14 3152 17 97
 1921 4513 3151 95 1 1300001.10 1300001.14 3152 17 97
 1921 4257 3151 95 1 1300001.10 1300001.14 3152 17 113
 1921 4497 3151 95 1 1300001.10 1300001.14 3152 17 97
 1921 4481 3151 95 1 1300001.10 1300001.14 3152 17 97
 1921 4465 3151 95 1 1300001.10 1300001.14 3152 17 97
 1921 4449 3151 95 1 1300001.10 1300001.14 3152 49 161
 1921 4433 3151 95 1 1300001.10 1300001.14 3152 17 81
 1921 4545 3151 96 1 -13.90 -13.86 3152
 1921 4529 3151 96 1 -13.90 -13.86 3152
 1921 4513 3151 96 1 -13.90 -13.86 3152
 1921 4257 3151 96 1 -13.90 -13.86 3152
 1921 4497 3151 96 1 -13.90 -13.86 3152
 1921 4481 3151 96 1 -13.90 -13.86 3152
 1921 4465 3151 96 1 -13.90 -13.86 3152
 1921 4433 3151 96 1 -13.90 -13.86 3152
 1921 4145 3151 95 1 1300001.10 1300001.14 3152 17 81
 1921 4145 3151 96 1 -13.90 -13.86 3152
 1921 4161 3151 95 1 1300001.10 1300001.14 3152 17 97
 1921 4161 3151 96 1 -13.90 -13.86 3152
 1921 4177 3151 95 1 1300001.10 1300001.14 3152 17 97
 1921 4177 3151 96 1 -13.90 -13.86 3152
 1921 4193 3151 95 1 1300001.10 1300001.14 3152 17 97
 1921 4193 3151 96 1 -13.90 -13.86 3152
 1921 4561 3151 95 1 1300001.10 1300001.14 3152 17 113
 1921 4561 3151 96 1 -13.90 -13.86 3152
 1921 4209 3151 95 1 1300001.10 1300001.14 3152 17 97
 1921 4209 3151 96 1 -13.90 -13.86 3152
 1921 4225 3151 95 1 1300001.10 1300001.14 3152 17 97
 1921 4225 3151 96 1 -13.90 -13.86 3152
 1921 4241 3151 95 1 1300001.10 1300001.14 3152 17 97
 1921 4241 3151 96 1 -13.90 -13.86 3152
 1937 4545 3151 95 1 1300001.10 1300001.14 3152 17 97
 1937 4529 3151 95 1 1300001.10 1300001.14 3152 17 97
 1937 4513 3151 95 1 1300001.10 1300001.14 3152 17 97
 1937 4257 3151 95 1 1300001.10 1300001.14 3152 17 113
 1937 4497 3151 95 1 1300001.10 1300001.14 3152 17 97
 1937 4481 3151 95 1 1300001.10 1300001.14 3152 17 97
 1937 4465 3151 95 1 1300001.10 1300001.14 3152 17 97
 1937 4449 3151 95 1 1300001.10 1300001.14 3152 17 97
 1937 4433 3151 95 1 1300001.10 1300001.14 3152 17 81
 1937 4545 3151 96 1 -13.90 -13.86 3152
 1937 4529 3151 96 1 -13.90 -13.86 3152
 1937 4513 3151 96 1 -13.90 -13.86 3152
 1937 4257 3151 96 1 -13.90 -13.86 3152
 1937 4497 3151 96 1 -13.90 -13.86 3152
 1937 4481 3151 96 1 -13.90 -13.86 3152
 1937 4465 3151 96 1 -13.90 -13.86 3152
 1937 4449 3151 96 1 -13.90 -13.86 3152
 1937 4433 3151 96 1 -13.90 -13.86 3152
 1937 4145 3151 95 1 1300001.10 1300001.14 3152 17 81
 1937 4145 3151 96 1 -13.90 -13.86 3152
 1937 4161 3151 95 1 1300001.10 1300001.14 3152 17 97
 1937 4161 3151 96 1 -13.90 -13.86 3152
 1937 4177 3151 95 1 1300001.10 1300001.14 3152 17 97
 1937 4177 3151 96 1 -13.90 -13.86 3152
 1937 4193 3151 95 1 1300001.10 1300001.14 3152 17 97
 1937 4193 3151 96 1 -13.90 -13.86 3152
 1937 4561 3151 95 1 1300001.10 1300001.14 3152 17 113
 1937 4561 3151 96 1 -13.90 -13.86 3152
 1937 4209 3151 95 1 1300001.10 1300001.14 3152 17 97
 1937 4209 3151 96 1 -13.90 -13.86 3152
 1937 4225 3151 95 1 1300001.10 1300001.14 3152 17 97
 1937 4225 3151 96 1 -13.90 -13.86 3152
 1937 4241 3151 95 1 1300001.10 1300001.14 3152 17 97
 1937 4241 3151 96 1 -13.90 -13.86 3152
 1953 4545 3151 95 1 1300001.10 1300001.14 3152 17 97
 1953 4529 3151 95 1 1300001.10 1300001.14 3152 17 97
 1953 4513 3151 95 1 1300001.10 1300001.14 3152 17 97
 1953 4257 3151 95 1 1300001.10 1300001.14 3152 17 113
 1953 4497 3151 95 1 1300001.10 1300001.14 3152 17 97
 1953 4481 3151 95 1 1300001.10 1300001.14 3152 17 97
 1953 4465 3151 95 1 1300001.10 1300001.14 3152 17 97
 1953 4449 3151 95 1 1300001.10 1300001.14 3152 17 97
 1953 4433 3151 95 1 1300001.10 1300001.14 3152 17 81
 1953 4401 3196 89 1 1.10 1.14 3197 3439
 1953 4545 3151 96 1 -13.90 -13.86 3152
 1953 4529 3151 96 1 -13.90 -13.86 3152
 1953 4513 3151 96 1 -13.90 -13.86 3152
 1953 4257 3151 96 1 -13.90 -13.86 3152
 1953 4497 3151 96 1 -13.90 -13.86 3152
 1953 4481 3151 96 1 -13.90 -13.86 3152
 1953 4465 3151 96 1 -13.90 -13.86 3152
 1953 4449 3151 96 1 -13.90 -13.86 3152
 1953 4433 3151 96 1 -13.90 -13.86 3152
 1953 4145 3151 95 1 1300001.10 1300001.14 3152 17 81
 1953 4145 3151 96 1 -13.90 -13.86 3152
 1953 4161 3151 95 1 1300001.10 1300001.14 3152 17 97
 1953 4161 3151 96 1 -13.90 -13.86 3152
 1953 4177 3151 95 1 1300001.10 1300001.14 3152 17 97
 1953 4177 3151 96 1 -13.90 -13.86 3152
 1953 4193 3151 95 1 1300001.10 1300001.14 3152 17 97
 1953 4193 3151 96 1 -13.90 -13.86 3152
 1953 4561 3151 95 1 1300001.10 1300001.14 3152 17 113
 1953 4561 3151 96 1 -13.90 -13.86 3152
 1953 4209 3151 95 1 1300001.10 1300001.14 3152 17 97
 1953 4209 3151 96 1 -13.90 -13.86 3152
 1953 4225 3151 95 1 1300001.10 1300001.14 3152 17 97
 1953 4225 3151 96 1 -13.90 -13.86 3152
 1953 4241 3151 95 1 1300001.10 1300001.14 3152 17 97
 1953 4241 3151 96 1 -13.90 -13.86 3152
 1969 4545 3151 95 1 1300001.10 1300001.14 3152 17 97
 1969 4529 3151 95 1 1300001.10 1300001.14 3152 17 97
 1969 4513 3151 95 1 1300001.10 1300001.14 3152 17 97
 1969 4257 3151 95 1 1300001.10 1300001.14 3152 17 113
 1969 4497 3151 95 1 1300001.10 1300001.14 3152 17 97
 1969 4481 3151 95 1 1300001.10 1300001.14 3152 17 97
 1969 4465 3151 95 1 1300001.10 1300001.14 3152 17 97
 1969 4449 3151 95 1 1300001.10 1300001.14 3152 17 97
 1969 4433 3151 95 1 1300001.10 1300001.14 3152 17 81
 1969 4369 3151 89 17 1.10 1.14 3152
 1969 4545 3151 96 1 -13.90 -13.86 3152
 1969 4529 3151 96 1 -13.90 -13.86 3152
 1969 4513 3151 96 1 -13.90 -13.86 3152
 1969 4257 3151 96 1 -13.90 -13.86 3152
 1969 4497 3151 96 1 -13.90 -13.86 3152
 1969 4481 3151 96 1 -13.90 -13.86 3152
 1969 4465 3151 96 1 -13.90 -13.86 3152
 1969 4449 3151 96 1 -13.90 -13.86 3152
 1969 4433 3151 96 1 -13.90 -13.86 3152
 1969 4145 3151 95 1 1300001.10 1300001.14 3152 17 81
 1969 4145 3151 96 1 -13.90 -13.86 3152
 1969 4161 3151 95 1 1300001.10 1300001.14 3152 17 97
 1969 4161 3151 96 1 -13.90 -13.86 3152
 1969 4177 3151 95 1 1300001.10 1300001.14 3152 17 97
 1969 4177 3151 96 1 -13.90 -13.86 3152
 1969 4193 3151 95 1 1300001.10 1300001.14 3152 17 97
 1969 4193 3151 96 1 -13.90 -13.86 3152
 1969 4561 3151 95 1 1300001.10 1300001.14 3152 17 113
 1969 4561 3151 96 1 -13.90 -13.86 3152
 1969 4209 3151 95 1 1300001.10 1300001.14 3152 17 97
 1969 4209 3151 96 1 -13.90 -13.86 3152
 1969 4225 3151 95 1 1300001.10 1300001.14 3152 49 161
 1969 4225 3151 96 1 -13.90 -13.86 3152
 1969 4241 3151 95 1 1300001.10 1300001.14 3152 17 97
 1969 4241 3151 96 1 -13.90 -13.86 3152
 1985 4545 3151 95 1 1300001.10 1300001.14 3152 17 97
 1985 4529 3151 95 1 1300001.10 1300001.14 3152 17 97
 1985 4513 3151 95 1 1300001.10 1300001.14 3152 17 97
 1985 4257 3151 95 1 1300001.10 1300001.14 3152 17 113
 1985 4497 3151 95 1 1300001.10 1300001.14 3152 17 97
 1985 4481 3151 95 1 1300001.10 1300001.14 3152 17 97
 1985 4465 3151 95 1 1300001.10 1300001.14 3152 17 97
 1985 4449 3151 95 1 1300001.10 1300001.14 3152 17 97
 1985 4433 3151 95 1 1300001.10 1300001.14 3152 17 81
 1985 4545 3151 96 1 -13.90 -13.86 3152
 1985 4529 3151 96 1 -13.90 -13.86 3152
 1985 4513 3151 96 1 -13.90 -13.86 3152
 1985 4257 3151 96 1 -13.90 -13.86 3152
 1985 4497 3151 96 1 -13.90 -13.86 3152
 1985 4481 3151 96 1 -13.90 -13.86 3152
 1985 4465 3151 96 1 -13.90 -13.86 3152
 1985 4449 3151 96 1 -13.90 -13.86 3152
 1985 4433 3151 96 1 -13.90 -13.86 3152
 1985 4145 3151 95 1 1300001.10 1300001.14 3152 17 81
 1985 4145 3151 96 1 -13.90 -13.86 3152
 1985 4161 3151 95 1 1300001.10 1300001.14 3152 17 97
 1985 4161 3151 96 1 -13.90 -13.86 3152
 1985 4177 3151 95 1 1300001.10 1300001.14 3152 17 97
 1985 4177 3151 96 1 -13.90 -13.86 3152
 1985 4193 3151 95 1 1300001.10 1300001.14 3152 17 97
 1985 4193 3151 96 1 -13.90 -13.86 3152
 1985 4561 3151 95 1 1300001.10 1300001.14 3152 17 113
 1985 4561 3151 96 1 -13.90 -13.86 3152
 1985 4209 3151 95 1 1300001.10 1300001.14 3152 17 97
 1985 4209 3151 96 1 -13.90 -13.86 3152
 1985 4225 3151 95 1 1300001.10 1300001.14 3152 17 97
 1985 4225 3151 96 1 -13.90 -13.86 3152
 1985 4241 3151 95 1 1300001.10 1300001.14 3152 17 97
 1985 4241 3151 96 1 -13.90 -13.86 3152
 2001 4545 3151 95 1 1300001.10 1300001.14 3152 17 97
 2001 4529 3151 95 1 1300001.10 1300001.14 3152 17 97
 2001 4513 3151 95 1 1300001.10 1300001.14 3152 17 97
 2001 4257 3151 95 1 1300001.10 1300001.14 3152 17 113
 2001 4497 3151 95 1 1300001.10 1300001.14 3152 49 161
 2001 4481 3151 95 1 1300001.10 1300001.14 3152 17 97
 2001 4465 3151 95 1 1300001.10 1300001.14 3152 17 97
 2001 4449 3151 95 1 1300001.10 1300001.14 3152 17 97
 2001 4433 3151 95 1 1300001.10 1300001.14 3152 17 81
 2001 4545 3151 96 1 -13.90 -13.86 3152
 2001 4529 3151 96 1 -13.90 -13.86 3152
 2001 4513 3151 96 1 -13.90 -13.86 3152
 2001 4257 3151 96 1 -13.90 -13.86 3152
 2001 4481 3151 96 1 -13.90 -13.86 3152
 2001 4465 3151 96 1 -13.90 -13.86 3152
 2001 4449 3151 96 1 -13.90 -13.86 3152
 2001 4433 3151 96 1 -13.90 -13.86 3152
 2001 4145 3151 95 1 1300001.10 1300001.14 3152 17 81
 2001 4145 3151 96 1 -13.90 -13.86 3152
 2001 4161 3151 95 1 1300001.10 1300001.14 3152 17 97
 2001 4161 3151 96 1 -13.90 -13.86 3152
 2001 4177 3151 95 1 1300001.10 1300001.14 3152 17 97
 2001 4177 3151 96 1 -13.90 -13.86 3152
 2001 4193 3151 95 1 1300001.10 1300001.14 3152 17 97
 2001 4193 3151 96 1 -13.90 -13.86 3152
 2001 4561 3151 95 1 1300001.10 1300001.14 3152 17 113
 2001 4561 3151 96 1 -13.90 -13.86 3152
 2001 4209 3151 95 1 1300001.10 1300001.14 3152 17 97
 2001 4209 3151 96 1 -13.90 -13.86 3152
 2001 4225 3151 95 1 1300001.10 1300001.14 3152 17 97
 2001 4225 3151 96 1 -13.90 -13.86 3152
 2001 4241 3151 95 1 1300001.10 1300001.14 3152 17 97
 2001 4241 3151 96 1 -13.90 -13.86 3152
 2017 4545 3151 95 1 1300001.10 1300001.14 3152 17 97
 2017 4529 3151 95 1 1300001.10 1300001.14 3152 17 97
 2017 4513 3151 95 1 1300001.10 1300001.14 3152 17 97
 2017 4257 3151 95 1 1300001.10 1300001.14 3152 17 113
 2017 4497 3151 95 1 1300001.10 1300001.14 3152 17 97
 2017 4481 3151 95 1 1300001.10 1300001.14 3152 17 97
 2017 4465 3151 95 1 1300001.10 1300001.14 3152 17 97
 2017 4449 3151 95 1 1300001.10 1300001.14 3152 17 97
 2017 4433 3151 95 1 1300001.10 1300001.14 3152 17 81
 2017 4545 3151 96 1 -13.90 -13.86 3152
 2017 4529 3151 96 1 -13.90 -13.86 3152
 2017 4513 3151 96 1 -13.90 -13.86 3152
 2017 4257 3151 96 1 -13.90 -13.86 3152
 2017 4497 3151 96 1 -13.90 -13.86 3152
 2017 4481 3151 96 1 -13.90 -13.86 3152
 2017 4465 3151 96 1 -13.90 -13.86 3152
 2017 4449 3151 96 1 -13.90 -13.86 3152
 2017 4433 3151 96 1 -13.90 -13.86 3152
 2017 4145 3151 95 1 1300001.10 1300001.14 3152 17 81
 2017 4145 3151 96 1 -13.90 -13.86 3152
 2017 4161 3151 95 1 1300001.10 1300001.14 3152 17 97
 2017 4161 3151 96 1 -13.90 -13.86 3152
 2017 4177 3151 95 1 1300001.10 1300001.14 3152 17 97
 2017 4177 3151 96 1 -13.90 -13.86 3152
 2017 4193 3151 95 1 1300001.10 1300001.14 3152 17 97
 2017 4193 3151 96 1 -13.90 -13.86 3152
 2017 4561 3151 95 1 1300001.10 1300001.14 3152 17 113
 2017 4561 3151 96 1 -13.90 -13.86 3152
 2017 4209 3151 95 1 1300001.10 1300001.14 3152 17 97
 2017 4209 3151 96 1 -13.90 -13.86 3152
 2017 4225 3151 95 1 1300001.10 1300001.14 3152 17 97
 2017 4225 3151 96 1 -13.90 -13.86 3152
 2017 4241 3151 95 1 1300001.10 1300001.14 3152 17 97
 2017 4241 3151 96 1 -13.90 -13.86 3152
 2033 4545 3151 95 1 1300001.10 1300001.14 3152 17 97
 2033 4529 3151 95 1 1300001.10 1300001.14 3152 17 97
 2033 4513 3151 95 1 1300001.10 1300001.14 3152 17 97
 2033 4257 3151 95 1 1300001.10 1300001.14 3152 17 113
 2033 4497 3151 95 1 1300001.10 1300001.14 3152 17 97
 2033 4481 3151 95 1 1300001.10 1300001.14 3152 17 97
 2033 4465 3151 95 1 1300001.10 1300001.14 3152 17 97
 2033 4449 3151 95 1 1300001.10 1300001.14 3152 17 97
 2033 4433 3151 95 1 1300001.10 1300001.14 3152 17 81
 2033 4545 3151 96 1 -13.90 -13.86 3152
 2033 4529 3151 96 1 -13.90 -13.86 3152
 2033 4513 3151 96 1 -13.90 -13.86 3152
 2033 4257 3151 96 1 -13.90 -13.86 3152
 2033 4497 3151 96 1 -13.90 -13.86 3152
 2033 4481 3151 96 1 -13.90 -13.86 3152
 2033 4465 3151 96 1 -13.90 -13.86 3152
 2033 4449 3151 96 1 -13.90 -13.86 3152
 2033 4433 3151 96 1 -13.90 -13.86 3152
 2033 4145 3151 95 1 1300001.10 1300001.14 3152 17 81
 2033 4145 3151 96 1 -13.90 -13.86 3152
 2033 4161 3151 95 1 1300001.10 1300001.14 3152 17 97
 2033 4161 3151 96 1 -13.90 -13.86 3152
 2033 4177 3151 95 1 1300001.10 1300001.14 3152 49 161
 2033 4193 3151 95 1 1300001.10 1300001.14 3152 17 97
 2033 4193 3151 96 1 -13.90 -13.86 3152
 2033 4561 3151 95 1 1300001.10 1300001.14 3152 17 113
 2033 4561 3151 96 1 -13.90 -13.86 3152
 2033 4209 3151 95 1 1300001.10 1300001.14 3152 17 97
 2033 4209 3151 96 1 -13.90 -13.86 3152
 2033 4225 3151 95 1 1300001.10 1300001.14 3152 17 97
 2033 4225 3151 96 1 -13.90 -13.86 3152
 2033 4241 3151 95 1 1300001.10 1300001.14 3152 17 97
 2033 4241 3151 96 1 -13.90 -13.86 3152
 2049 4545 3151 95 1 1300001.10 1300001.14 3152 17 97
 2049 4529 3151 95 1 1300001.10 1300001.14 3152 17 97
 2049 4513 3151 95 1 1300001.10 1300001.14 3152 17 97
 2049 4497 3151 95 1 1300001.10 1300001.14 3152 17 97
 2049 4481 3151 95 1 1300001.10 1300001.14 3152 17 97
 2049 4465 3151 95 1 1300001.10 1300001.14 3152 17 97
 2049 4449 3151 95 1 1300001.10 1300001.14 3152 17 97
 2049 4433 3151 95 1 1300001.10 1300001.14 3152 17 81
 2049 4257 3151 95 1 1300001.10 1300001.14 3152 17 113
 2049 4545 3151 96 1 -13.90 -13.86 3152
 2049 4529 3151 96 1 -13.90 -13.86 3152
 2049 4513 3151 96 1 -13.90 -13.86 3152
 2049 4497 3151 96 1 -13.90 -13.86 3152
 2049 4481 3151 96 1 -13.90 -13.86 3152
 2049 4465 3151 96 1 -13.90 -13.86 3152
 2049 4449 3151 96 1 -13.90 -13.86 3152
 2049 4433 3151 96 1 -13.90 -13.86 3152
 2049 4257 3151 96 1 -13.90 -13.86 3152
 2049 4561 3151 95 1 1300001.10 1300001.14 3152 17 113
 2049 4561 3151 96 1 -13.90 -13.86 3152
 2049 4145 3151 95 1 1300001.10 1300001.14 3152 17 81
 2049 4145 3151 96 1 -13.90 -13.86 3152
 2049 4161 3151 95 1 1300001.10 1300001.14 3152 17 97
 2049 4161 3151 96 1 -13.90 -13.86 3152
 2049 4177 3151 95 1 1300001.10 1300001.14 3152 17 97
 2049 4177 3151 96 1 -13.90 -13.86 3152
 2049 4193 3151 95 1 1300001.10 1300001.14 3152 17 97
 2049 4193 3151 96 1 -13.90 -13.86 3152
 2049 4209 3151 95 1 1300001.10 1300001.14 3152 17 97
 2049 4209 3151 96 1 -13.90 -13.86 3152
 2049 4225 3151 95 1 1300001.10 1300001.14 3152 17 97
 2049 4225 3151 96 1 -13.90 -13.86 3152
 2049 4241 3151 95 1 1300001.10 1300001.14 3152 17 97
 2049 4241 3151 96 1 -13.90 -13.86 3152
 2065 4561 3151 96 1 -13.90 -13.86 3152
 2065 4145 3151 96 1 -13.90 -13.86 3152
 2065 4161 3151 96 1 -13.90 -13.86 3152
 2065 4177 3151 96 1 -13.90 -13.86 3152
 2065 4193 3151 96 1 -13.90 -13.86 3152
 2065 4209 3151 96 1 -13.90 -13.86 3152
 2065 4225 3151 96 1 -13.90 -13.86 3152
 2065 4241 3151 96 1 -13.90 -13.86 3152
 2065 4545 3151 96 1 -13.90 -13.86 3152
 2065 4529 3151 96 1 -13.90 -13.86 3152
 2065 4513 3151 96 1 -13.90 -13.86 3152
 2065 4497 3151 96 1 -13.90 -13.86 3152
 2065 4481 3151 96 1 -13.90 -13.86 3152
 2065 4465 3151 96 1 -13.90 -13.86 3152
 2065 4449 3151 96 1 -13.90 -13.86 3152
 2065 4433 3151 96 1 -13.90 -13.86 3152
 2065 4417 3151 96 1 -13.90 -13.86 3152
 2065 4401 3151 96 1 -13.90 -13.86 3152
 2065 4289 3151 96 1 -13.90 -13.86 3152
 2065 4305 3151 96 1 -13.90 -13.86 3152
 2065 4321 3151 96 1 -13.90 -13.86 3152
 2065 4385 3151 96 1 -13.90 -13.86 3152
 2065 4369 3151 96 1 -13.90 -13.86 3152
 2065 4353 3151 96 1 -13.90 -13.86 3152
 2065 4337 3151 96 1 -13.90 -13.86 3152
 2065 4273 3151 96 1 -13.90 -13.86 3152
 2065 4257 3151 96 1 -13.90 -13.86 3152
 2065 4385 3151 81 1 -999998.90 -18.86 3152
 2081 4561 3151 96 1 -13.90 -13.86 3152
 2081 4545 3151 96 1 -13.90 -13.86 3152
 2081 4529 3151 96 1 -13.90 -13.86 3152
 2081 4513 3151 96 1 -13.90 -13.86 3152
 2081 4145 3151 96 1 -13.90 -13.86 3152
 2081 4161 3151 96 1 -13.90 -13.86 3152
 2081 4177 3151 96 1 -13.90 -13.86 3152
 2081 4193 3151 96 1 -13.90 -13.86 3152
 2081 4497 3151 96 1 -13.90 -13.86 3152
 2081 4481 3151 96 1 -13.90 -13.86 3152
 2081 4465 3151 96 1 -13.90 -13.86 3152
 2081 4449 3151 96 1 -13.90 -13.86 3152
 2081 4433 3151 96 1 -13.90 -13.86 3152
 2081 4417 3151 96 1 -13.90 -13.86 3152
 2081 4401 3151 96 1 -13.90 -13.86 3152
 2081 4289 3151 96 1 -13.90 -13.86 3152
 2081 4305 3151 96 1 -13.90 -13.86 3152
 2081 4321 3151 96 1 -13.90 -13.86 3152
 2081 4385 3151 96 1 -13.90 -13.86 3152
 2081 4369 3151 96 1 -13.90 -13.86 3152
 2081 4353 3151 96 1 -13.90 -13.86 3152
 2081 4337 3151 96 1 -13.90 -13.86 3152
 2081 4241 3151 96 1 -13.90 -13.86 3152
 2081 4273 3151 96 1 -13.90 -13.86 3152
 2081 4257 3151 96 1 -13.90 -13.86 3152
 2081 4225 3151 96 1 -13.90 -13.86 3152
 2081 4209 3151 96 1 -13.90 -13.86 3152
 2097 4561 3151 96 1 -13.90 -13.86 3152
 2097 4545 3151 96 1 -13.90 -13.86 3152
 2097 4529 3151 96 1 -13.90 -13.86 3152
 2097 4513 3151 96 1 -13.90 -13.86 3152
 2097 4145 3151 96 1 -13.90 -13.86 3152
 2097 4161 3151 96 1 -13.90 -13.86 3152
 2097 4177 3151 96 1 -13.90 -13.86 3152
 2097 4193 3151 96 1 -13.90 -13.86 3152
 2097 4497 3151 96 1 -13.90 -13.86 3152
 2097 4481 3151 96 1 -13.90 -13.86 3152
 2097 4465 3151 96 1 -13.90 -13.86 3152
 2097 4449 3151 96 1 -13.90 -13.86 3152
 2097 4433 3151 96 1 -13.90 -13.86 3152
 2097 4417 3151 96 1 -13.90 -13.86 3152
 2097 4401 3151 96 1 -13.90 -13.86 3152
 2097 4385 3151 96 1 -13.90 -13.86 3152
 2097 4369 3151 96 1 -13.90 -13.86 3152
 2097 4353 3151 96 1 -13.90 -13.86 3152
 2097 4337 3151 96 1 -13.90 -13.86 3152
 2097 4289 3151 96 1 -13.90 -13.86 3152
 2097 4305 3151 96 1 -13.90 -13.86 3152
 2097 4321 3151 96 1 -13.90 -13.86 3152
 2097 4241 3151 96 1 -13.90 -13.86 3152
 2097 4273 3151 96 1 -13.90 -13.86 3152
 2097 4257 3151 96 1 -13.90 -13.86 3152
 2097 4225 3151 96 1 -13.90 -13.86 3152
 2097 4209 3151 96 1 -13.90 -13.86 3152
 2113 4561 3151 96 1 -13.90 -13.86 3152
 2113 4545 3151 96 1 -13.90 -13.86 3152
 2113 4529 3151 96 1 -13.90 -13.86 3152
 2113 4513 3151 96 1 -13.90 -13.86 3152
 2113 4145 3151 96 1 -13.90 -13.86 3152
 2113 4161 3151 96 1 -13.90 -13.86 3152
 2113 4177 3151 96 1 -13.90 -13.86 3152
 2113 4193 3151 96 1 -13.90 -13.86 3152
 2113 4497 3151 96 1 -13.90 -13.86 3152
 2113 4481 3151 96 1 -13.90 -13.86 3152
 2113 4465 3151 96 1 -13.90 -13.86 3152
 2113 4449 3151 96 1 -13.90 -13.86 3152
 2113 4433 3151 96 1 -13.90 -13.86 3152
 2113 4417 3151 96 1 -13.90 -13.86 3152
 2113 4401 3151 96 1 -13.90 -13.86 3152
 2113 4385 3151 96 1 -13.90 -13.86 3152
 2113 4369 3151 96 1 -13.90 -13.86 3152
 2113 4353 3151 96 1 -13.90 -13.86 3152
 2113 4337 3151 96 1 -13.90 -13.86 3152
 2113 4289 3151 96 1 -13.90 -13.86 3152
 2113 4305 3151 96 1 -13.90 -13.86 3152
 2113 4321 3151 96 1 -13.90 -13.86 3152
 2113 4241 3151 96 1 -13.90 -13.86 3152
 2113 4257 3151 96 1 -13.90 -13.86 3152
 2113 4273 3151 96 1 -13.90 -13.86 3152
 2113 4225 3151 96 1 -13.90 -13.86 3152
 2113 4209 3151 96 1 -13.90 -13.86 3152
