 -10 1232 695 0.42 1 1 1 1 1 2 2 301 0.42 1
brick_11.png
furnit10.png
-1
-1
-1
-1
-1
-1
-1
-1
-1
-1
-1
-1
-1
-1
-1
-1
-1
-1
-1
-1
y0
VoiD
 1 4321 3151 93 5 1.10 6.14 3152
 1 4497 3151 93 5 1.10 6.14 3152
 1 4481 3151 93 5 1.10 6.14 3152
 1 4465 3151 93 5 1.10 6.14 3152
 1 4449 3151 93 5 1.10 6.14 3152
 1 4433 3151 93 5 1.10 6.14 3152
 1 4417 3151 93 5 1.10 6.14 3152
 1 4401 3151 93 5 1.10 6.14 3152
 1 4385 3151 93 5 1.10 6.14 3152
 1 4369 3151 93 5 1.10 6.14 3152
 1 4353 3151 93 5 1.10 6.14 3152
 1 4337 3151 93 5 1.10 6.14 3152
 1 4513 3151 93 5 1.10 6.14 3152
 1 4529 3151 93 5 1.10 6.14 3152
 1 4545 3151 93 5 1.10 6.14 3152
 1 4721 3151 93 5 1.10 6.14 3152
 1 4673 3151 93 5 1.10 6.14 3152
 1 4657 3151 93 5 1.10 6.14 3152
 1 4641 3151 93 5 1.10 6.14 3152
 1 4689 3151 93 5 1.10 6.14 3152
 1 4705 3151 93 5 1.10 6.14 3152
 1 4625 3151 93 5 1.10 6.14 3152
 1 4609 3151 93 5 1.10 6.14 3152
 1 4593 3151 93 5 1.10 6.14 3152
 1 4577 3151 93 5 1.10 6.14 3152
 1 4561 3151 93 5 1.10 6.14 3152
 1 4737 3151 93 5 1.10 6.14 3152
 1 4753 3151 93 5 1.10 6.14 3152
 17 4321 3151 93 5 1.10 6.14 3152
 17 4497 3151 93 5 1.10 6.14 3152
 17 4481 3151 93 5 1.10 6.14 3152
 17 4465 3151 93 5 1.10 6.14 3152
 17 4449 3151 93 5 1.10 6.14 3152
 17 4433 3151 93 5 1.10 6.14 3152
 17 4417 3151 93 5 1.10 6.14 3152
 17 4401 3151 93 5 1.10 6.14 3152
 17 4385 3151 93 5 1.10 6.14 3152
 17 4369 3151 93 5 1.10 6.14 3152
 17 4337 3151 93 5 1.10 6.14 3152
 17 4353 3151 93 5 1.10 6.14 3152
 17 4513 3151 93 5 1.10 6.14 3152
 17 4529 3151 93 5 1.10 6.14 3152
 17 4545 3151 93 5 1.10 6.14 3152
 17 4721 3151 93 5 1.10 6.14 3152
 17 4673 3151 93 5 1.10 6.14 3152
 17 4657 3151 93 5 1.10 6.14 3152
 17 4641 3151 93 5 1.10 6.14 3152
 17 4689 3151 93 5 1.10 6.14 3152
 17 4705 3151 93 5 1.10 6.14 3152
 17 4625 3151 93 5 1.10 6.14 3152
 17 4609 3151 93 5 1.10 6.14 3152
 17 4593 3151 93 5 1.10 6.14 3152
 17 4577 3151 93 5 1.10 6.14 3152
 17 4561 3151 93 5 1.10 6.14 3152
 17 4737 3151 93 5 1.10 6.14 3152
 17 4753 3151 93 5 1.10 6.14 3152
 33 4321 3151 93 5 1.10 6.14 3152
 33 4497 3151 93 5 1.10 6.14 3152
 33 4481 3151 93 5 1.10 6.14 3152
 33 4465 3151 93 5 1.10 6.14 3152
 33 4449 3151 93 5 1.10 6.14 3152
 33 4433 3151 93 5 1.10 6.14 3152
 33 4417 3151 93 5 1.10 6.14 3152
 33 4401 3151 93 5 1.10 6.14 3152
 33 4385 3151 93 5 1.10 6.14 3152
 33 4353 3151 93 5 1.10 6.14 3152
 33 4369 3151 93 5 1.10 6.14 3152
 33 4337 3151 93 5 1.10 6.14 3152
 33 4513 3151 93 5 1.10 6.14 3152
 33 4529 3151 93 5 1.10 6.14 3152
 33 4545 3151 93 5 1.10 6.14 3152
 33 4721 3151 93 5 1.10 6.14 3152
 33 4673 3151 93 5 1.10 6.14 3152
 33 4689 3151 93 5 1.10 6.14 3152
 33 4705 3151 93 5 1.10 6.14 3152
 33 4657 3151 93 5 1.10 6.14 3152
 33 4641 3151 93 5 1.10 6.14 3152
 33 4625 3151 93 5 1.10 6.14 3152
 33 4609 3151 93 5 1.10 6.14 3152
 33 4593 3151 93 5 1.10 6.14 3152
 33 4577 3151 93 5 1.10 6.14 3152
 33 4561 3151 93 5 1.10 6.14 3152
 33 4737 3151 93 5 1.10 6.14 3152
 33 4753 3151 93 5 1.10 6.14 3152
 49 4321 3151 93 6 1.10 6.14 3152
 49 4497 3151 93 6 1.10 6.14 3152
 49 4481 3151 93 6 1.10 6.14 3152
 49 4465 3151 93 6 1.10 6.14 3152
 49 4449 3151 93 6 1.10 6.14 3152
 49 4433 3151 93 6 1.10 6.14 3152
 49 4417 3151 93 6 1.10 6.14 3152
 49 4401 3151 93 6 1.10 6.14 3152
 49 4385 3151 93 6 1.10 6.14 3152
 49 4369 3151 93 6 1.10 6.14 3152
 49 4353 3151 93 6 1.10 6.14 3152
 49 4337 3151 93 6 1.10 6.14 3152
 49 4513 3151 93 6 1.10 6.14 3152
 49 4529 3151 93 6 1.10 6.14 3152
 49 4545 3151 93 6 1.10 6.14 3152
 49 4721 3151 93 15 1.10 6.14 3152
 49 4705 3151 93 5 1.10 6.14 3152
 49 4689 3151 93 18 1.10 6.14 3152
 49 4673 3151 93 6 1.10 6.14 3152
 49 4657 3151 93 6 1.10 6.14 3152
 49 4641 3151 93 6 1.10 6.14 3152
 49 4625 3151 93 6 1.10 6.14 3152
 49 4609 3151 93 6 1.10 6.14 3152
 49 4593 3151 93 6 1.10 6.14 3152
 49 4577 3151 93 6 1.10 6.14 3152
 49 4561 3151 93 6 1.10 6.14 3152
 49 4737 3151 93 18 1.10 6.14 3152
 49 4753 3151 93 5 1.10 6.14 3152
 65 4321 3694 69 2 1.10 -4.86 3695
 65 4497 3694 69 2 1.10 -4.86 3695
 65 4481 3694 69 2 1.10 -4.86 3695
 65 4465 3694 69 2 1.10 -4.86 3695
 65 4449 3694 69 2 1.10 -4.86 3695
 65 4433 3694 69 2 1.10 -4.86 3695
 65 4417 3694 69 2 1.10 -4.86 3695
 65 4401 3694 69 2 1.10 -4.86 3695
 65 4337 3694 69 2 1.10 -4.86 3695
 65 4353 3694 69 2 1.10 -4.86 3695
 65 4369 3694 69 2 1.10 -4.86 3695
 65 4385 3694 69 2 1.10 -4.86 3695
 65 4513 3694 69 2 1.10 -4.86 3695
 65 4529 3694 69 2 1.10 -4.86 3695
 65 4545 3694 70 18 1.10 -5.86 3695 0
 65 4721 3151 93 16 1.10 6.14 3152
 65 4705 3151 93 5 1.10 6.14 3152
 65 4689 3151 93 2 1.10 6.14 3152
 65 4737 3151 93 17 1.10 6.14 3152
 65 4753 3151 93 5 1.10 6.14 3152
 65 4561 3694 69 1 1.10 -4.86 3695
 81 4721 3151 93 5 1.10 6.14 3152
 81 4705 3151 93 5 1.10 6.14 3152
 81 4689 3151 93 2 1.10 6.14 3152
 81 4737 3151 93 5 1.10 6.14 3152
 81 4753 3151 93 5 1.10 6.14 3152
 97 4321 3151 93 4 1.10 6.14 3152
 97 4497 3151 93 4 1.10 6.14 3152
 97 4481 3151 93 4 1.10 6.14 3152
 97 4465 3151 93 4 1.10 6.14 3152
 97 4449 3151 93 4 1.10 6.14 3152
 97 4433 3151 93 4 1.10 6.14 3152
 97 4417 3151 93 4 1.10 6.14 3152
 97 4401 3151 93 4 1.10 6.14 3152
 97 4337 3151 93 4 1.10 6.14 3152
 97 4353 3151 93 4 1.10 6.14 3152
 97 4369 3151 93 4 1.10 6.14 3152
 97 4385 3151 93 4 1.10 6.14 3152
 97 4513 3151 93 4 1.10 6.14 3152
 97 4529 3151 93 4 1.10 6.14 3152
 97 4545 3151 93 4 1.10 6.14 3152
 97 4721 3151 93 5 1.10 6.14 3152
 97 4705 3151 93 5 1.10 6.14 3152
 97 4689 3151 93 2 1.10 6.14 3152
 97 4593 3151 93 7 1.10 6.14 3152
 97 4577 3151 93 4 1.10 6.14 3152
 97 4561 3151 93 4 1.10 6.14 3152
 97 4737 3151 93 5 1.10 6.14 3152
 97 4753 3151 93 5 1.10 6.14 3152
 113 4385 3151 93 5 1.10 6.14 3152
 113 4321 3693 93 47 1.10 6.14 3694
 113 4401 3195 93 48 1.10 6.14 3196
 113 4593 3151 93 8 1.10 6.14 3152
 113 4721 3151 93 5 1.10 6.14 3152
 113 4705 3151 93 5 1.10 6.14 3152
 113 4689 3151 93 2 1.10 6.14 3152
 113 4737 3151 93 5 1.10 6.14 3152
 113 4753 3151 93 5 1.10 6.14 3152
 113 4673 3151 53 1 1.10 -5.86 3152
 113 4497 3195 93 48 1.10 6.14 3196
 129 4385 3151 93 5 1.10 6.14 3152
 129 4593 3151 93 8 1.10 6.14 3152
 129 4721 3151 93 6 1.10 6.14 3152
 129 4705 3151 93 6 1.10 6.14 3152
 129 4689 3151 93 3 1.10 6.14 3152
 129 4737 3151 93 6 1.10 6.14 3152
 129 4753 3151 93 6 1.10 6.14 3152
 145 4385 3151 93 5 1.10 6.14 3152
 145 4593 3151 93 8 1.10 6.14 3152
 161 4385 3151 93 5 1.10 6.14 3152
 161 4593 3151 93 8 1.10 6.14 3152
 177 4385 3151 93 5 1.10 6.14 3152
 177 4289 3195 93 48 1.10 6.14 3196
 177 4593 3151 93 8 1.10 6.14 3152
 177 4721 3151 93 4 1.10 6.14 3152
 177 4705 3151 93 4 1.10 6.14 3152
 177 4689 3151 93 1 1.10 6.14 3152
 177 4737 3151 93 4 1.10 6.14 3152
 177 4753 3151 93 4 1.10 6.14 3152
 193 4385 3151 93 5 1.10 6.14 3152
 193 4593 3151 93 8 1.10 6.14 3152
 193 4721 3151 93 5 1.10 6.14 3152
 193 4705 3151 93 5 1.10 6.14 3152
 193 4689 3151 93 2 1.10 6.14 3152
 193 4737 3151 93 5 1.10 6.14 3152
 193 4753 3151 93 5 1.10 6.14 3152
 209 4497 3151 93 5 1.10 6.14 3152
 209 4481 3151 93 5 1.10 6.14 3152
 209 4465 3151 93 5 1.10 6.14 3152
 209 4449 3151 93 5 1.10 6.14 3152
 209 4433 3151 93 5 1.10 6.14 3152
 209 4417 3151 93 5 1.10 6.14 3152
 209 4401 3151 93 5 1.10 6.14 3152
 209 4385 3151 93 5 1.10 6.14 3152
 209 4513 3151 93 5 1.10 6.14 3152
 209 4593 3151 93 8 1.10 6.14 3152
 209 4689 3151 93 2 1.10 6.14 3152
 209 4529 3693 93 47 1.10 6.14 3694
 209 4705 3693 93 47 1.10 6.14 3694
 225 4497 3151 93 5 1.10 6.14 3152
 225 4481 3151 93 5 1.10 6.14 3152
 225 4465 3151 93 5 1.10 6.14 3152
 225 4449 3151 93 5 1.10 6.14 3152
 225 4433 3151 93 5 1.10 6.14 3152
 225 4417 3151 93 5 1.10 6.14 3152
 225 4401 3151 93 5 1.10 6.14 3152
 225 4385 3151 93 5 1.10 6.14 3152
 225 4513 3151 93 5 1.10 6.14 3152
 225 4465 3151 96 27 -13.90 -13.86 3152
 225 4593 3151 93 8 1.10 6.14 3152
 225 4689 3151 93 2 1.10 6.14 3152
 225 4641 3151 59 1 1.10 1.14 3152
 241 4497 3151 93 5 1.10 6.14 3152
 241 4481 3151 93 18 1.10 6.14 3152
 241 4465 3151 93 6 1.10 6.14 3152
 241 4449 3151 93 15 1.10 6.14 3152
 241 4433 3151 93 5 1.10 6.14 3152
 241 4417 3151 93 5 1.10 6.14 3152
 241 4401 3151 93 5 1.10 6.14 3152
 241 4385 3151 93 5 1.10 6.14 3152
 241 4513 3151 93 5 1.10 6.14 3152
 241 4481 3151 96 27 -13.90 -13.86 3152
 241 4449 3151 96 27 -13.90 -13.86 3152
 241 4433 3151 96 27 -13.90 -13.86 3152
 241 4593 3151 93 8 1.10 6.14 3152
 241 4689 3151 93 2 1.10 6.14 3152
 241 4641 3151 60 1 1.10 1.14 3152
 241 4641 3151 67 1 0.10 0.14 3152
 257 4497 3151 93 18 1.10 6.14 3152
 257 4481 3151 93 20 1.10 6.14 3152
 257 4449 3151 93 40 1.10 6.14 3152
 257 4433 3151 93 6 1.10 6.14 3152
 257 4417 3151 93 15 1.10 6.14 3152
 257 4401 3151 93 5 1.10 6.14 3152
 257 4385 3151 93 5 1.10 6.14 3152
 257 4513 3151 93 5 1.10 6.14 3152
 257 4497 3151 96 27 -13.90 -13.86 3152
 257 4417 3151 96 27 -13.90 -13.86 3152
 257 4593 3151 93 8 1.10 6.14 3152
 257 4689 3151 93 2 1.10 6.14 3152
 257 4641 3151 60 1 1.10 1.14 3152
 273 4289 3151 93 5 1.10 6.14 3152
 273 4497 3151 93 20 1.10 6.14 3152
 273 4417 3151 93 40 1.10 6.14 3152
 273 4401 3151 93 15 1.10 6.14 3152
 273 4305 3195 93 48 1.10 6.14 3196
 273 4513 3151 93 18 1.10 6.14 3152
 273 4449 3151 59 21 1.10 1.14 3152
 273 4513 3151 96 27 -13.90 -13.86 3152
 273 4593 3151 93 8 1.10 6.14 3152
 273 4689 3151 93 2 1.10 6.14 3152
 273 4641 3151 59 1 1.10 1.14 3152
 273 4657 3192 53 5 1.10 -5.86 3193
 273 4529 3693 93 47 1.10 6.14 3694
 273 4705 3693 93 47 1.10 6.14 3694
 289 4289 3151 93 5 1.10 6.14 3152
 289 4401 3151 93 8 1.10 6.14 3152
 289 4513 3151 93 2 1.10 6.14 3152
 289 4497 3151 53 1 1.10 -5.86 3152
 289 4593 3151 93 8 1.10 6.14 3152
 289 4689 3151 93 2 1.10 6.14 3152
 305 4289 3151 93 5 1.10 6.14 3152
 305 4401 3151 93 8 1.10 6.14 3152
 305 4513 3151 93 2 1.10 6.14 3152
 305 4593 3151 93 8 1.10 6.14 3152
 305 4689 3151 93 2 1.10 6.14 3152
 305 4673 3151 67 21 1.10 1.14 3152
 321 4289 3151 93 5 1.10 6.14 3152
 321 4401 3151 93 8 1.10 6.14 3152
 321 4513 3151 93 2 1.10 6.14 3152
 321 4497 3151 53 1 1.10 -5.86 3152
 321 4593 3151 93 8 1.10 6.14 3152
 321 4689 3151 93 2 1.10 6.14 3152
 337 4289 3151 93 5 1.10 6.14 3152
 337 4401 3151 93 8 1.10 6.14 3152
 337 4513 3151 93 2 1.10 6.14 3152
 337 4529 3151 93 5 1.10 6.14 3152
 337 4545 3151 93 5 1.10 6.14 3152
 337 4465 3151 60 2 1.10 1.14 3152
 337 4593 3151 93 9 1.10 6.14 3152
 337 4577 3151 93 15 1.10 6.14 3152
 337 4561 3151 93 5 1.10 6.14 3152
 337 4689 3151 93 2 1.10 6.14 3152
 337 4705 3151 93 5 1.10 6.14 3152
 337 4721 3151 93 5 1.10 6.14 3152
 337 4737 3151 93 5 1.10 6.14 3152
 337 4753 3151 93 5 1.10 6.14 3152
 353 4081 3151 93 5 1.10 6.14 3152
 353 4097 3151 93 5 1.10 6.14 3152
 353 4113 3151 93 5 1.10 6.14 3152
 353 4129 3151 93 5 1.10 6.14 3152
 353 4145 3151 93 5 1.10 6.14 3152
 353 4161 3151 93 5 1.10 6.14 3152
 353 4177 3151 93 5 1.10 6.14 3152
 353 4193 3151 93 5 1.10 6.14 3152
 353 4209 3151 93 5 1.10 6.14 3152
 353 4225 3151 93 5 1.10 6.14 3152
 353 4241 3151 93 5 1.10 6.14 3152
 353 4257 3151 93 5 1.10 6.14 3152
 353 4273 3151 93 5 1.10 6.14 3152
 353 4289 3151 93 5 1.10 6.14 3152
 353 4401 3151 93 8 1.10 6.14 3152
 353 4513 3151 93 2 1.10 6.14 3152
 353 4529 3151 93 5 1.10 6.14 3152
 353 4545 3151 93 5 1.10 6.14 3152
 353 4465 3151 59 3 1.10 1.14 3152
 353 4577 3151 93 40 1.10 6.14 3152
 353 4561 3151 93 15 1.10 6.14 3152
 353 4689 3151 93 20 1.10 6.14 3152
 353 4705 3151 93 18 1.10 6.14 3152
 353 4721 3151 93 5 1.10 6.14 3152
 353 4737 3151 93 5 1.10 6.14 3152
 353 4753 3151 93 5 1.10 6.14 3152
 369 4081 3151 93 5 1.10 6.14 3152
 369 4097 3151 93 5 1.10 6.14 3152
 369 4113 3195 93 48 1.10 6.14 3196
 369 4209 3195 93 48 1.10 6.14 3196
 369 4401 3151 93 8 1.10 6.14 3152
 369 4305 3195 93 48 1.10 6.14 3196
 369 4513 3151 93 2 1.10 6.14 3152
 369 4529 3151 93 5 1.10 6.14 3152
 369 4545 3151 93 15 1.10 6.14 3152
 369 4465 3151 60 1 1.10 1.14 3152
 369 4561 3151 93 40 1.10 6.14 3152
 369 4705 3151 93 2 1.10 6.14 3152
 369 4721 3151 93 5 1.10 6.14 3152
 369 4737 3151 93 5 1.10 6.14 3152
 369 4753 3151 93 5 1.10 6.14 3152
 385 4081 3151 93 5 1.10 6.14 3152
 385 4097 3151 93 5 1.10 6.14 3152
 385 4401 3151 93 8 1.10 6.14 3152
 385 4513 3151 93 2 1.10 6.14 3152
 385 4529 3151 93 15 1.10 6.14 3152
 385 4545 3151 93 40 1.10 6.14 3152
 385 4465 3151 60 1 1.10 1.14 3152
 385 4705 3151 93 2 1.10 6.14 3152
 385 4721 3151 93 5 1.10 6.14 3152
 385 4737 3151 93 5 1.10 6.14 3152
 385 4753 3151 93 5 1.10 6.14 3152
 401 4097 3151 93 5 1.10 6.14 3152
 401 4081 3151 93 5 1.10 6.14 3152
 401 4401 3151 93 8 1.10 6.14 3152
 401 4513 3151 93 3 1.10 6.14 3152
 401 4529 3151 93 40 1.10 6.14 3152
 401 4705 3151 93 2 1.10 6.14 3152
 401 4721 3151 93 5 1.10 6.14 3152
 401 4737 3151 93 5 1.10 6.14 3152
 401 4753 3151 93 5 1.10 6.14 3152
 401 4673 3192 53 5 1.10 -5.86 3193
 417 4097 3151 93 5 1.10 6.14 3152
 417 4081 3151 93 5 1.10 6.14 3152
 417 4401 3151 93 8 1.10 6.14 3152
 417 4609 3151 93 7 1.10 6.14 3152
 417 4593 3151 93 19 1.10 6.14 3152
 417 4705 3151 93 3 1.10 6.14 3152
 417 4721 3151 93 18 1.10 6.14 3152
 417 4737 3151 93 5 1.10 6.14 3152
 417 4753 3151 93 5 1.10 6.14 3152
 433 4097 3151 93 5 1.10 6.14 3152
 433 4081 3151 93 5 1.10 6.14 3152
 433 4401 3151 93 8 1.10 6.14 3152
 433 4609 3151 93 8 1.10 6.14 3152
 433 4593 3151 93 17 1.10 6.14 3152
 433 4577 3151 93 19 1.10 6.14 3152
 433 4721 3151 93 2 1.10 6.14 3152
 433 4737 3151 93 5 1.10 6.14 3152
 433 4753 3151 93 5 1.10 6.14 3152
 449 4097 3151 93 5 1.10 6.14 3152
 449 4081 3151 93 5 1.10 6.14 3152
 449 4401 3151 93 8 1.10 6.14 3152
 449 4609 3151 93 8 1.10 6.14 3152
 449 4593 3151 93 5 1.10 6.14 3152
 449 4577 3151 93 17 1.10 6.14 3152
 449 4561 3151 93 19 1.10 6.14 3152
 449 4721 3151 93 2 1.10 6.14 3152
 449 4737 3151 93 5 1.10 6.14 3152
 449 4753 3151 93 5 1.10 6.14 3152
 465 4113 3151 93 6 1.10 6.14 3152
 465 4097 3151 93 6 1.10 6.14 3152
 465 4081 3151 93 6 1.10 6.14 3152
 465 4129 3151 93 6 1.10 6.14 3152
 465 4145 3151 93 6 1.10 6.14 3152
 465 4161 3151 93 6 1.10 6.14 3152
 465 4177 3151 93 6 1.10 6.14 3152
 465 4193 3151 93 6 1.10 6.14 3152
 465 4209 3151 93 6 1.10 6.14 3152
 465 4225 3151 93 6 1.10 6.14 3152
 465 4241 3151 93 6 1.10 6.14 3152
 465 4257 3151 93 6 1.10 6.14 3152
 465 4273 3151 93 6 1.10 6.14 3152
 465 4289 3151 93 18 1.10 6.14 3152
 465 4401 3151 93 8 1.10 6.14 3152
 465 4305 3195 93 48 1.10 6.14 3196
 465 4545 3151 93 19 1.10 6.14 3152
 465 4609 3151 93 8 1.10 6.14 3152
 465 4593 3151 93 5 1.10 6.14 3152
 465 4577 3151 93 5 1.10 6.14 3152
 465 4561 3151 93 17 1.10 6.14 3152
 465 4721 3151 93 2 1.10 6.14 3152
 465 4737 3151 93 5 1.10 6.14 3152
 465 4753 3151 93 5 1.10 6.14 3152
 481 4241 3151 4 5 1400001.10 1400001.14 3152
 481 4257 3151 4 6 1400001.10 1400001.14 3152
 481 4273 3151 4 6 1400001.10 1400001.14 3152
 481 4289 3151 4 2 1400001.10 1400001.14 3152
 481 4289 3151 93 2 1.10 6.14 3152
 481 4497 3151 93 1 1.10 6.14 3152
 481 4401 3151 93 8 1.10 6.14 3152
 481 4513 3151 93 4 1.10 6.14 3152
 481 4529 3151 93 4 1.10 6.14 3152
 481 4545 3151 93 17 1.10 6.14 3152
 481 4449 3151 59 21 1.10 1.14 3152
 481 4177 3151 96 1 -13.90 -13.86 3152
 481 4609 3151 93 8 1.10 6.14 3152
 481 4593 3151 93 5 1.10 6.14 3152
 481 4577 3151 93 5 1.10 6.14 3152
 481 4561 3151 93 5 1.10 6.14 3152
 481 4721 3151 93 3 1.10 6.14 3152
 481 4737 3151 93 6 1.10 6.14 3152
 481 4753 3151 93 6 1.10 6.14 3152
 497 4113 3151 4 4 1400001.10 1400001.14 3152
 497 4097 3151 4 4 1400001.10 1400001.14 3152
 497 4081 3151 4 4 1400001.10 1400001.14 3152
 497 4129 3151 4 4 1400001.10 1400001.14 3152
 497 4145 3151 4 4 1400001.10 1400001.14 3152
 497 4161 3151 4 4 1400001.10 1400001.14 3152
 497 4177 3151 4 4 1400001.10 1400001.14 3152
 497 4193 3151 4 4 1400001.10 1400001.14 3152
 497 4209 3151 4 4 1400001.10 1400001.14 3152
 497 4225 3151 4 4 1400001.10 1400001.14 3152
 497 4241 3151 4 5 1400001.10 1400001.14 3152
 497 4257 3151 4 6 1400001.10 1400001.14 3152
 497 4273 3151 4 6 1400001.10 1400001.14 3152
 497 4289 3151 4 2 1400001.10 1400001.14 3152
 497 4289 3151 93 2 1.10 6.14 3152
 497 4497 3151 93 17 1.10 6.14 3152
 497 4481 3151 93 4 1.10 6.14 3152
 497 4465 3151 93 4 1.10 6.14 3152
 497 4449 3151 93 4 1.10 6.14 3152
 497 4433 3151 93 4 1.10 6.14 3152
 497 4417 3151 93 4 1.10 6.14 3152
 497 4401 3151 93 16 1.10 6.14 3152
 497 4513 3151 93 5 1.10 6.14 3152
 497 4529 3151 93 5 1.10 6.14 3152
 497 4545 3151 93 5 1.10 6.14 3152
 497 4177 3151 96 1 -13.90 -13.86 3152
 497 4609 3151 93 8 1.10 6.14 3152
 497 4593 3151 93 5 1.10 6.14 3152
 497 4577 3151 93 5 1.10 6.14 3152
 497 4561 3151 93 5 1.10 6.14 3152
 513 4241 3151 4 5 1400001.10 1400001.14 3152
 513 4257 3151 4 6 1400001.10 1400001.14 3152
 513 4273 3151 4 6 1400001.10 1400001.14 3152
 513 4289 3151 4 2 1400001.10 1400001.14 3152
 513 4289 3151 93 2 1.10 6.14 3152
 513 4497 3151 93 6 1.10 6.14 3152
 513 4481 3151 93 6 1.10 6.14 3152
 513 4465 3151 93 15 1.10 6.14 3152
 513 4449 3151 93 5 1.10 6.14 3152
 513 4433 3151 93 5 1.10 6.14 3152
 513 4417 3151 93 5 1.10 6.14 3152
 513 4401 3151 93 5 1.10 6.14 3152
 513 4513 3151 93 6 1.10 6.14 3152
 513 4529 3151 93 6 1.10 6.14 3152
 513 4545 3151 93 6 1.10 6.14 3152
 513 4177 3151 96 1 -13.90 -13.86 3152
 513 4609 3151 93 9 1.10 6.14 3152
 513 4593 3151 93 15 1.10 6.14 3152
 513 4577 3151 93 5 1.10 6.14 3152
 513 4561 3151 93 18 1.10 6.14 3152
 529 4241 3151 4 5 1400001.10 1400001.14 3152
 529 4257 3151 4 6 1400001.10 1400001.14 3152
 529 4273 3151 4 6 1400001.10 1400001.14 3152
 529 4289 3151 4 2 1400001.10 1400001.14 3152
 529 4513 3151 4 1 1400001.10 1400001.14 3152
 529 4529 3151 4 2 1400001.10 1400001.14 3152
 529 4545 3151 4 2 1400001.10 1400001.14 3152
 529 4289 3151 93 2 1.10 6.14 3152
 529 4465 3151 93 9 1.10 6.14 3152
 529 4449 3151 93 6 1.10 6.14 3152
 529 4433 3151 93 6 1.10 6.14 3152
 529 4417 3151 93 15 1.10 6.14 3152
 529 4401 3151 93 5 1.10 6.14 3152
 529 4177 3151 96 1 -13.90 -13.86 3152
 529 4561 3151 4 2 1400001.10 1400001.14 3152
 529 4593 3151 93 8 1.10 6.14 3152
 529 4577 3151 93 18 1.10 6.14 3152
 529 4561 3151 93 3 1.10 6.14 3152
 545 4113 3151 4 4 1400001.10 1400001.14 3152
 545 4097 3151 4 4 1400001.10 1400001.14 3152
 545 4081 3151 4 4 1400001.10 1400001.14 3152
 545 4129 3151 4 4 1400001.10 1400001.14 3152
 545 4145 3151 4 4 1400001.10 1400001.14 3152
 545 4161 3151 4 4 1400001.10 1400001.14 3152
 545 4177 3151 4 4 1400001.10 1400001.14 3152
 545 4193 3151 4 4 1400001.10 1400001.14 3152
 545 4209 3151 4 4 1400001.10 1400001.14 3152
 545 4225 3151 4 4 1400001.10 1400001.14 3152
 545 4241 3151 4 5 1400001.10 1400001.14 3152
 545 4257 3151 4 6 1400001.10 1400001.14 3152
 545 4273 3151 4 6 1400001.10 1400001.14 3152
 545 4289 3151 4 2 1400001.10 1400001.14 3152
 545 4513 3151 4 1 1400001.10 1400001.14 3152
 545 4529 3151 4 2 1400001.10 1400001.14 3152
 545 4545 3151 4 2 1400001.10 1400001.14 3152
 545 4289 3151 93 2 1.10 6.14 3152
 545 4417 3151 93 8 1.10 6.14 3152
 545 4401 3151 93 5 1.10 6.14 3152
 545 4177 3151 96 1 -13.90 -13.86 3152
 545 4609 3151 4 4 1400001.10 1400001.14 3152
 545 4593 3151 4 4 1400001.10 1400001.14 3152
 545 4577 3151 4 3 1400001.10 1400001.14 3152
 545 4561 3151 4 2 1400001.10 1400001.14 3152
 545 4625 3151 4 4 1400001.10 1400001.14 3152
 545 4641 3151 4 4 1400001.10 1400001.14 3152
 545 4657 3151 4 4 1400001.10 1400001.14 3152
 545 4673 3151 4 4 1400001.10 1400001.14 3152
 545 4689 3151 4 4 1400001.10 1400001.14 3152
 545 4705 3151 4 4 1400001.10 1400001.14 3152
 545 4721 3151 4 4 1400001.10 1400001.14 3152
 545 4737 3151 4 4 1400001.10 1400001.14 3152
 545 4753 3151 4 4 1400001.10 1400001.14 3152
 561 4241 3151 4 5 1400001.10 1400001.14 3152
 561 4257 3151 4 6 1400001.10 1400001.14 3152
 561 4273 3151 4 6 1400001.10 1400001.14 3152
 561 4289 3151 4 6 1400001.10 1400001.14 3152
 561 4513 3151 4 1 1400001.10 1400001.14 3152
 561 4529 3151 4 2 1400001.10 1400001.14 3152
 561 4545 3151 4 2 1400001.10 1400001.14 3152
 561 4289 3151 93 3 1.10 6.14 3152
 561 4305 3151 93 5 1.10 6.14 3152
 561 4321 3151 93 5 1.10 6.14 3152
 561 4417 3151 93 9 1.10 6.14 3152
 561 4401 3151 93 5 1.10 6.14 3152
 561 4385 3151 93 5 1.10 6.14 3152
 561 4369 3151 93 5 1.10 6.14 3152
 561 4353 3151 93 5 1.10 6.14 3152
 561 4337 3151 93 5 1.10 6.14 3152
 561 4177 3151 96 1 -13.90 -13.86 3152
 561 4305 3151 96 1 -13.90 -13.86 3152
 561 4321 3151 96 1 -13.90 -13.86 3152
 561 4401 3151 96 1 -13.90 -13.86 3152
 561 4385 3151 96 1 -13.90 -13.86 3152
 561 4369 3151 96 1 -13.90 -13.86 3152
 561 4353 3151 96 1 -13.90 -13.86 3152
 561 4337 3151 96 1 -13.90 -13.86 3152
 561 4561 3151 4 2 1400001.10 1400001.14 3152
 561 4593 3151 93 8 1.10 6.14 3152
 561 4577 3151 93 2 1.10 6.14 3152
 577 4241 3151 4 3 1400001.10 1400001.14 3152
 577 4257 3151 4 4 1400001.10 1400001.14 3152
 577 4273 3151 4 4 1400001.10 1400001.14 3152
 577 4289 3151 4 4 1400001.10 1400001.14 3152
 577 4305 3151 4 4 1400001.10 1400001.14 3152
 577 4321 3151 4 4 1400001.10 1400001.14 3152
 577 4497 3151 4 4 1400001.10 1400001.14 3152
 577 4481 3151 4 4 1400001.10 1400001.14 3152
 577 4433 3151 4 4 1400001.10 1400001.14 3152
 577 4449 3151 4 4 1400001.10 1400001.14 3152
 577 4465 3151 4 4 1400001.10 1400001.14 3152
 577 4417 3151 4 4 1400001.10 1400001.14 3152
 577 4401 3151 4 4 1400001.10 1400001.14 3152
 577 4385 3151 4 4 1400001.10 1400001.14 3152
 577 4369 3151 4 4 1400001.10 1400001.14 3152
 577 4353 3151 4 4 1400001.10 1400001.14 3152
 577 4337 3151 4 4 1400001.10 1400001.14 3152
 577 4513 3151 4 1 1400001.10 1400001.14 3152
 577 4529 3151 4 2 1400001.10 1400001.14 3152
 577 4545 3151 4 2 1400001.10 1400001.14 3152
 577 4049 3151 93 4 1.10 6.14 3152
 577 4033 3151 93 4 1.10 6.14 3152
 577 4017 3151 93 4 1.10 6.14 3152
 577 4001 3151 93 4 1.10 6.14 3152
 577 4065 3151 93 4 1.10 6.14 3152
 577 4081 3151 93 4 1.10 6.14 3152
 577 4097 3151 93 4 1.10 6.14 3152
 577 4113 3151 93 4 1.10 6.14 3152
 577 4129 3151 93 4 1.10 6.14 3152
 577 4145 3151 93 4 1.10 6.14 3152
 577 4161 3151 93 4 1.10 6.14 3152
 577 4177 3151 93 7 1.10 6.14 3152
 577 4177 3151 96 1 -13.90 -13.86 3152
 577 4561 3151 4 2 1400001.10 1400001.14 3152
 577 4593 3151 93 8 1.10 6.14 3152
 577 4577 3151 93 2 1.10 6.14 3152
 593 4241 3151 4 5 1400001.10 1400001.14 3152
 593 4257 3151 4 6 1400001.10 1400001.14 3152
 593 4273 3151 4 6 1400001.10 1400001.14 3152
 593 4289 3151 4 6 1400001.10 1400001.14 3152
 593 4513 3151 4 1 1400001.10 1400001.14 3152
 593 4529 3151 4 2 1400001.10 1400001.14 3152
 593 4545 3151 4 2 1400001.10 1400001.14 3152
 593 3889 3151 93 5 1.10 6.14 3152
 593 3905 3151 93 5 1.10 6.14 3152
 593 3921 3151 93 5 1.10 6.14 3152
 593 3937 3151 93 5 1.10 6.14 3152
 593 3953 3151 93 5 1.10 6.14 3152
 593 3969 3151 93 5 1.10 6.14 3152
 593 3985 3151 93 5 1.10 6.14 3152
 593 4001 3151 93 5 1.10 6.14 3152
 593 4017 3151 93 5 1.10 6.14 3152
 593 4033 3151 93 5 1.10 6.14 3152
 593 4049 3151 93 5 1.10 6.14 3152
 593 4065 3151 93 5 1.10 6.14 3152
 593 3857 3151 93 5 1.10 6.14 3152
 593 3873 3151 93 5 1.10 6.14 3152
 593 4081 3195 93 48 1.10 6.14 3196
 593 4177 3151 93 8 1.10 6.14 3152
 593 4289 3151 93 1 1.10 6.14 3152
 593 4305 3151 93 5 1.10 6.14 3152
 593 4321 3151 93 5 1.10 6.14 3152
 593 4417 3151 93 7 1.10 6.14 3152
 593 4401 3151 93 5 1.10 6.14 3152
 593 4385 3151 93 5 1.10 6.14 3152
 593 4369 3151 93 5 1.10 6.14 3152
 593 4353 3151 93 5 1.10 6.14 3152
 593 4337 3151 93 5 1.10 6.14 3152
 593 4305 3151 96 1 -13.90 -13.86 3152
 593 4321 3151 96 1 -13.90 -13.86 3152
 593 4401 3151 96 1 -13.90 -13.86 3152
 593 4385 3151 96 1 -13.90 -13.86 3152
 593 4369 3151 96 1 -13.90 -13.86 3152
 593 4353 3151 96 1 -13.90 -13.86 3152
 593 4337 3151 96 1 -13.90 -13.86 3152
 593 4561 3151 4 2 1400001.10 1400001.14 3152
 593 4609 3151 93 7 1.10 6.14 3152
 593 4593 3151 93 16 1.10 6.14 3152
 593 4577 3151 93 2 1.10 6.14 3152
 609 4241 3151 4 5 1400001.10 1400001.14 3152
 609 4257 3151 4 6 1400001.10 1400001.14 3152
 609 4273 3151 4 6 1400001.10 1400001.14 3152
 609 4289 3151 4 2 1400001.10 1400001.14 3152
 609 4513 3151 4 1 1400001.10 1400001.14 3152
 609 4529 3151 4 2 1400001.10 1400001.14 3152
 609 4545 3151 4 2 1400001.10 1400001.14 3152
 609 3905 3151 93 5 1.10 6.14 3152
 609 3889 3151 93 5 1.10 6.14 3152
 609 3921 3151 93 5 1.10 6.14 3152
 609 3937 3151 93 5 1.10 6.14 3152
 609 3953 3151 93 5 1.10 6.14 3152
 609 3969 3151 93 5 1.10 6.14 3152
 609 3985 3151 93 5 1.10 6.14 3152
 609 4001 3151 93 5 1.10 6.14 3152
 609 4017 3151 93 5 1.10 6.14 3152
 609 4033 3151 93 5 1.10 6.14 3152
 609 4049 3151 93 5 1.10 6.14 3152
 609 4065 3151 93 5 1.10 6.14 3152
 609 3857 3151 93 5 1.10 6.14 3152
 609 3873 3151 93 5 1.10 6.14 3152
 609 4177 3151 93 8 1.10 6.14 3152
 609 4289 3151 93 2 1.10 6.14 3152
 609 4305 3151 93 5 1.10 6.14 3152
 609 4321 3151 93 5 1.10 6.14 3152
 609 4417 3151 93 16 1.10 6.14 3152
 609 4433 3151 93 7 1.10 6.14 3152
 609 4337 3151 93 5 1.10 6.14 3152
 609 4353 3693 93 47 1.10 6.14 3694
 609 4561 3151 4 2 1400001.10 1400001.14 3152
 609 4609 3151 93 8 1.10 6.14 3152
 609 4593 3151 93 5 1.10 6.14 3152
 609 4577 3151 93 17 1.10 6.14 3152
 609 4561 3151 93 1 1.10 6.14 3152
 609 4593 3151 96 1 -13.90 -13.86 3152
 609 4577 3151 96 1 -13.90 -13.86 3152
 625 4241 3151 4 5 1400001.10 1400001.14 3152
 625 4257 3151 4 6 1400001.10 1400001.14 3152
 625 4273 3151 4 6 1400001.10 1400001.14 3152
 625 4289 3151 4 2 1400001.10 1400001.14 3152
 625 4513 3151 4 1 1400001.10 1400001.14 3152
 625 4529 3151 4 2 1400001.10 1400001.14 3152
 625 4545 3151 4 2 1400001.10 1400001.14 3152
 625 3857 3151 93 5 1.10 6.14 3152
 625 3873 3151 93 5 1.10 6.14 3152
 625 3889 3195 93 48 1.10 6.14 3196
 625 3985 3195 93 48 1.10 6.14 3196
 625 4177 3151 93 8 1.10 6.14 3152
 625 4289 3151 93 2 1.10 6.14 3152
 625 4305 3151 93 5 1.10 6.14 3152
 625 4321 3151 93 5 1.10 6.14 3152
 625 4337 3151 93 5 1.10 6.14 3152
 625 4417 3151 93 5 1.10 6.14 3152
 625 4433 3151 93 8 1.10 6.14 3152
 625 4657 3151 4 4 1400001.10 1400001.14 3152
 625 4641 3151 4 4 1400001.10 1400001.14 3152
 625 4625 3151 4 4 1400001.10 1400001.14 3152
 625 4609 3151 4 4 1400001.10 1400001.14 3152
 625 4593 3151 4 4 1400001.10 1400001.14 3152
 625 4577 3151 4 4 1400001.10 1400001.14 3152
 625 4561 3151 4 3 1400001.10 1400001.14 3152
 625 4753 3151 4 4 1400001.10 1400001.14 3152
 625 4737 3151 4 4 1400001.10 1400001.14 3152
 625 4721 3151 4 4 1400001.10 1400001.14 3152
 625 4705 3151 4 4 1400001.10 1400001.14 3152
 625 4689 3151 4 4 1400001.10 1400001.14 3152
 625 4673 3151 4 4 1400001.10 1400001.14 3152
 641 4241 3151 4 5 1400001.10 1400001.14 3152
 641 4513 3151 4 1 1400001.10 1400001.14 3152
 641 3873 3151 93 5 1.10 6.14 3152
 641 3857 3151 93 5 1.10 6.14 3152
 641 4177 3151 93 8 1.10 6.14 3152
 641 4241 3151 93 1 1.10 6.14 3152
 641 4257 3151 93 4 1.10 6.14 3152
 641 4273 3151 93 4 1.10 6.14 3152
 641 4289 3151 93 17 1.10 6.14 3152
 641 4305 3151 93 5 1.10 6.14 3152
 641 4321 3151 93 5 1.10 6.14 3152
 641 4337 3151 93 5 1.10 6.14 3152
 641 4417 3151 93 5 1.10 6.14 3152
 641 4433 3151 93 8 1.10 6.14 3152
 641 4529 3151 93 4 1.10 6.14 3152
 641 4545 3151 93 4 1.10 6.14 3152
 641 4497 3151 77 88 1.10 1.14 3152
 641 4481 3151 67 21 1.10 1.14 3152
 641 4513 3151 77 91 1.10 1.14 3152
 641 4609 3151 93 8 1.10 6.14 3152
 641 4593 3151 93 5 1.10 6.14 3152
 641 4577 3151 93 5 1.10 6.14 3152
 641 4561 3151 93 17 1.10 6.14 3152
 641 4593 3151 96 1 -13.90 -13.86 3152
 641 4577 3151 96 1 -13.90 -13.86 3152
 641 4561 3151 96 1 -13.90 -13.86 3152
 657 3873 3151 93 5 1.10 6.14 3152
 657 3857 3151 93 5 1.10 6.14 3152
 657 4177 3151 93 8 1.10 6.14 3152
 657 4241 3151 93 2 1.10 6.14 3152
 657 4257 3151 93 5 1.10 6.14 3152
 657 4273 3151 93 5 1.10 6.14 3152
 657 4289 3151 93 5 1.10 6.14 3152
 657 4305 3151 93 5 1.10 6.14 3152
 657 4321 3151 93 5 1.10 6.14 3152
 657 4337 3151 93 5 1.10 6.14 3152
 657 4417 3151 93 15 1.10 6.14 3152
 657 4433 3151 93 9 1.10 6.14 3152
 657 4529 3151 93 5 1.10 6.14 3152
 657 4209 3192 71 12 1.10 1.14 3193 5 1
 657 4497 3151 77 89 1.10 1.14 3152
 657 4513 3151 77 92 1.10 1.14 3152
 657 4545 3151 77 92 1.10 1.14 3152
 657 4609 3151 93 8 1.10 6.14 3152
 657 4593 3151 93 5 1.10 6.14 3152
 657 4577 3151 93 5 1.10 6.14 3152
 657 4561 3151 93 5 1.10 6.14 3152
 673 3873 3151 93 5 1.10 6.14 3152
 673 3857 3151 93 5 1.10 6.14 3152
 673 4177 3151 93 8 1.10 6.14 3152
 673 4241 3151 93 2 1.10 6.14 3152
 673 4257 3151 93 5 1.10 6.14 3152
 673 4273 3151 93 5 1.10 6.14 3152
 673 4289 3151 93 5 1.10 6.14 3152
 673 4305 3151 93 5 1.10 6.14 3152
 673 4321 3151 93 5 1.10 6.14 3152
 673 4401 3151 93 15 1.10 6.14 3152
 673 4417 3151 93 9 1.10 6.14 3152
 673 4337 3693 93 47 1.10 6.14 3694
 673 4545 3151 93 5 1.10 6.14 3152
 673 4497 3151 77 89 1.10 1.14 3152
 673 4481 3151 67 18 1.10 1.14 3152
 673 4513 3151 77 92 1.10 1.14 3152
 673 4529 3151 77 92 1.10 1.14 3152
 673 4609 3151 93 8 1.10 6.14 3152
 673 4593 3151 93 5 1.10 6.14 3152
 673 4577 3151 93 5 1.10 6.14 3152
 673 4561 3151 77 92 1.10 1.14 3152
 689 3873 3151 93 5 1.10 6.14 3152
 689 3857 3151 93 5 1.10 6.14 3152
 689 4177 3151 93 16 1.10 6.14 3152
 689 4193 3151 93 4 1.10 6.14 3152
 689 4209 3151 93 4 1.10 6.14 3152
 689 4225 3151 93 4 1.10 6.14 3152
 689 4241 3151 93 17 1.10 6.14 3152
 689 4257 3151 93 5 1.10 6.14 3152
 689 4273 3151 93 5 1.10 6.14 3152
 689 4289 3151 93 5 1.10 6.14 3152
 689 4305 3151 93 5 1.10 6.14 3152
 689 4321 3151 93 5 1.10 6.14 3152
 689 4401 3151 93 8 1.10 6.14 3152
 689 4081 3195 93 48 1.10 6.14 3196
 689 4545 3151 93 5 1.10 6.14 3152
 689 4497 3151 77 89 1.10 1.14 3152
 689 4513 3151 77 92 1.10 1.14 3152
 689 4529 3151 77 92 1.10 1.14 3152
 689 4753 3151 92 37 1.10 6.14 3152
 689 4737 3151 92 37 1.10 6.14 3152
 689 4721 3151 92 37 1.10 6.14 3152
 689 4705 3151 92 34 1.10 6.14 3152
 689 4609 3151 93 8 1.10 6.14 3152
 689 4593 3151 93 5 1.10 6.14 3152
 689 4577 3151 93 5 1.10 6.14 3152
 689 4561 3151 93 5 1.10 6.14 3152
 705 3873 3151 93 5 1.10 6.14 3152
 705 3857 3151 93 5 1.10 6.14 3152
 705 4177 3151 93 5 1.10 6.14 3152
 705 4193 3151 93 5 1.10 6.14 3152
 705 4305 3151 93 5 1.10 6.14 3152
 705 4321 3151 93 5 1.10 6.14 3152
 705 4401 3151 93 8 1.10 6.14 3152
 705 4529 3151 93 5 1.10 6.14 3152
 705 4545 3151 93 5 1.10 6.14 3152
 705 4209 3195 93 48 1.10 6.14 3196
 705 4497 3151 77 89 1.10 1.14 3152
 705 4513 3151 77 92 1.10 1.14 3152
 705 4753 3151 92 38 1.10 6.14 3152
 705 4737 3151 92 38 1.10 6.14 3152
 705 4721 3151 92 38 1.10 6.14 3152
 705 4705 3151 92 35 1.10 6.14 3152
 705 4609 3151 93 9 1.10 6.14 3152
 705 4593 3151 93 15 1.10 6.14 3152
 705 4577 3151 93 5 1.10 6.14 3152
 705 4561 3151 77 92 1.10 1.14 3152
 721 3905 3151 93 6 1.10 6.14 3152
 721 3921 3151 93 6 1.10 6.14 3152
 721 3889 3151 93 6 1.10 6.14 3152
 721 3937 3151 93 6 1.10 6.14 3152
 721 3953 3151 93 6 1.10 6.14 3152
 721 3969 3151 93 6 1.10 6.14 3152
 721 3985 3151 93 6 1.10 6.14 3152
 721 4001 3151 93 6 1.10 6.14 3152
 721 4017 3151 93 6 1.10 6.14 3152
 721 4033 3151 93 6 1.10 6.14 3152
 721 4049 3151 93 6 1.10 6.14 3152
 721 4065 3151 93 18 1.10 6.14 3152
 721 3873 3151 93 6 1.10 6.14 3152
 721 3857 3151 93 6 1.10 6.14 3152
 721 4177 3151 93 5 1.10 6.14 3152
 721 4193 3151 93 5 1.10 6.14 3152
 721 4305 3151 93 5 1.10 6.14 3152
 721 4321 3151 93 5 1.10 6.14 3152
 721 4401 3151 93 8 1.10 6.14 3152
 721 4529 3151 93 5 1.10 6.14 3152
 721 4545 3151 93 5 1.10 6.14 3152
 721 4497 3151 77 99 1.10 1.14 3152
 721 4481 3151 77 88 1.10 1.14 3152
 721 4513 3151 77 92 1.10 1.14 3152
 721 4753 3151 92 38 1.10 6.14 3152
 721 4737 3151 92 38 1.10 6.14 3152
 721 4721 3151 92 38 1.10 6.14 3152
 721 4705 3151 92 35 1.10 6.14 3152
 721 4593 3151 93 8 1.10 6.14 3152
 721 4577 3151 93 5 1.10 6.14 3152
 721 4561 3151 93 5 1.10 6.14 3152
 737 4065 3151 93 2 1.10 6.14 3152
 737 4177 3151 93 5 1.10 6.14 3152
 737 4193 3151 93 5 1.10 6.14 3152
 737 4305 3151 93 5 1.10 6.14 3152
 737 4321 3151 93 5 1.10 6.14 3152
 737 4337 3151 93 5 1.10 6.14 3152
 737 4353 3151 93 5 1.10 6.14 3152
 737 4369 3151 93 5 1.10 6.14 3152
 737 4385 3151 93 5 1.10 6.14 3152
 737 4401 3151 93 8 1.10 6.14 3152
 737 4529 3151 93 5 1.10 6.14 3152
 737 4545 3151 93 5 1.10 6.14 3152
 737 4033 3192 71 36 1.10 1.14 3193 1
 737 4497 3151 77 92 1.10 1.14 3152
 737 4481 3151 77 89 1.10 1.14 3152
 737 4465 3151 67 18 1.10 1.14 3152
 737 4513 3151 77 92 1.10 1.14 3152
 737 4753 3151 92 38 1.10 6.14 3152
 737 4737 3151 92 38 1.10 6.14 3152
 737 4721 3151 92 38 1.10 6.14 3152
 737 4705 3151 92 35 1.10 6.14 3152
 737 4689 3151 92 55 1.10 6.14 3152
 737 4593 3151 93 8 1.10 6.14 3152
 737 4577 3151 93 5 1.10 6.14 3152
 737 4561 3151 93 5 1.10 6.14 3152
 737 4641 3151 71 40 1.10 1.14 3152
 753 4065 3151 93 2 1.10 6.14 3152
 753 4177 3151 93 5 1.10 6.14 3152
 753 4193 3151 93 5 1.10 6.14 3152
 753 4305 3151 93 5 1.10 6.14 3152
 753 4321 3151 93 5 1.10 6.14 3152
 753 4337 3151 93 5 1.10 6.14 3152
 753 4353 3151 93 5 1.10 6.14 3152
 753 4369 3151 93 5 1.10 6.14 3152
 753 4385 3151 93 5 1.10 6.14 3152
 753 4401 3151 93 8 1.10 6.14 3152
 753 4529 3151 93 5 1.10 6.14 3152
 753 4545 3151 93 5 1.10 6.14 3152
 753 4497 3151 77 92 1.10 1.14 3152
 753 4481 3151 77 89 1.10 1.14 3152
 753 4513 3151 77 92 1.10 1.14 3152
 753 4753 3151 92 38 1.10 6.14 3152
 753 4737 3151 92 38 1.10 6.14 3152
 753 4721 3151 92 38 1.10 6.14 3152
 753 4705 3151 92 35 1.10 6.14 3152
 753 4689 3151 92 66 1.10 6.14 3152
 753 4593 3151 93 8 1.10 6.14 3152
 753 4577 3151 93 5 1.10 6.14 3152
 753 4561 3151 93 5 1.10 6.14 3152
 769 4065 3151 93 2 1.10 6.14 3152
 769 4177 3151 93 5 1.10 6.14 3152
 769 4193 3151 93 5 1.10 6.14 3152
 769 4369 3151 93 5 1.10 6.14 3152
 769 4385 3151 93 5 1.10 6.14 3152
 769 4401 3151 93 8 1.10 6.14 3152
 769 4513 3151 93 5 1.10 6.14 3152
 769 4529 3151 93 5 1.10 6.14 3152
 769 4545 3151 93 5 1.10 6.14 3152
 769 4305 3693 93 47 1.10 6.14 3694
 769 4497 3151 77 92 1.10 1.14 3152
 769 4481 3151 77 89 1.10 1.14 3152
 769 4465 3151 67 21 1.10 1.14 3152
 769 4753 3151 92 38 1.10 6.14 3152
 769 4737 3151 92 38 1.10 6.14 3152
 769 4721 3151 92 38 1.10 6.14 3152
 769 4705 3151 92 35 1.10 6.14 3152
 769 4593 3151 93 8 1.10 6.14 3152
 769 4577 3151 93 5 1.10 6.14 3152
 769 4561 3151 93 5 1.10 6.14 3152
 785 4065 3151 93 2 1.10 6.14 3152
 785 4081 3151 93 5 1.10 6.14 3152
 785 4097 3151 93 5 1.10 6.14 3152
 785 4113 3151 93 5 1.10 6.14 3152
 785 4129 3151 93 5 1.10 6.14 3152
 785 4145 3151 93 5 1.10 6.14 3152
 785 4161 3151 93 5 1.10 6.14 3152
 785 4177 3151 93 5 1.10 6.14 3152
 785 4193 3151 93 5 1.10 6.14 3152
 785 4369 3151 93 5 1.10 6.14 3152
 785 4385 3151 93 15 1.10 6.14 3152
 785 4401 3151 93 9 1.10 6.14 3152
 785 4529 3151 93 5 1.10 6.14 3152
 785 4545 3151 93 5 1.10 6.14 3152
 785 4497 3151 77 92 1.10 1.14 3152
 785 4481 3151 77 89 1.10 1.14 3152
 785 4513 3151 77 92 1.10 1.14 3152
 785 4753 3151 92 38 1.10 6.14 3152
 785 4737 3151 92 38 1.10 6.14 3152
 785 4721 3151 92 38 1.10 6.14 3152
 785 4705 3151 92 35 1.10 6.14 3152
 785 4593 3151 93 8 1.10 6.14 3152
 785 4577 3151 93 5 1.10 6.14 3152
 785 4561 3151 93 5 1.10 6.14 3152
 785 4657 3151 60 1 1.10 1.14 3152
 785 4689 3151 53 1 1.10 -5.86 3152
 801 4065 3151 93 2 1.10 6.14 3152
 801 4081 3151 93 5 1.10 6.14 3152
 801 4289 3151 93 5 1.10 6.14 3152
 801 4385 3151 93 8 1.10 6.14 3152
 801 4369 3151 93 5 1.10 6.14 3152
 801 4529 3151 93 5 1.10 6.14 3152
 801 4545 3151 93 5 1.10 6.14 3152
 801 4097 3195 93 48 1.10 6.14 3196
 801 4193 3195 93 48 1.10 6.14 3196
 801 4497 3151 77 100 1.10 1.14 3152
 801 4481 3151 77 90 1.10 1.14 3152
 801 4513 3151 77 92 1.10 1.14 3152
 801 4753 3151 92 38 1.10 6.14 3152
 801 4737 3151 92 38 1.10 6.14 3152
 801 4721 3151 92 38 1.10 6.14 3152
 801 4705 3151 92 35 1.10 6.14 3152
 801 4593 3151 93 8 1.10 6.14 3152
 801 4577 3151 93 5 1.10 6.14 3152
 801 4561 3151 93 5 1.10 6.14 3152
 801 4657 3151 59 1 1.10 1.14 3152
 817 4065 3151 93 2 1.10 6.14 3152
 817 4081 3151 93 5 1.10 6.14 3152
 817 4289 3151 93 5 1.10 6.14 3152
 817 4385 3151 93 8 1.10 6.14 3152
 817 4369 3151 93 5 1.10 6.14 3152
 817 4545 3151 93 5 1.10 6.14 3152
 817 4497 3151 77 89 1.10 1.14 3152
 817 4481 3151 67 21 1.10 1.14 3152
 817 4433 3192 67 26 1.10 1.14 3193
 817 4513 3151 77 92 1.10 1.14 3152
 817 4529 3151 77 92 1.10 1.14 3152
 817 4753 3151 92 38 1.10 6.14 3152
 817 4737 3151 92 38 1.10 6.14 3152
 817 4721 3151 92 38 1.10 6.14 3152
 817 4705 3151 92 35 1.10 6.14 3152
 817 4593 3151 93 9 1.10 6.14 3152
 817 4577 3151 93 15 1.10 6.14 3152
 817 4561 3151 93 5 1.10 6.14 3152
 817 4657 3151 60 1 1.10 1.14 3152
 817 4689 3151 53 1 1.10 -5.86 3152
 833 4065 3151 93 2 1.10 6.14 3152
 833 4081 3151 93 5 1.10 6.14 3152
 833 4289 3151 93 5 1.10 6.14 3152
 833 4305 3151 93 5 1.10 6.14 3152
 833 4321 3151 93 5 1.10 6.14 3152
 833 4337 3151 93 5 1.10 6.14 3152
 833 4385 3151 93 8 1.10 6.14 3152
 833 4369 3151 93 5 1.10 6.14 3152
 833 4353 3151 93 5 1.10 6.14 3152
 833 4545 3151 93 5 1.10 6.14 3152
 833 4497 3151 77 99 1.10 1.14 3152
 833 4481 3151 77 88 1.10 1.14 3152
 833 4513 3151 77 92 1.10 1.14 3152
 833 4529 3151 77 92 1.10 1.14 3152
 833 4753 3151 92 39 1.10 6.14 3152
 833 4737 3151 92 39 1.10 6.14 3152
 833 4721 3151 92 39 1.10 6.14 3152
 833 4705 3151 92 36 1.10 6.14 3152
 833 4577 3151 93 40 1.10 6.14 3152
 833 4561 3151 93 15 1.10 6.14 3152
 849 4065 3151 93 2 1.10 6.14 3152
 849 4081 3151 93 5 1.10 6.14 3152
 849 4289 3151 93 5 1.10 6.14 3152
 849 4305 3151 93 5 1.10 6.14 3152
 849 4321 3151 93 5 1.10 6.14 3152
 849 4337 3151 93 5 1.10 6.14 3152
 849 4385 3151 93 8 1.10 6.14 3152
 849 4369 3151 93 5 1.10 6.14 3152
 849 4353 3151 93 5 1.10 6.14 3152
 849 4529 3151 93 5 1.10 6.14 3152
 849 4545 3151 93 15 1.10 6.14 3152
 849 4497 3151 77 92 1.10 1.14 3152
 849 4481 3151 77 89 1.10 1.14 3152
 849 4465 3151 67 21 1.10 1.14 3152
 849 4513 3151 77 92 1.10 1.14 3152
 849 4033 3694 70 1 1.10 -4.86 3695
 849 4049 3694 70 2 1.10 -4.86 3695 6 2
 849 4561 3151 93 9 1.10 6.14 3152
 865 4065 3151 93 2 1.10 6.14 3152
 865 4081 3151 93 5 1.10 6.14 3152
 865 4289 3151 93 5 1.10 6.14 3152
 865 4305 3151 93 5 1.10 6.14 3152
 865 4321 3151 93 5 1.10 6.14 3152
 865 4465 3151 93 4 1.10 6.14 3152
 865 4449 3151 93 4 1.10 6.14 3152
 865 4337 3151 93 5 1.10 6.14 3152
 865 4385 3151 93 16 1.10 6.14 3152
 865 4369 3151 93 5 1.10 6.14 3152
 865 4353 3151 93 5 1.10 6.14 3152
 865 4433 3151 93 4 1.10 6.14 3152
 865 4417 3151 93 4 1.10 6.14 3152
 865 4401 3151 93 4 1.10 6.14 3152
 865 4513 3151 93 17 1.10 6.14 3152
 865 4545 3151 93 40 1.10 6.14 3152
 865 4529 3151 93 15 1.10 6.14 3152
 865 4497 3151 77 92 1.10 1.14 3152
 865 4481 3151 77 99 1.10 1.14 3152
 881 4065 3151 93 2 1.10 6.14 3152
 881 4081 3151 93 5 1.10 6.14 3152
 881 4289 3151 93 15 1.10 6.14 3152
 881 4305 3151 93 6 1.10 6.14 3152
 881 4321 3151 93 6 1.10 6.14 3152
 881 4497 3151 93 6 1.10 6.14 3152
 881 4481 3151 93 6 1.10 6.14 3152
 881 4465 3151 93 6 1.10 6.14 3152
 881 4449 3151 93 6 1.10 6.14 3152
 881 4433 3151 93 6 1.10 6.14 3152
 881 4417 3151 93 6 1.10 6.14 3152
 881 4401 3151 93 6 1.10 6.14 3152
 881 4385 3151 93 6 1.10 6.14 3152
 881 4369 3151 93 6 1.10 6.14 3152
 881 4337 3151 93 6 1.10 6.14 3152
 881 4353 3151 93 6 1.10 6.14 3152
 881 4513 3151 93 6 1.10 6.14 3152
 881 4529 3151 93 40 1.10 6.14 3152
 881 4705 3151 62 7 1.10 1.14 3152
 897 4065 3151 93 3 1.10 6.14 3152
 897 4081 3151 93 6 1.10 6.14 3152
 897 4097 3151 93 6 1.10 6.14 3152
 897 4113 3151 93 6 1.10 6.14 3152
 897 4129 3151 93 6 1.10 6.14 3152
 897 4145 3151 93 6 1.10 6.14 3152
 897 4161 3151 93 6 1.10 6.14 3152
 897 4177 3151 93 6 1.10 6.14 3152
 897 4193 3151 93 6 1.10 6.14 3152
 897 4209 3151 93 6 1.10 6.14 3152
 897 4225 3151 93 6 1.10 6.14 3152
 897 4241 3151 93 6 1.10 6.14 3152
 897 4257 3151 93 6 1.10 6.14 3152
 897 4273 3151 93 6 1.10 6.14 3152
 897 4289 3151 93 9 1.10 6.14 3152
 961 4705 3151 62 7 1.10 1.14 3152
 1025 4577 3151 61 1 1.10 1.14 3152
 1041 4705 3151 62 8 1.10 1.14 3152
 1041 4561 3151 80 3 -8.90 -8.86 3152
 1041 4641 3151 80 2 -8.90 -8.86 3152
 1057 4625 3151 62 8 1.10 1.14 3152
 1073 4545 3151 62 8 1.10 1.14 3152
 1089 4497 3677 62 4 1.10 1.14 3678
 1089 4481 3151 58 1 1.10 -4.86 3152
 1105 4449 3192 51 1 1.10 1.14 3193 2
 1105 4481 3151 58 1 1.10 -4.86 3152
 1121 4449 3192 52 1 1.10 1.14 3193
 1121 4481 3151 58 1 1.10 -4.86 3152
 1121 4753 3151 80 2 -8.90 -8.86 3152
 1121 4641 3151 80 3 -8.90 -8.86 3152
 1137 4481 3151 58 1 1.10 -4.86 3152
 1217 4705 3151 60 1 1.10 1.14 3152
 1217 4497 3151 80 3 -8.90 -8.86 3152
 1217 4561 3151 80 4 -8.90 -8.86 3152
 1233 4705 3151 60 1 1.10 1.14 3152
 1249 4705 3151 60 1 1.10 1.14 3152
 1249 4657 3151 59 1 1.10 1.14 3152
 1249 4705 3151 67 1 0.10 0.14 3152
 1249 4657 3151 67 2 0.10 0.14 3152
 1265 4705 3151 59 1 1.10 1.14 3152
 1265 4705 3151 67 4 0.10 0.14 3152
 1377 4513 3151 80 2 -8.90 -8.86 3152
 1377 4561 3151 80 1 -8.90 -8.86 3152
 1377 4609 3151 80 2 -8.90 -8.86 3152
 1377 4657 3151 80 1 -8.90 -8.86 3152
 1377 4705 3151 80 2 -8.90 -8.86 3152
 1377 4753 3151 80 1 -8.90 -8.86 3152
 1441 4513 3151 80 1 -8.90 -8.86 3152
 1441 4561 3151 80 4 -8.90 -8.86 3152
 1441 4609 3151 80 1 -8.90 -8.86 3152
 1441 4465 3151 80 2 -8.90 -8.86 3152
 1441 4657 3151 80 4 -8.90 -8.86 3152
 1441 4705 3151 80 1 -8.90 -8.86 3152
 1473 4417 3151 59 1 1.10 1.14 3152
 1569 4513 3196 91 13 1.10 1.14 3197
 1569 4481 3196 55 24 1.10 -5.86 3197
 1633 4513 3196 91 13 1.10 1.14 3197
 1633 4481 3196 55 24 1.10 -5.86 3197
 1697 4513 3196 91 13 1.10 1.14 3197
 1697 4481 3196 55 24 1.10 -5.86 3197
 1729 4641 3151 61 1 1.10 1.14 3152
 1745 4641 3151 61 1 1.10 1.14 3152
 1761 4529 3151 58 1 1.10 -4.86 3152
 1761 4625 3151 58 1 1.10 -4.86 3152
 1777 4577 3151 58 1 1.10 -4.86 3152
 1777 4625 3151 58 1 1.10 -4.86 3152
 1793 4577 3151 58 1 1.10 -4.86 3152
 1793 4625 3151 58 1 1.10 -4.86 3152
 1809 4529 3151 58 1 1.10 -4.86 3152
 1809 4577 3151 58 1 1.10 -4.86 3152
 1809 4625 3151 58 1 1.10 -4.86 3152
 1825 4529 3151 58 1 1.10 -4.86 3152
 1825 4577 3151 58 1 1.10 -4.86 3152
 1825 4625 3151 58 1 1.10 -4.86 3152
 1825 4673 3151 80 2 -8.90 -8.86 3152
 1825 4465 3151 80 3 -8.90 -8.86 3152
 1841 4513 3151 58 1 1.10 -4.86 3152
 1841 4529 3151 58 1 1.10 -4.86 3152
 1841 4545 3151 58 1 1.10 -4.86 3152
 1841 4561 3151 58 1 1.10 -4.86 3152
 1841 4577 3151 58 1 1.10 -4.86 3152
 1841 4625 3151 58 1 1.10 -4.86 3152
 1841 4641 3151 58 1 1.10 -4.86 3152
 1841 4497 3151 58 1 1.10 -4.86 3152
 1841 4481 3151 58 1 1.10 -4.86 3152
 1841 4449 3151 58 1 1.10 -4.86 3152
 1841 4433 3151 58 1 1.10 -4.86 3152
 1841 4417 3151 58 1 1.10 -4.86 3152
 1841 4401 3151 58 1 1.10 -4.86 3152
 1873 4145 3694 69 2 1.10 -4.86 3695
 1873 4161 3694 69 2 1.10 -4.86 3695
 1873 4177 3694 69 2 1.10 -4.86 3695
 1873 4193 3694 69 2 1.10 -4.86 3695
 1873 4209 3694 69 2 1.10 -4.86 3695
 1873 4225 3694 69 2 1.10 -4.86 3695
 1873 4241 3694 69 2 1.10 -4.86 3695
 1873 4257 3694 69 2 1.10 -4.86 3695
 1873 4273 3694 69 2 1.10 -4.86 3695
 1873 4289 3694 69 2 1.10 -4.86 3695
 1873 4305 3694 69 2 1.10 -4.86 3695
 1873 4321 3694 69 2 1.10 -4.86 3695
 1873 4401 3694 70 1 1.10 -4.86 3695
 1873 4385 3694 70 2 1.10 -4.86 3695 6 1
 1873 4369 3694 69 2 1.10 -4.86 3695
 1873 4353 3694 69 2 1.10 -4.86 3695
 1873 4337 3694 69 2 1.10 -4.86 3695
 1937 4673 3151 80 1 -8.90 -8.86 3152
 1937 4465 3151 80 4 -8.90 -8.86 3152
 2001 4497 3151 81 1 -999998.90 -18.86 3152
