 -10 268 691 0.42 1 1 1 1 1 2 2 301 0.42 1
hellomario E tileset.png
-1
-1
-1
-1
-1
-1
-1
-1
-1
-1
-1
-1
-1
-1
-1
-1
-1
-1
-1
-1
-1
y0
VoiD
 1 4417 3151 4 2 1400001.10 1400001.14 3152
 1 4369 3151 4 1 1400001.10 1400001.14 3152
 1 4385 3151 4 2 1400001.10 1400001.14 3152
 1 4401 3151 4 2 1400001.10 1400001.14 3152
 1 4337 3151 64 1 6.10 6.14 3152
 1 4353 3151 64 2 6.10 6.14 3152
 1 4145 3196 69 18 1.10 -4.86 3197
 1 4177 3694 69 2 1.10 -4.86 3695
 1 4417 3694 69 2 1.10 -4.86 3695
 1 4193 3694 69 2 1.10 -4.86 3695
 1 4209 3694 69 2 1.10 -4.86 3695
 1 4225 3694 69 2 1.10 -4.86 3695
 1 4241 3694 69 2 1.10 -4.86 3695
 1 4257 3694 69 2 1.10 -4.86 3695
 1 4273 3694 69 2 1.10 -4.86 3695
 1 4289 3694 69 2 1.10 -4.86 3695
 1 4305 3694 69 2 1.10 -4.86 3695
 1 4321 3694 69 2 1.10 -4.86 3695
 1 4337 3694 69 2 1.10 -4.86 3695
 1 4353 3694 69 2 1.10 -4.86 3695
 1 4369 3694 69 2 1.10 -4.86 3695
 1 4385 3694 69 2 1.10 -4.86 3695
 1 4401 3694 69 2 1.10 -4.86 3695
 1 4721 3151 95 1 1300001.10 1300001.14 3152 17 193
 1 4737 3151 95 1 1300001.10 1300001.14 3152 17 209
 1 4753 3151 95 1 1300001.10 1300001.14 3152 17 209
 1 4721 3694 69 2 1.10 -4.86 3695
 1 4705 3694 69 2 1.10 -4.86 3695
 1 4737 3694 69 2 1.10 -4.86 3695
 1 4753 3694 69 2 1.10 -4.86 3695
 1 4673 3196 69 18 1.10 -4.86 3197
 1 4433 3151 4 2 1400001.10 1400001.14 3152
 1 4433 3694 69 2 1.10 -4.86 3695
 17 4417 3151 4 2 1400001.10 1400001.14 3152
 17 4369 3151 4 1 1400001.10 1400001.14 3152
 17 4385 3151 4 2 1400001.10 1400001.14 3152
 17 4401 3151 4 2 1400001.10 1400001.14 3152
 17 4337 3151 64 1 6.10 6.14 3152
 17 4353 3151 64 2 6.10 6.14 3152
 17 4721 3151 95 1 1300001.10 1300001.14 3152 17 193
 17 4737 3151 95 1 1300001.10 1300001.14 3152 17 209
 17 4753 3151 95 1 1300001.10 1300001.14 3152 17 209
 17 4433 3151 4 2 1400001.10 1400001.14 3152
 33 4417 3151 4 2 1400001.10 1400001.14 3152
 33 4369 3151 4 1 1400001.10 1400001.14 3152
 33 4385 3151 4 2 1400001.10 1400001.14 3152
 33 4401 3151 4 2 1400001.10 1400001.14 3152
 33 4337 3151 64 1 6.10 6.14 3152
 33 4353 3151 64 2 6.10 6.14 3152
 33 4145 3192 70 19 1.10 -5.86 3193 1
 33 4721 3151 77 2 1.10 1.14 3152
 33 4737 3151 77 5 1.10 1.14 3152
 33 4753 3151 77 5 1.10 1.14 3152
 33 4673 3192 70 19 1.10 -5.86 3193 0
 33 4433 3151 4 2 1400001.10 1400001.14 3152
 49 4417 3151 4 2 1400001.10 1400001.14 3152
 49 4369 3151 4 1 1400001.10 1400001.14 3152
 49 4385 3151 4 2 1400001.10 1400001.14 3152
 49 4401 3151 4 2 1400001.10 1400001.14 3152
 49 4337 3151 64 1 6.10 6.14 3152
 49 4353 3151 64 2 6.10 6.14 3152
 49 4145 3192 70 3 1.10 -4.86 3193
 49 4721 3151 77 2 1.10 1.14 3152
 49 4737 3151 77 5 1.10 1.14 3152
 49 4753 3151 77 5 1.10 1.14 3152
 49 4673 3192 70 3 1.10 -4.86 3193
 49 4433 3151 4 2 1400001.10 1400001.14 3152
 65 4417 3151 4 2 1400001.10 1400001.14 3152
 65 4369 3151 4 1 1400001.10 1400001.14 3152
 65 4385 3151 4 2 1400001.10 1400001.14 3152
 65 4401 3151 4 2 1400001.10 1400001.14 3152
 65 4337 3151 64 1 6.10 6.14 3152
 65 4353 3151 64 2 6.10 6.14 3152
 65 4721 3151 77 2 1.10 1.14 3152
 65 4737 3151 77 5 1.10 1.14 3152
 65 4753 3151 77 5 1.10 1.14 3152
 65 4433 3151 4 2 1400001.10 1400001.14 3152
 81 4417 3151 4 2 1400001.10 1400001.14 3152
 81 4369 3151 4 1 1400001.10 1400001.14 3152
 81 4385 3151 4 2 1400001.10 1400001.14 3152
 81 4401 3151 4 2 1400001.10 1400001.14 3152
 81 4337 3151 64 1 6.10 6.14 3152
 81 4353 3151 64 2 6.10 6.14 3152
 81 4721 3151 77 2 1.10 1.14 3152
 81 4737 3151 77 5 1.10 1.14 3152
 81 4753 3151 77 5 1.10 1.14 3152
 81 4433 3151 4 2 1400001.10 1400001.14 3152
 97 4417 3151 4 2 1400001.10 1400001.14 3152
 97 4369 3151 4 1 1400001.10 1400001.14 3152
 97 4385 3151 4 2 1400001.10 1400001.14 3152
 97 4401 3151 4 2 1400001.10 1400001.14 3152
 97 4353 3151 64 2 6.10 6.14 3152
 97 4337 3151 64 1 6.10 6.14 3152
 97 4721 3151 77 2 1.10 1.14 3152
 97 4737 3151 77 5 1.10 1.14 3152
 97 4753 3151 77 5 1.10 1.14 3152
 97 4433 3151 4 2 1400001.10 1400001.14 3152
 113 4417 3151 4 2 1400001.10 1400001.14 3152
 113 4369 3151 4 1 1400001.10 1400001.14 3152
 113 4385 3151 4 2 1400001.10 1400001.14 3152
 113 4401 3151 4 2 1400001.10 1400001.14 3152
 113 4353 3151 64 2 6.10 6.14 3152
 113 4337 3151 64 1 6.10 6.14 3152
 113 4721 3151 78 3 1100001.10 1100001.14 3152
 113 4705 3151 78 3 1100001.10 1100001.14 3152
 113 4689 3151 78 3 1100001.10 1100001.14 3152
 113 4673 3151 78 3 1100001.10 1100001.14 3152
 113 4721 3151 77 2 1.10 1.14 3152
 113 4737 3151 77 5 1.10 1.14 3152
 113 4753 3151 77 5 1.10 1.14 3152
 113 4705 3151 96 23 -13.90 -13.86 3152
 113 4689 3151 96 23 -13.90 -13.86 3152
 113 4673 3151 96 23 -13.90 -13.86 3152
 113 4657 3151 78 3 1100001.10 1100001.14 3152
 113 4657 3151 96 23 -13.90 -13.86 3152
 113 4641 3151 78 3 1100001.10 1100001.14 3152
 113 4641 3151 96 23 -13.90 -13.86 3152
 113 4625 3151 78 3 1100001.10 1100001.14 3152
 113 4625 3151 96 23 -13.90 -13.86 3152
 113 4609 3151 78 1 1100001.10 1100001.14 3152
 113 4433 3151 4 2 1400001.10 1400001.14 3152
 129 4417 3151 4 2 1400001.10 1400001.14 3152
 129 4369 3151 4 1 1400001.10 1400001.14 3152
 129 4385 3151 4 2 1400001.10 1400001.14 3152
 129 4401 3151 4 2 1400001.10 1400001.14 3152
 129 4273 3151 78 11 1100001.10 1100001.14 3152
 129 4289 3151 78 11 1100001.10 1100001.14 3152
 129 4305 3151 78 11 1100001.10 1100001.14 3152
 129 4321 3151 78 11 1100001.10 1100001.14 3152
 129 4337 3151 78 11 1100001.10 1100001.14 3152
 129 4353 3151 78 11 1100001.10 1100001.14 3152
 129 4241 3151 78 9 1100001.10 1100001.14 3152
 129 4257 3151 78 11 1100001.10 1100001.14 3152
 129 4353 3151 64 2 6.10 6.14 3152
 129 4337 3151 64 1 6.10 6.14 3152
 129 4337 3151 96 23 -13.90 -13.86 3152
 129 4321 3151 96 23 -13.90 -13.86 3152
 129 4305 3151 96 23 -13.90 -13.86 3152
 129 4289 3151 96 23 -13.90 -13.86 3152
 129 4273 3151 96 23 -13.90 -13.86 3152
 129 4257 3151 96 23 -13.90 -13.86 3152
 129 4721 3151 78 4 1100001.10 1100001.14 3152
 129 4705 3151 78 4 1100001.10 1100001.14 3152
 129 4689 3151 78 4 1100001.10 1100001.14 3152
 129 4673 3151 78 4 1100001.10 1100001.14 3152
 129 4721 3151 77 2 1.10 1.14 3152
 129 4737 3151 77 5 1.10 1.14 3152
 129 4753 3151 77 5 1.10 1.14 3152
 129 4705 3151 96 23 -13.90 -13.86 3152
 129 4689 3151 96 23 -13.90 -13.86 3152
 129 4673 3151 96 23 -13.90 -13.86 3152
 129 4657 3151 78 4 1100001.10 1100001.14 3152
 129 4657 3151 96 23 -13.90 -13.86 3152
 129 4641 3151 78 4 1100001.10 1100001.14 3152
 129 4641 3151 96 23 -13.90 -13.86 3152
 129 4625 3151 78 4 1100001.10 1100001.14 3152
 129 4625 3151 96 23 -13.90 -13.86 3152
 129 4609 3151 78 2 1100001.10 1100001.14 3152
 129 4433 3151 4 2 1400001.10 1400001.14 3152
 145 4417 3151 4 2 1400001.10 1400001.14 3152
 145 4369 3151 4 1 1400001.10 1400001.14 3152
 145 4385 3151 4 2 1400001.10 1400001.14 3152
 145 4401 3151 4 2 1400001.10 1400001.14 3152
 145 4273 3151 78 12 1100001.10 1100001.14 3152
 145 4289 3151 78 12 1100001.10 1100001.14 3152
 145 4305 3151 78 12 1100001.10 1100001.14 3152
 145 4321 3151 78 12 1100001.10 1100001.14 3152
 145 4337 3151 78 12 1100001.10 1100001.14 3152
 145 4353 3151 78 12 1100001.10 1100001.14 3152
 145 4241 3151 78 10 1100001.10 1100001.14 3152
 145 4257 3151 78 12 1100001.10 1100001.14 3152
 145 4353 3151 64 2 6.10 6.14 3152
 145 4337 3151 64 1 6.10 6.14 3152
 145 4273 3151 96 23 -13.90 -13.86 3152
 145 4289 3151 96 23 -13.90 -13.86 3152
 145 4305 3151 96 23 -13.90 -13.86 3152
 145 4321 3151 96 23 -13.90 -13.86 3152
 145 4337 3151 96 23 -13.90 -13.86 3152
 145 4257 3151 96 23 -13.90 -13.86 3152
 145 4721 3151 77 2 1.10 1.14 3152
 145 4737 3151 77 5 1.10 1.14 3152
 145 4753 3151 77 5 1.10 1.14 3152
 145 4433 3151 4 2 1400001.10 1400001.14 3152
 161 4417 3151 4 2 1400001.10 1400001.14 3152
 161 4369 3151 4 1 1400001.10 1400001.14 3152
 161 4385 3151 4 2 1400001.10 1400001.14 3152
 161 4401 3151 4 2 1400001.10 1400001.14 3152
 161 4337 3151 64 1 6.10 6.14 3152
 161 4353 3151 64 2 6.10 6.14 3152
 161 4721 3151 77 2 1.10 1.14 3152
 161 4737 3151 77 5 1.10 1.14 3152
 161 4753 3151 77 5 1.10 1.14 3152
 161 4433 3151 4 2 1400001.10 1400001.14 3152
 177 4417 3151 4 2 1400001.10 1400001.14 3152
 177 4369 3151 4 1 1400001.10 1400001.14 3152
 177 4385 3151 4 2 1400001.10 1400001.14 3152
 177 4401 3151 4 2 1400001.10 1400001.14 3152
 177 4337 3151 64 1 6.10 6.14 3152
 177 4353 3151 64 2 6.10 6.14 3152
 177 4721 3151 77 2 1.10 1.14 3152
 177 4737 3151 77 5 1.10 1.14 3152
 177 4753 3151 77 5 1.10 1.14 3152
 177 4433 3151 4 2 1400001.10 1400001.14 3152
 193 4417 3151 4 2 1400001.10 1400001.14 3152
 193 4369 3151 4 1 1400001.10 1400001.14 3152
 193 4385 3151 4 2 1400001.10 1400001.14 3152
 193 4401 3151 4 2 1400001.10 1400001.14 3152
 193 4193 3645 68 3 1.10 11.14 3646
 193 4337 3151 64 1 6.10 6.14 3152
 193 4353 3151 64 2 6.10 6.14 3152
 193 4721 3151 77 2 1.10 1.14 3152
 193 4737 3151 77 5 1.10 1.14 3152
 193 4753 3151 77 5 1.10 1.14 3152
 193 4561 3645 68 1 1.10 11.14 3646
 193 4433 3151 4 2 1400001.10 1400001.14 3152
 209 4417 3151 4 2 1400001.10 1400001.14 3152
 209 4369 3151 4 1 1400001.10 1400001.14 3152
 209 4385 3151 4 2 1400001.10 1400001.14 3152
 209 4401 3151 4 2 1400001.10 1400001.14 3152
 209 4337 3151 64 1 6.10 6.14 3152
 209 4353 3151 64 2 6.10 6.14 3152
 209 4145 3151 96 1 -13.90 -13.86 3152
 209 4161 3151 96 1 -13.90 -13.86 3152
 209 4177 3151 96 1 -13.90 -13.86 3152
 209 4193 3151 96 1 -13.90 -13.86 3152
 209 4209 3151 96 1 -13.90 -13.86 3152
 209 4225 3151 96 1 -13.90 -13.86 3152
 209 4721 3151 77 2 1.10 1.14 3152
 209 4737 3151 77 5 1.10 1.14 3152
 209 4753 3151 77 5 1.10 1.14 3152
 209 4561 3151 96 1 -13.90 -13.86 3152
 209 4545 3151 96 1 -13.90 -13.86 3152
 209 4529 3151 96 1 -13.90 -13.86 3152
 209 4513 3151 96 1 -13.90 -13.86 3152
 209 4497 3151 96 1 -13.90 -13.86 3152
 209 4433 3151 4 2 1400001.10 1400001.14 3152
 225 4417 3151 4 2 1400001.10 1400001.14 3152
 225 4369 3151 4 1 1400001.10 1400001.14 3152
 225 4385 3151 4 2 1400001.10 1400001.14 3152
 225 4401 3151 4 2 1400001.10 1400001.14 3152
 225 4337 3151 64 1 6.10 6.14 3152
 225 4353 3151 64 2 6.10 6.14 3152
 225 4721 3151 77 2 1.10 1.14 3152
 225 4737 3151 77 5 1.10 1.14 3152
 225 4753 3151 77 5 1.10 1.14 3152
 225 4433 3151 4 2 1400001.10 1400001.14 3152
 241 4417 3151 4 2 1400001.10 1400001.14 3152
 241 4369 3151 4 1 1400001.10 1400001.14 3152
 241 4385 3151 4 2 1400001.10 1400001.14 3152
 241 4401 3151 4 2 1400001.10 1400001.14 3152
 241 4337 3151 64 1 6.10 6.14 3152
 241 4353 3151 64 2 6.10 6.14 3152
 241 4721 3151 77 2 1.10 1.14 3152
 241 4737 3151 77 5 1.10 1.14 3152
 241 4753 3151 77 5 1.10 1.14 3152
 241 4433 3151 4 2 1400001.10 1400001.14 3152
 257 4625 3151 81 1 -999998.90 -18.86 3152
