 -10 306 3448 0.42 1 1 1 1 1 2 2 301 0.42 1
furnit10.png
signs_10.png
hellomario E tileset.png
-1
-1
-1
-1
-1
-1
-1
-1
-1
-1
-1
-1
-1
-1
-1
-1
-1
-1
-1
y0
VoiD
 1 4753 3151 87 10 1.10 1.14 3152
 1 4737 3151 87 10 1.10 1.14 3152
 17 4721 3151 95 2 1300001.10 1300001.14 3152 1 33
 17 4753 3151 87 10 1.10 1.14 3152
 17 4737 3151 87 10 1.10 1.14 3152
 17 4673 3151 59 1 1.10 1.14 3152
 17 4673 3151 67 2 0.10 0.14 3152
 33 4705 3192 51 1 1.10 1.14 3193 0
 33 4737 3151 87 10 1.10 1.14 3152
 33 4753 3151 87 10 1.10 1.14 3152
 49 4705 3192 90 1 1.10 1.14 3193 Buona Fortuna!
 49 4737 3151 87 10 1.10 1.14 3152
 49 4753 3151 87 10 1.10 1.14 3152
 97 4689 3151 95 1 1300001.10 1300001.14 3152 1 17
 97 4705 3151 95 1 1300001.10 1300001.14 3152 1 33
 97 4721 3151 95 1 1300001.10 1300001.14 3152 1 49
 97 4737 3151 87 10 1.10 1.14 3152
 97 4753 3151 87 10 1.10 1.14 3152
 113 4737 3151 87 10 1.10 1.14 3152
 113 4753 3151 87 10 1.10 1.14 3152
 129 4737 3151 87 10 1.10 1.14 3152
 129 4753 3151 87 10 1.10 1.14 3152
 145 4737 3151 87 10 1.10 1.14 3152
 145 4753 3151 87 10 1.10 1.14 3152
 161 4625 3151 87 10 1.10 1.14 3152
 161 4641 3151 87 10 1.10 1.14 3152
 161 4657 3151 87 10 1.10 1.14 3152
 161 4737 3151 87 10 1.10 1.14 3152
 161 4753 3151 87 10 1.10 1.14 3152
 161 4705 3192 69 3 1.10 -4.86 3193
 161 4721 3151 53 1 0.10 -5.86 3152
 177 4673 3151 95 1 1300001.10 1300001.14 3152 65 161
 177 4689 3151 95 1 1300001.10 1300001.14 3152 65 177
 177 4625 3151 87 10 1.10 1.14 3152
 177 4593 3151 87 10 1.10 1.14 3152
 177 4609 3151 87 10 1.10 1.14 3152
 177 4641 3151 87 10 1.10 1.14 3152
 177 4657 3151 87 10 1.10 1.14 3152
 177 4705 3196 69 19 1.10 -4.86 3197
 177 4737 3694 69 2 1.10 -4.86 3695
 177 4753 3694 69 2 1.10 -4.86 3695
 193 4625 3151 87 10 1.10 1.14 3152
 193 4609 3151 87 10 1.10 1.14 3152
 193 4593 3151 87 10 1.10 1.14 3152
 193 4641 3151 87 10 1.10 1.14 3152
 209 4529 3151 59 14 1.10 1.14 3152
 209 4625 3151 87 10 1.10 1.14 3152
 209 4609 3151 87 10 1.10 1.14 3152
 209 4593 3151 87 10 1.10 1.14 3152
 209 4641 3151 87 10 1.10 1.14 3152
 209 4737 3151 87 10 1.10 1.14 3152
 209 4753 3151 87 10 1.10 1.14 3152
 225 4705 3151 95 1 1300001.10 1300001.14 3152 97 65
 225 4721 3151 95 1 1300001.10 1300001.14 3152 97 81
 225 4529 3151 59 5 1.10 1.14 3152
 225 4625 3151 87 10 1.10 1.14 3152
 225 4609 3151 87 10 1.10 1.14 3152
 225 4593 3151 87 10 1.10 1.14 3152
 225 4641 3151 87 10 1.10 1.14 3152
 225 4737 3151 87 10 1.10 1.14 3152
 225 4753 3151 87 10 1.10 1.14 3152
 241 4721 3151 95 1 1300001.10 1300001.14 3152 65 97
 241 4529 3151 60 21 1.10 1.14 3152
 241 4625 3151 87 10 1.10 1.14 3152
 241 4609 3151 87 10 1.10 1.14 3152
 241 4593 3151 87 10 1.10 1.14 3152
 241 4641 3151 87 10 1.10 1.14 3152
 241 4737 3151 87 10 1.10 1.14 3152
 241 4753 3151 87 10 1.10 1.14 3152
 257 4721 3151 95 1 1300001.10 1300001.14 3152 81 97
 257 4529 3151 59 2 1.10 1.14 3152
 257 4625 3151 87 10 1.10 1.14 3152
 257 4609 3151 87 10 1.10 1.14 3152
 257 4593 3151 87 10 1.10 1.14 3152
 257 4641 3151 87 10 1.10 1.14 3152
 257 4673 3151 59 21 1.10 1.14 3152
 257 4737 3151 87 10 1.10 1.14 3152
 257 4753 3151 87 10 1.10 1.14 3152
 273 4721 3151 95 1 1300001.10 1300001.14 3152 97 97
 273 4625 3151 87 10 1.10 1.14 3152
 273 4609 3151 87 10 1.10 1.14 3152
 273 4593 3151 87 10 1.10 1.14 3152
 273 4641 3151 87 10 1.10 1.14 3152
 273 4737 3151 87 10 1.10 1.14 3152
 273 4753 3151 87 10 1.10 1.14 3152
 273 4481 3192 67 26 1.10 1.14 3193
 289 4705 3151 95 1 1300001.10 1300001.14 3152 113 65
 289 4721 3151 95 1 1300001.10 1300001.14 3152 113 81
 289 4625 3151 87 10 1.10 1.14 3152
 289 4609 3151 87 10 1.10 1.14 3152
 289 4593 3151 87 10 1.10 1.14 3152
 289 4641 3151 87 10 1.10 1.14 3152
 289 4737 3151 87 10 1.10 1.14 3152
 289 4753 3151 87 10 1.10 1.14 3152
 305 4689 3151 95 1 1300001.10 1300001.14 3152 65 1
 305 4705 3151 95 1 1300001.10 1300001.14 3152 65 33
 305 4721 3151 95 1 1300001.10 1300001.14 3152 65 49
 305 4625 3151 87 10 1.10 1.14 3152
 305 4609 3151 87 10 1.10 1.14 3152
 305 4593 3151 87 10 1.10 1.14 3152
 305 4641 3151 87 10 1.10 1.14 3152
 305 4737 3151 87 10 1.10 1.14 3152
 305 4753 3151 87 10 1.10 1.14 3152
 321 4689 3151 95 1 1300001.10 1300001.14 3152 97 1
 321 4705 3151 95 1 1300001.10 1300001.14 3152 97 33
 321 4721 3151 95 1 1300001.10 1300001.14 3152 97 49
 321 4625 3151 87 10 1.10 1.14 3152
 321 4609 3151 87 10 1.10 1.14 3152
 321 4593 3151 87 10 1.10 1.14 3152
 321 4641 3151 87 10 1.10 1.14 3152
 321 4737 3151 87 10 1.10 1.14 3152
 321 4753 3151 87 10 1.10 1.14 3152
 337 4705 3151 95 1 1300001.10 1300001.14 3152 65 161
 337 4721 3151 95 1 1300001.10 1300001.14 3152 65 177
 337 4625 3151 87 10 1.10 1.14 3152
 337 4609 3151 87 10 1.10 1.14 3152
 337 4593 3151 87 10 1.10 1.14 3152
 337 4641 3151 87 10 1.10 1.14 3152
 337 4657 3151 87 10 1.10 1.14 3152
 337 4673 3151 87 10 1.10 1.14 3152
 337 4689 3151 87 10 1.10 1.14 3152
 337 4737 3151 87 10 1.10 1.14 3152
 337 4753 3151 87 10 1.10 1.14 3152
 353 4625 3151 87 10 1.10 1.14 3152
 353 4609 3151 87 10 1.10 1.14 3152
 353 4593 3151 87 10 1.10 1.14 3152
 353 4641 3151 87 10 1.10 1.14 3152
 353 4657 3151 87 10 1.10 1.14 3152
 353 4673 3151 87 10 1.10 1.14 3152
 353 4689 3151 87 10 1.10 1.14 3152
 353 4737 3151 87 10 1.10 1.14 3152
 353 4753 3151 87 10 1.10 1.14 3152
 369 4737 3151 87 10 1.10 1.14 3152
 369 4753 3151 87 10 1.10 1.14 3152
 385 4737 3151 87 10 1.10 1.14 3152
 385 4753 3151 87 10 1.10 1.14 3152
 401 4721 3151 87 10 1.10 1.14 3152
 401 4737 3151 87 10 1.10 1.14 3152
 401 4753 3151 87 10 1.10 1.14 3152
 417 4705 3151 87 10 1.10 1.14 3152
 417 4721 3151 87 10 1.10 1.14 3152
 417 4737 3151 87 10 1.10 1.14 3152
 417 4753 3151 87 10 1.10 1.14 3152
 433 4689 3151 87 10 1.10 1.14 3152
 433 4705 3151 87 10 1.10 1.14 3152
 433 4721 3151 87 10 1.10 1.14 3152
 433 4737 3151 87 10 1.10 1.14 3152
 433 4753 3151 87 10 1.10 1.14 3152
 449 4673 3151 87 10 1.10 1.14 3152
 449 4689 3151 87 10 1.10 1.14 3152
 449 4705 3151 87 10 1.10 1.14 3152
 449 4721 3151 87 10 1.10 1.14 3152
 449 4737 3151 87 10 1.10 1.14 3152
 449 4753 3151 87 10 1.10 1.14 3152
 465 4689 3151 87 10 1.10 1.14 3152
 465 4609 3151 87 10 1.10 1.14 3152
 465 4673 3151 87 10 1.10 1.14 3152
 465 4705 3151 87 10 1.10 1.14 3152
 465 4721 3151 87 10 1.10 1.14 3152
 465 4737 3151 87 10 1.10 1.14 3152
 465 4753 3151 87 10 1.10 1.14 3152
 481 4609 3151 87 10 1.10 1.14 3152
 481 4625 3151 87 10 1.10 1.14 3152
 481 4705 3151 87 10 1.10 1.14 3152
 481 4721 3151 87 10 1.10 1.14 3152
 481 4737 3151 87 10 1.10 1.14 3152
 481 4753 3151 87 10 1.10 1.14 3152
 497 4609 3151 87 10 1.10 1.14 3152
 497 4625 3151 87 10 1.10 1.14 3152
 497 4721 3151 87 10 1.10 1.14 3152
 497 4737 3151 87 10 1.10 1.14 3152
 497 4753 3151 87 10 1.10 1.14 3152
 513 4609 3151 87 10 1.10 1.14 3152
 513 4625 3151 87 10 1.10 1.14 3152
 513 4673 3151 59 5 1.10 1.14 3152
 513 4721 3151 87 10 1.10 1.14 3152
 513 4737 3151 87 10 1.10 1.14 3152
 513 4753 3151 87 10 1.10 1.14 3152
 529 4641 3151 87 10 1.10 1.14 3152
 529 4625 3151 87 10 1.10 1.14 3152
 529 4609 3151 87 10 1.10 1.14 3152
 529 4705 3151 87 10 1.10 1.14 3152
 529 4721 3151 87 10 1.10 1.14 3152
 529 4737 3151 87 10 1.10 1.14 3152
 529 4753 3151 87 10 1.10 1.14 3152
 545 4689 3151 87 10 1.10 1.14 3152
 545 4673 3151 87 10 1.10 1.14 3152
 545 4705 3151 87 10 1.10 1.14 3152
 545 4721 3151 87 10 1.10 1.14 3152
 545 4737 3151 87 10 1.10 1.14 3152
 545 4753 3151 87 10 1.10 1.14 3152
 545 4609 3693 87 11 1.10 1.14 3694
 561 4689 3151 87 10 1.10 1.14 3152
 561 4673 3151 87 10 1.10 1.14 3152
 561 4705 3151 87 10 1.10 1.14 3152
 561 4593 3151 57 1 1.10 -5.86 3152
 561 4721 3151 87 10 1.10 1.14 3152
 561 4737 3151 87 10 1.10 1.14 3152
 561 4753 3151 87 10 1.10 1.14 3152
 577 4673 3151 87 10 1.10 1.14 3152
 577 4689 3151 87 10 1.10 1.14 3152
 577 4705 3151 87 10 1.10 1.14 3152
 577 4577 3192 57 2 1.10 -5.86 3193
 577 4721 3151 87 10 1.10 1.14 3152
 577 4737 3151 87 10 1.10 1.14 3152
 577 4753 3151 87 10 1.10 1.14 3152
 593 4673 3151 87 10 1.10 1.14 3152
 593 4689 3151 87 10 1.10 1.14 3152
 593 4705 3151 87 10 1.10 1.14 3152
 593 4593 3151 57 3 1.10 -5.86 3152
 593 4561 3192 57 2 1.10 -5.86 3193
 593 4721 3151 87 10 1.10 1.14 3152
 593 4737 3151 87 10 1.10 1.14 3152
 593 4753 3151 87 10 1.10 1.14 3152
 609 4609 3151 87 10 1.10 1.14 3152
 609 4625 3151 87 10 1.10 1.14 3152
 609 4641 3151 87 10 1.10 1.14 3152
 609 4657 3151 87 10 1.10 1.14 3152
 609 4705 3151 63 14 1.10 1.14 3152
 609 4721 3151 63 16 1.10 1.14 3152
 609 4737 3151 63 16 1.10 1.14 3152
 609 4753 3151 63 16 1.10 1.14 3152
 625 4609 3151 87 10 1.10 1.14 3152
 625 4625 3151 87 10 1.10 1.14 3152
 625 4641 3151 87 10 1.10 1.14 3152
 625 4705 3151 63 14 1.10 1.14 3152
 625 4721 3151 63 16 1.10 1.14 3152
 625 4737 3151 63 16 1.10 1.14 3152
 625 4753 3151 63 16 1.10 1.14 3152
 641 4609 3151 87 10 1.10 1.14 3152
 641 4705 3151 63 14 1.10 1.14 3152
 641 4721 3151 63 16 1.10 1.14 3152
 641 4737 3151 63 16 1.10 1.14 3152
 641 4753 3151 63 16 1.10 1.14 3152
 657 4593 3151 64 3 6.10 6.14 3152
 657 4609 3151 64 4 6.10 6.14 3152
 657 4705 3151 63 14 1.10 1.14 3152
 657 4721 3151 63 16 1.10 1.14 3152
 657 4737 3151 63 16 1.10 1.14 3152
 657 4753 3151 63 16 1.10 1.14 3152
 673 4609 3151 64 4 6.10 6.14 3152
 673 4593 3151 64 3 6.10 6.14 3152
 673 4705 3151 63 14 1.10 1.14 3152
 673 4721 3151 63 16 1.10 1.14 3152
 673 4737 3151 63 16 1.10 1.14 3152
 673 4753 3151 63 16 1.10 1.14 3152
 689 4609 3151 64 4 6.10 6.14 3152
 689 4593 3151 64 3 6.10 6.14 3152
 689 4705 3151 63 14 1.10 1.14 3152
 689 4593 3151 54 8 1.10 -5.86 3152
 689 4721 3151 63 16 1.10 1.14 3152
 689 4737 3151 63 16 1.10 1.14 3152
 689 4753 3151 63 16 1.10 1.14 3152
 705 4609 3151 64 4 6.10 6.14 3152
 705 4593 3151 64 3 6.10 6.14 3152
 705 4705 3151 63 14 1.10 1.14 3152
 705 4721 3151 63 16 1.10 1.14 3152
 705 4737 3151 63 16 1.10 1.14 3152
 705 4753 3151 63 16 1.10 1.14 3152
 721 4609 3151 95 3 1300001.10 1300001.14 3152 177 177
 721 4593 3151 64 3 6.10 6.14 3152
 721 4545 3151 60 21 1.10 1.14 3152
 721 4705 3151 63 14 1.10 1.14 3152
 721 4721 3151 63 16 1.10 1.14 3152
 721 4737 3151 63 16 1.10 1.14 3152
 721 4753 3151 63 16 1.10 1.14 3152
 721 4257 3151 87 10 1.10 1.14 3152
 721 4273 3151 87 10 1.10 1.14 3152
 721 4289 3151 87 10 1.10 1.14 3152
 721 4305 3151 87 10 1.10 1.14 3152
 721 4321 3151 87 10 1.10 1.14 3152
 721 4337 3151 87 10 1.10 1.14 3152
 721 4193 3693 87 11 1.10 1.14 3694
 737 4609 3151 95 3 1300001.10 1300001.14 3152 177 177
 737 4593 3151 64 3 6.10 6.14 3152
 737 4545 3151 59 1 1.10 1.14 3152
 737 4337 3151 87 10 1.10 1.14 3152
 737 4705 3151 63 14 1.10 1.14 3152
 737 4721 3151 63 16 1.10 1.14 3152
 737 4737 3151 63 16 1.10 1.14 3152
 737 4753 3151 63 16 1.10 1.14 3152
 737 4257 3151 87 10 1.10 1.14 3152
 737 4273 3151 87 10 1.10 1.14 3152
 737 4289 3151 87 10 1.10 1.14 3152
 737 4305 3151 87 10 1.10 1.14 3152
 737 4321 3151 87 10 1.10 1.14 3152
 753 4593 3151 64 3 6.10 6.14 3152
 753 4609 3151 64 4 6.10 6.14 3152
 753 4705 3151 63 14 1.10 1.14 3152
 753 4721 3151 63 16 1.10 1.14 3152
 753 4737 3151 63 16 1.10 1.14 3152
 753 4753 3151 63 16 1.10 1.14 3152
 753 4257 3151 87 10 1.10 1.14 3152
 753 4273 3151 87 10 1.10 1.14 3152
 753 4289 3151 87 10 1.10 1.14 3152
 753 4305 3151 87 10 1.10 1.14 3152
 753 4321 3151 87 10 1.10 1.14 3152
 769 4593 3151 64 3 6.10 6.14 3152
 769 4609 3151 64 4 6.10 6.14 3152
 769 4321 3151 87 10 1.10 1.14 3152
 769 4705 3151 63 14 1.10 1.14 3152
 769 4721 3151 63 16 1.10 1.14 3152
 769 4737 3151 63 16 1.10 1.14 3152
 769 4753 3151 63 16 1.10 1.14 3152
 769 4257 3151 87 10 1.10 1.14 3152
 769 4273 3151 87 10 1.10 1.14 3152
 769 4289 3151 87 10 1.10 1.14 3152
 769 4305 3151 87 10 1.10 1.14 3152
 785 4593 3151 64 3 6.10 6.14 3152
 785 4609 3151 64 4 6.10 6.14 3152
 785 4705 3151 63 14 1.10 1.14 3152
 785 4721 3151 63 16 1.10 1.14 3152
 785 4737 3151 63 16 1.10 1.14 3152
 785 4753 3151 63 16 1.10 1.14 3152
 785 4257 3151 87 10 1.10 1.14 3152
 785 4273 3151 87 10 1.10 1.14 3152
 785 4289 3151 87 10 1.10 1.14 3152
 785 4193 3693 87 11 1.10 1.14 3694
 801 4593 3151 64 3 6.10 6.14 3152
 801 4609 3151 64 4 6.10 6.14 3152
 801 4705 3151 63 14 1.10 1.14 3152
 801 4721 3151 63 16 1.10 1.14 3152
 801 4737 3151 63 16 1.10 1.14 3152
 801 4753 3151 63 16 1.10 1.14 3152
 801 4257 3151 87 10 1.10 1.14 3152
 801 4273 3151 87 10 1.10 1.14 3152
 801 4289 3151 87 10 1.10 1.14 3152
 817 4609 3151 87 10 1.10 1.14 3152
 817 4625 3151 87 10 1.10 1.14 3152
 817 4705 3151 63 14 1.10 1.14 3152
 817 4721 3151 63 16 1.10 1.14 3152
 817 4737 3151 63 16 1.10 1.14 3152
 817 4753 3151 63 16 1.10 1.14 3152
 817 4257 3151 87 10 1.10 1.14 3152
 817 4273 3151 87 10 1.10 1.14 3152
 817 4289 3151 87 10 1.10 1.14 3152
 833 4593 3151 87 10 1.10 1.14 3152
 833 4577 3151 87 10 1.10 1.14 3152
 833 4609 3151 87 10 1.10 1.14 3152
 833 4625 3151 87 10 1.10 1.14 3152
 833 4641 3151 87 10 1.10 1.14 3152
 833 4705 3151 63 14 1.10 1.14 3152
 833 4721 3151 63 16 1.10 1.14 3152
 833 4737 3151 63 16 1.10 1.14 3152
 833 4753 3151 63 16 1.10 1.14 3152
 833 4257 3151 87 10 1.10 1.14 3152
 833 4273 3151 87 10 1.10 1.14 3152
 849 4593 3151 87 10 1.10 1.14 3152
 849 4577 3151 87 10 1.10 1.14 3152
 849 4561 3151 87 10 1.10 1.14 3152
 849 4673 3151 87 10 1.10 1.14 3152
 849 4689 3151 87 10 1.10 1.14 3152
 849 4705 3151 63 14 1.10 1.14 3152
 849 4721 3151 63 16 1.10 1.14 3152
 849 4737 3151 63 16 1.10 1.14 3152
 849 4193 3693 87 11 1.10 1.14 3694
 849 4753 3151 63 16 1.10 1.14 3152
 849 4257 3151 87 10 1.10 1.14 3152
 849 4273 3151 87 10 1.10 1.14 3152
 849 4609 3693 87 11 1.10 1.14 3694
 865 4257 3151 87 10 1.10 1.14 3152
 865 4593 3151 63 1 1.10 1.14 3152
 865 4673 3151 87 10 1.10 1.14 3152
 865 4689 3151 87 10 1.10 1.14 3152
 865 4705 3151 87 10 1.10 1.14 3152
 865 4721 3151 87 10 1.10 1.14 3152
 865 4737 3151 87 10 1.10 1.14 3152
 865 4753 3151 87 10 1.10 1.14 3152
 881 4257 3151 87 10 1.10 1.14 3152
 881 4593 3151 63 1 1.10 1.14 3152
 881 4673 3151 87 10 1.10 1.14 3152
 881 4689 3151 87 10 1.10 1.14 3152
 881 4705 3151 87 10 1.10 1.14 3152
 881 4721 3151 87 10 1.10 1.14 3152
 881 4737 3151 87 10 1.10 1.14 3152
 881 4753 3151 87 10 1.10 1.14 3152
 897 4257 3151 87 10 1.10 1.14 3152
 897 4593 3151 63 1 1.10 1.14 3152
 897 4673 3151 87 10 1.10 1.14 3152
 897 4689 3151 87 10 1.10 1.14 3152
 897 4705 3151 87 10 1.10 1.14 3152
 897 4721 3151 87 10 1.10 1.14 3152
 897 4737 3151 87 10 1.10 1.14 3152
 897 4753 3151 87 10 1.10 1.14 3152
 913 4177 3151 87 10 1.10 1.14 3152
 913 4193 3151 87 10 1.10 1.14 3152
 913 4209 3151 87 10 1.10 1.14 3152
 913 4225 3151 87 10 1.10 1.14 3152
 913 4241 3151 87 10 1.10 1.14 3152
 913 4257 3151 87 10 1.10 1.14 3152
 913 4273 3151 87 10 1.10 1.14 3152
 913 4593 3151 63 1 1.10 1.14 3152
 913 4609 3151 87 10 1.10 1.14 3152
 913 4625 3151 87 10 1.10 1.14 3152
 913 4641 3151 87 10 1.10 1.14 3152
 913 4657 3151 87 10 1.10 1.14 3152
 913 4673 3151 87 10 1.10 1.14 3152
 913 4689 3151 87 10 1.10 1.14 3152
 913 4705 3151 87 10 1.10 1.14 3152
 913 4721 3151 63 16 1.10 1.14 3152
 913 4737 3151 63 16 1.10 1.14 3152
 913 4753 3151 63 16 1.10 1.14 3152
 929 4161 3151 87 10 1.10 1.14 3152
 929 4177 3151 87 10 1.10 1.14 3152
 929 4193 3151 87 10 1.10 1.14 3152
 929 4209 3151 87 10 1.10 1.14 3152
 929 4225 3151 87 10 1.10 1.14 3152
 929 4241 3151 87 10 1.10 1.14 3152
 929 4257 3151 87 10 1.10 1.14 3152
 929 4273 3151 87 10 1.10 1.14 3152
 929 4593 3151 63 1 1.10 1.14 3152
 929 4609 3151 87 10 1.10 1.14 3152
 929 4625 3151 87 10 1.10 1.14 3152
 929 4641 3151 87 10 1.10 1.14 3152
 929 4657 3151 87 10 1.10 1.14 3152
 929 4673 3151 87 10 1.10 1.14 3152
 929 4689 3151 87 10 1.10 1.14 3152
 929 4705 3151 63 14 1.10 1.14 3152
 929 4721 3151 63 16 1.10 1.14 3152
 929 4737 3151 63 16 1.10 1.14 3152
 929 4753 3151 63 16 1.10 1.14 3152
 945 4113 3151 87 10 1.10 1.14 3152
 945 4129 3151 87 10 1.10 1.14 3152
 945 4145 3151 87 10 1.10 1.14 3152
 945 4161 3151 87 10 1.10 1.14 3152
 945 4177 3151 87 10 1.10 1.14 3152
 945 4193 3151 87 10 1.10 1.14 3152
 945 4209 3151 87 10 1.10 1.14 3152
 945 4225 3151 87 10 1.10 1.14 3152
 945 4241 3151 87 10 1.10 1.14 3152
 945 4257 3151 87 10 1.10 1.14 3152
 945 4273 3151 87 10 1.10 1.14 3152
 945 4497 3151 95 3 1300001.10 1300001.14 3152 337 113
 945 4497 3151 60 21 1.10 1.14 3152
 945 4497 3151 96 1 -13.90 -13.86 3152
 945 4593 3151 63 1 1.10 1.14 3152
 945 4609 3151 87 10 1.10 1.14 3152
 945 4625 3151 87 10 1.10 1.14 3152
 945 4705 3151 63 14 1.10 1.14 3152
 945 4721 3151 63 16 1.10 1.14 3152
 945 4737 3151 63 16 1.10 1.14 3152
 945 4753 3151 63 16 1.10 1.14 3152
 961 4081 3151 87 10 1.10 1.14 3152
 961 4097 3151 87 10 1.10 1.14 3152
 961 4113 3151 87 10 1.10 1.14 3152
 961 4129 3151 87 10 1.10 1.14 3152
 961 4145 3151 87 10 1.10 1.14 3152
 961 4161 3151 87 10 1.10 1.14 3152
 961 4177 3151 87 10 1.10 1.14 3152
 961 4193 3151 87 10 1.10 1.14 3152
 961 4209 3151 87 10 1.10 1.14 3152
 961 4225 3151 87 10 1.10 1.14 3152
 961 4241 3151 87 10 1.10 1.14 3152
 961 4257 3151 87 10 1.10 1.14 3152
 961 4273 3151 87 10 1.10 1.14 3152
 961 4497 3151 95 3 1300001.10 1300001.14 3152 337 113
 961 4497 3151 60 21 1.10 1.14 3152
 961 4497 3151 96 1 -13.90 -13.86 3152
 961 4593 3151 87 10 1.10 1.14 3152
 961 4577 3151 87 10 1.10 1.14 3152
 961 4561 3151 87 10 1.10 1.14 3152
 961 4609 3151 87 10 1.10 1.14 3152
 961 4705 3151 63 14 1.10 1.14 3152
 961 4721 3151 63 16 1.10 1.14 3152
 961 4737 3151 63 16 1.10 1.14 3152
 961 4753 3151 63 16 1.10 1.14 3152
 977 4081 3151 87 10 1.10 1.14 3152
 977 4097 3151 87 10 1.10 1.14 3152
 977 4113 3151 87 10 1.10 1.14 3152
 977 4129 3151 87 10 1.10 1.14 3152
 977 4145 3151 87 10 1.10 1.14 3152
 977 4161 3151 87 10 1.10 1.14 3152
 977 4177 3151 87 10 1.10 1.14 3152
 977 4193 3151 87 10 1.10 1.14 3152
 977 4209 3151 87 10 1.10 1.14 3152
 977 4225 3151 87 10 1.10 1.14 3152
 977 4241 3151 87 10 1.10 1.14 3152
 977 4257 3151 87 10 1.10 1.14 3152
 977 4273 3151 87 10 1.10 1.14 3152
 977 4289 3151 87 10 1.10 1.14 3152
 977 4305 3151 87 10 1.10 1.14 3152
 977 4433 3151 59 1 1.10 1.14 3152
 977 4497 3151 60 1 1.10 1.14 3152
 977 4433 3151 67 3 0.10 0.14 3152
 977 4593 3151 87 10 1.10 1.14 3152
 977 4577 3151 87 10 1.10 1.14 3152
 977 4561 3151 87 10 1.10 1.14 3152
 977 4705 3151 63 14 1.10 1.14 3152
 977 4721 3151 63 16 1.10 1.14 3152
 977 4753 3151 63 16 1.10 1.14 3152
 977 4737 3151 63 16 1.10 1.14 3152
 993 4081 3151 87 10 1.10 1.14 3152
 993 4097 3151 87 10 1.10 1.14 3152
 993 4113 3151 87 10 1.10 1.14 3152
 993 4129 3151 87 10 1.10 1.14 3152
 993 4145 3151 87 10 1.10 1.14 3152
 993 4161 3151 87 10 1.10 1.14 3152
 993 4177 3151 87 10 1.10 1.14 3152
 993 4193 3151 87 10 1.10 1.14 3152
 993 4209 3151 87 10 1.10 1.14 3152
 993 4225 3151 87 10 1.10 1.14 3152
 993 4241 3151 87 10 1.10 1.14 3152
 993 4257 3151 87 10 1.10 1.14 3152
 993 4273 3151 87 10 1.10 1.14 3152
 993 4289 3151 87 10 1.10 1.14 3152
 993 4305 3151 87 10 1.10 1.14 3152
 993 4433 3151 59 1 1.10 1.14 3152
 993 4497 3151 60 1 1.10 1.14 3152
 993 4433 3151 67 1 0.10 0.14 3152
 993 4593 3151 87 10 1.10 1.14 3152
 993 4577 3151 87 10 1.10 1.14 3152
 993 4561 3151 87 10 1.10 1.14 3152
 993 4705 3151 63 14 1.10 1.14 3152
 993 4753 3151 63 16 1.10 1.14 3152
 993 4737 3151 63 16 1.10 1.14 3152
 993 4721 3151 63 16 1.10 1.14 3152
 1009 4081 3151 87 10 1.10 1.14 3152
 1009 4097 3151 87 10 1.10 1.14 3152
 1009 4113 3151 87 10 1.10 1.14 3152
 1009 4129 3151 87 10 1.10 1.14 3152
 1009 4145 3151 87 10 1.10 1.14 3152
 1009 4161 3151 87 10 1.10 1.14 3152
 1009 4177 3151 87 10 1.10 1.14 3152
 1009 4193 3151 87 10 1.10 1.14 3152
 1009 4209 3151 87 10 1.10 1.14 3152
 1009 4225 3151 87 10 1.10 1.14 3152
 1009 4241 3151 87 10 1.10 1.14 3152
 1009 4257 3151 87 10 1.10 1.14 3152
 1009 4273 3151 87 10 1.10 1.14 3152
 1009 4289 3151 87 10 1.10 1.14 3152
 1009 4305 3151 87 10 1.10 1.14 3152
 1009 4497 3151 95 3 1300001.10 1300001.14 3152 337 113
 1009 4433 3151 59 1 1.10 1.14 3152
 1009 4497 3151 60 21 1.10 1.14 3152
 1009 4433 3151 67 2 0.10 0.14 3152
 1009 4497 3151 96 1 -13.90 -13.86 3152
 1009 4577 3151 87 10 1.10 1.14 3152
 1009 4561 3151 87 10 1.10 1.14 3152
 1009 4705 3151 63 14 1.10 1.14 3152
 1009 4721 3151 63 16 1.10 1.14 3152
 1009 4753 3151 63 16 1.10 1.14 3152
 1009 4737 3151 63 16 1.10 1.14 3152
 1025 4081 3151 87 10 1.10 1.14 3152
 1025 4097 3151 87 10 1.10 1.14 3152
 1025 4113 3151 87 10 1.10 1.14 3152
 1025 4129 3151 87 10 1.10 1.14 3152
 1025 4145 3151 87 10 1.10 1.14 3152
 1025 4161 3151 87 10 1.10 1.14 3152
 1025 4177 3151 87 10 1.10 1.14 3152
 1025 4193 3151 87 10 1.10 1.14 3152
 1025 4209 3151 87 10 1.10 1.14 3152
 1025 4225 3151 87 10 1.10 1.14 3152
 1025 4241 3151 87 10 1.10 1.14 3152
 1025 4257 3151 87 10 1.10 1.14 3152
 1025 4273 3151 87 10 1.10 1.14 3152
 1025 4289 3151 87 10 1.10 1.14 3152
 1025 4305 3151 87 10 1.10 1.14 3152
 1025 4321 3151 87 10 1.10 1.14 3152
 1025 4497 3151 95 3 1300001.10 1300001.14 3152 337 113
 1025 4497 3151 60 21 1.10 1.14 3152
 1025 4497 3151 96 1 -13.90 -13.86 3152
 1025 4577 3151 87 10 1.10 1.14 3152
 1025 4561 3151 87 10 1.10 1.14 3152
 1025 4705 3151 63 14 1.10 1.14 3152
 1025 4721 3151 63 16 1.10 1.14 3152
 1025 4737 3151 63 16 1.10 1.14 3152
 1025 4753 3151 63 16 1.10 1.14 3152
 1041 4081 3151 87 10 1.10 1.14 3152
 1041 4097 3151 87 10 1.10 1.14 3152
 1041 4113 3151 87 10 1.10 1.14 3152
 1041 4129 3151 87 10 1.10 1.14 3152
 1041 4145 3151 87 10 1.10 1.14 3152
 1041 4161 3151 87 10 1.10 1.14 3152
 1041 4177 3151 87 10 1.10 1.14 3152
 1041 4193 3151 87 10 1.10 1.14 3152
 1041 4209 3151 87 10 1.10 1.14 3152
 1041 4225 3151 87 10 1.10 1.14 3152
 1041 4241 3151 87 10 1.10 1.14 3152
 1041 4257 3151 87 10 1.10 1.14 3152
 1041 4273 3151 87 10 1.10 1.14 3152
 1041 4289 3151 87 10 1.10 1.14 3152
 1041 4305 3151 87 10 1.10 1.14 3152
 1041 4321 3151 87 10 1.10 1.14 3152
 1041 4577 3151 87 10 1.10 1.14 3152
 1041 4561 3151 87 10 1.10 1.14 3152
 1041 4705 3151 63 14 1.10 1.14 3152
 1041 4721 3151 63 16 1.10 1.14 3152
 1041 4737 3151 63 16 1.10 1.14 3152
 1041 4753 3151 63 16 1.10 1.14 3152
 1057 4081 3151 87 10 1.10 1.14 3152
 1057 4097 3151 87 10 1.10 1.14 3152
 1057 4113 3151 87 10 1.10 1.14 3152
 1057 4129 3151 87 10 1.10 1.14 3152
 1057 4145 3151 87 10 1.10 1.14 3152
 1057 4161 3151 87 10 1.10 1.14 3152
 1057 4177 3151 87 10 1.10 1.14 3152
 1057 4193 3151 87 10 1.10 1.14 3152
 1057 4209 3151 87 10 1.10 1.14 3152
 1057 4225 3151 87 10 1.10 1.14 3152
 1057 4241 3151 87 10 1.10 1.14 3152
 1057 4257 3151 87 10 1.10 1.14 3152
 1057 4273 3151 87 10 1.10 1.14 3152
 1057 4289 3151 87 10 1.10 1.14 3152
 1057 4305 3151 87 10 1.10 1.14 3152
 1057 4321 3151 87 10 1.10 1.14 3152
 1057 4337 3151 87 10 1.10 1.14 3152
 1057 4577 3151 87 10 1.10 1.14 3152
 1057 4561 3151 87 10 1.10 1.14 3152
 1057 4705 3151 63 14 1.10 1.14 3152
 1057 4721 3151 63 16 1.10 1.14 3152
 1057 4737 3151 63 16 1.10 1.14 3152
 1057 4753 3151 63 16 1.10 1.14 3152
 1073 4081 3151 87 10 1.10 1.14 3152
 1073 4097 3151 87 10 1.10 1.14 3152
 1073 4113 3151 87 10 1.10 1.14 3152
 1073 4129 3151 87 10 1.10 1.14 3152
 1073 4145 3151 87 10 1.10 1.14 3152
 1073 4161 3151 87 10 1.10 1.14 3152
 1073 4177 3151 87 10 1.10 1.14 3152
 1073 4193 3151 87 10 1.10 1.14 3152
 1073 4273 3151 87 10 1.10 1.14 3152
 1073 4289 3151 87 10 1.10 1.14 3152
 1073 4305 3151 87 10 1.10 1.14 3152
 1073 4321 3151 87 10 1.10 1.14 3152
 1073 4337 3151 87 10 1.10 1.14 3152
 1073 4593 3151 87 10 1.10 1.14 3152
 1073 4577 3151 87 10 1.10 1.14 3152
 1073 4561 3151 87 10 1.10 1.14 3152
 1073 4705 3151 63 14 1.10 1.14 3152
 1073 4721 3151 63 16 1.10 1.14 3152
 1073 4737 3151 63 16 1.10 1.14 3152
 1073 4753 3151 63 16 1.10 1.14 3152
 1089 4081 3151 87 10 1.10 1.14 3152
 1089 4097 3151 87 10 1.10 1.14 3152
 1089 4113 3151 87 10 1.10 1.14 3152
 1089 4129 3151 87 10 1.10 1.14 3152
 1089 4145 3151 87 10 1.10 1.14 3152
 1089 4161 3151 87 10 1.10 1.14 3152
 1089 4289 3151 87 10 1.10 1.14 3152
 1089 4305 3151 87 10 1.10 1.14 3152
 1089 4321 3151 87 10 1.10 1.14 3152
 1089 4369 3151 87 10 1.10 1.14 3152
 1089 4353 3151 87 10 1.10 1.14 3152
 1089 4337 3151 87 10 1.10 1.14 3152
 1089 4593 3151 87 10 1.10 1.14 3152
 1089 4577 3151 87 10 1.10 1.14 3152
 1089 4561 3151 87 10 1.10 1.14 3152
 1089 4705 3151 63 14 1.10 1.14 3152
 1089 4721 3151 63 16 1.10 1.14 3152
 1089 4737 3151 63 16 1.10 1.14 3152
 1089 4753 3151 63 16 1.10 1.14 3152
 1105 4081 3151 87 10 1.10 1.14 3152
 1105 4097 3151 87 10 1.10 1.14 3152
 1105 4113 3151 87 10 1.10 1.14 3152
 1105 4129 3151 87 10 1.10 1.14 3152
 1105 4289 3151 87 10 1.10 1.14 3152
 1105 4305 3151 87 10 1.10 1.14 3152
 1105 4321 3151 87 10 1.10 1.14 3152
 1105 4513 3151 60 1 1.10 1.14 3152
 1105 4529 3151 60 1 1.10 1.14 3152
 1105 4545 3151 60 1 1.10 1.14 3152
 1105 4497 3151 60 1 1.10 1.14 3152
 1105 4481 3151 87 10 1.10 1.14 3152
 1105 4465 3151 87 10 1.10 1.14 3152
 1105 4449 3151 87 10 1.10 1.14 3152
 1105 4433 3151 60 1 1.10 1.14 3152
 1105 4417 3151 60 1 1.10 1.14 3152
 1105 4401 3151 60 1 1.10 1.14 3152
 1105 4385 3151 87 10 1.10 1.14 3152
 1105 4369 3151 87 10 1.10 1.14 3152
 1105 4353 3151 87 10 1.10 1.14 3152
 1105 4337 3151 87 10 1.10 1.14 3152
 1105 4593 3151 87 10 1.10 1.14 3152
 1105 4577 3151 87 10 1.10 1.14 3152
 1105 4561 3151 87 10 1.10 1.14 3152
 1105 4609 3151 87 10 1.10 1.14 3152
 1105 4705 3151 63 14 1.10 1.14 3152
 1105 4721 3151 63 16 1.10 1.14 3152
 1105 4737 3151 63 16 1.10 1.14 3152
 1105 4753 3151 63 16 1.10 1.14 3152
 1121 4081 3151 87 10 1.10 1.14 3152
 1121 4097 3151 87 10 1.10 1.14 3152
 1121 4113 3151 87 10 1.10 1.14 3152
 1121 4129 3151 87 10 1.10 1.14 3152
 1121 4289 3151 87 10 1.10 1.14 3152
 1121 4305 3151 87 10 1.10 1.14 3152
 1121 4321 3151 87 10 1.10 1.14 3152
 1121 4513 3151 60 1 1.10 1.14 3152
 1121 4529 3151 60 1 1.10 1.14 3152
 1121 4545 3151 60 1 1.10 1.14 3152
 1121 4497 3151 60 1 1.10 1.14 3152
 1121 4481 3151 87 10 1.10 1.14 3152
 1121 4465 3151 87 10 1.10 1.14 3152
 1121 4449 3151 87 10 1.10 1.14 3152
 1121 4433 3151 60 1 1.10 1.14 3152
 1121 4417 3151 60 1 1.10 1.14 3152
 1121 4401 3151 60 1 1.10 1.14 3152
 1121 4385 3151 87 10 1.10 1.14 3152
 1121 4369 3151 87 10 1.10 1.14 3152
 1121 4353 3151 87 10 1.10 1.14 3152
 1121 4337 3151 87 10 1.10 1.14 3152
 1121 4593 3151 87 10 1.10 1.14 3152
 1121 4577 3151 87 10 1.10 1.14 3152
 1121 4561 3151 87 10 1.10 1.14 3152
 1121 4609 3151 87 10 1.10 1.14 3152
 1121 4625 3151 87 10 1.10 1.14 3152
 1121 4641 3151 87 10 1.10 1.14 3152
 1121 4657 3151 87 10 1.10 1.14 3152
 1121 4673 3151 87 10 1.10 1.14 3152
 1121 4705 3151 63 14 1.10 1.14 3152
 1121 4721 3151 63 16 1.10 1.14 3152
 1121 4737 3151 63 16 1.10 1.14 3152
 1121 4753 3151 63 16 1.10 1.14 3152
 1137 4081 3151 87 10 1.10 1.14 3152
 1137 4097 3151 87 10 1.10 1.14 3152
 1137 4113 3151 87 10 1.10 1.14 3152
 1137 4289 3151 87 10 1.10 1.14 3152
 1137 4305 3151 87 10 1.10 1.14 3152
 1137 4321 3151 87 10 1.10 1.14 3152
 1137 4481 3151 87 10 1.10 1.14 3152
 1137 4465 3151 87 10 1.10 1.14 3152
 1137 4449 3151 87 10 1.10 1.14 3152
 1137 4369 3151 87 10 1.10 1.14 3152
 1137 4353 3151 87 10 1.10 1.14 3152
 1137 4337 3151 87 10 1.10 1.14 3152
 1137 4593 3151 87 10 1.10 1.14 3152
 1137 4577 3151 87 10 1.10 1.14 3152
 1137 4561 3151 87 10 1.10 1.14 3152
 1137 4609 3151 87 10 1.10 1.14 3152
 1137 4625 3151 87 10 1.10 1.14 3152
 1137 4641 3151 87 10 1.10 1.14 3152
 1137 4657 3151 87 10 1.10 1.14 3152
 1137 4673 3151 87 10 1.10 1.14 3152
 1137 4689 3151 87 10 1.10 1.14 3152
 1137 4705 3151 63 14 1.10 1.14 3152
 1137 4721 3151 63 16 1.10 1.14 3152
 1137 4737 3151 63 16 1.10 1.14 3152
 1137 4753 3151 63 16 1.10 1.14 3152
 1153 4081 3151 87 10 1.10 1.14 3152
 1153 4097 3151 87 10 1.10 1.14 3152
 1153 4289 3151 87 10 1.10 1.14 3152
 1153 4305 3151 87 10 1.10 1.14 3152
 1153 4321 3151 87 10 1.10 1.14 3152
 1153 4481 3151 87 10 1.10 1.14 3152
 1153 4465 3151 87 10 1.10 1.14 3152
 1153 4449 3151 87 10 1.10 1.14 3152
 1153 4337 3151 87 10 1.10 1.14 3152
 1153 4593 3151 87 10 1.10 1.14 3152
 1153 4577 3151 87 10 1.10 1.14 3152
 1153 4561 3151 87 10 1.10 1.14 3152
 1153 4609 3151 87 10 1.10 1.14 3152
 1153 4625 3151 87 10 1.10 1.14 3152
 1153 4641 3151 87 10 1.10 1.14 3152
 1153 4657 3151 87 10 1.10 1.14 3152
 1153 4673 3151 87 10 1.10 1.14 3152
 1153 4689 3151 87 10 1.10 1.14 3152
 1153 4705 3151 63 14 1.10 1.14 3152
 1153 4721 3151 63 16 1.10 1.14 3152
 1153 4737 3151 63 16 1.10 1.14 3152
 1153 4753 3151 63 16 1.10 1.14 3152
 1169 4081 3151 87 10 1.10 1.14 3152
 1169 4097 3151 87 10 1.10 1.14 3152
 1169 4289 3151 87 10 1.10 1.14 3152
 1169 4305 3151 87 10 1.10 1.14 3152
 1169 4481 3151 87 10 1.10 1.14 3152
 1169 4465 3151 87 10 1.10 1.14 3152
 1169 4449 3151 87 10 1.10 1.14 3152
 1169 4433 3151 87 10 1.10 1.14 3152
 1169 4417 3151 87 10 1.10 1.14 3152
 1169 4593 3151 87 10 1.10 1.14 3152
 1169 4577 3151 87 10 1.10 1.14 3152
 1169 4609 3151 87 10 1.10 1.14 3152
 1169 4625 3151 87 10 1.10 1.14 3152
 1169 4641 3151 87 10 1.10 1.14 3152
 1169 4657 3151 87 10 1.10 1.14 3152
 1169 4673 3151 87 10 1.10 1.14 3152
 1169 4689 3151 87 10 1.10 1.14 3152
 1169 4705 3151 63 14 1.10 1.14 3152
 1169 4721 3151 63 16 1.10 1.14 3152
 1169 4737 3151 63 16 1.10 1.14 3152
 1169 4753 3151 63 16 1.10 1.14 3152
 1185 4081 3151 87 10 1.10 1.14 3152
 1185 4289 3151 64 4 6.10 6.14 3152
 1185 4481 3151 87 10 1.10 1.14 3152
 1185 4465 3151 87 10 1.10 1.14 3152
 1185 4449 3151 87 10 1.10 1.14 3152
 1185 4433 3151 87 10 1.10 1.14 3152
 1185 4417 3151 87 10 1.10 1.14 3152
 1185 4401 3151 87 10 1.10 1.14 3152
 1185 4385 3151 87 10 1.10 1.14 3152
 1185 4641 3151 87 10 1.10 1.14 3152
 1185 4657 3151 87 10 1.10 1.14 3152
 1185 4673 3151 87 10 1.10 1.14 3152
 1185 4689 3151 87 10 1.10 1.14 3152
 1185 4705 3151 87 10 1.10 1.14 3152
 1185 4721 3151 63 16 1.10 1.14 3152
 1185 4737 3151 63 16 1.10 1.14 3152
 1185 4753 3151 63 16 1.10 1.14 3152
 1201 4081 3151 87 10 1.10 1.14 3152
 1201 4289 3151 64 4 6.10 6.14 3152
 1201 4497 3151 87 10 1.10 1.14 3152
 1201 4481 3151 87 10 1.10 1.14 3152
 1201 4465 3151 87 10 1.10 1.14 3152
 1201 4449 3151 87 10 1.10 1.14 3152
 1201 4433 3151 87 10 1.10 1.14 3152
 1201 4417 3151 87 10 1.10 1.14 3152
 1201 4401 3151 87 10 1.10 1.14 3152
 1201 4385 3151 87 10 1.10 1.14 3152
 1201 4369 3151 87 10 1.10 1.14 3152
 1201 4353 3151 87 10 1.10 1.14 3152
 1201 4641 3151 87 10 1.10 1.14 3152
 1201 4657 3151 87 10 1.10 1.14 3152
 1201 4673 3151 87 10 1.10 1.14 3152
 1201 4689 3151 87 10 1.10 1.14 3152
 1201 4705 3151 87 10 1.10 1.14 3152
 1201 4721 3151 87 10 1.10 1.14 3152
 1201 4737 3151 63 16 1.10 1.14 3152
 1201 4753 3151 63 16 1.10 1.14 3152
 1217 4081 3151 87 10 1.10 1.14 3152
 1217 4289 3151 64 4 6.10 6.14 3152
 1217 4321 3151 87 10 1.10 1.14 3152
 1217 4513 3151 87 10 1.10 1.14 3152
 1217 4497 3151 87 10 1.10 1.14 3152
 1217 4481 3151 87 10 1.10 1.14 3152
 1217 4465 3151 87 10 1.10 1.14 3152
 1217 4449 3151 87 10 1.10 1.14 3152
 1217 4433 3151 87 10 1.10 1.14 3152
 1217 4417 3151 87 10 1.10 1.14 3152
 1217 4401 3151 87 10 1.10 1.14 3152
 1217 4385 3151 87 10 1.10 1.14 3152
 1217 4369 3151 87 10 1.10 1.14 3152
 1217 4353 3151 87 10 1.10 1.14 3152
 1217 4337 3151 87 10 1.10 1.14 3152
 1217 4641 3151 87 10 1.10 1.14 3152
 1217 4657 3151 87 10 1.10 1.14 3152
 1217 4673 3151 87 10 1.10 1.14 3152
 1217 4689 3151 87 10 1.10 1.14 3152
 1217 4705 3151 87 10 1.10 1.14 3152
 1217 4721 3151 87 10 1.10 1.14 3152
 1217 4737 3151 87 10 1.10 1.14 3152
 1217 4753 3151 87 10 1.10 1.14 3152
 1217 4609 3192 56 4 1.10 -5.86 3193
 1233 4289 3151 87 10 1.10 1.14 3152
 1233 4305 3151 87 10 1.10 1.14 3152
 1233 4513 3151 87 10 1.10 1.14 3152
 1233 4529 3151 87 10 1.10 1.14 3152
 1233 4545 3151 87 10 1.10 1.14 3152
 1233 4497 3151 87 10 1.10 1.14 3152
 1233 4321 3151 87 10 1.10 1.14 3152
 1233 4481 3151 87 10 1.10 1.14 3152
 1233 4465 3151 87 10 1.10 1.14 3152
 1233 4449 3151 87 10 1.10 1.14 3152
 1233 4433 3151 87 10 1.10 1.14 3152
 1233 4417 3151 87 10 1.10 1.14 3152
 1233 4401 3151 87 10 1.10 1.14 3152
 1233 4385 3151 87 10 1.10 1.14 3152
 1233 4369 3151 87 10 1.10 1.14 3152
 1233 4353 3151 87 10 1.10 1.14 3152
 1233 4337 3151 87 10 1.10 1.14 3152
 1233 4577 3151 87 10 1.10 1.14 3152
 1233 4561 3151 87 10 1.10 1.14 3152
 1233 4641 3151 87 10 1.10 1.14 3152
 1233 4657 3151 87 10 1.10 1.14 3152
 1233 4673 3151 87 10 1.10 1.14 3152
 1233 4689 3151 87 10 1.10 1.14 3152
 1233 4705 3151 87 10 1.10 1.14 3152
 1233 4721 3151 87 10 1.10 1.14 3152
 1233 4737 3151 87 10 1.10 1.14 3152
 1233 4753 3151 87 10 1.10 1.14 3152
 1249 4289 3151 87 10 1.10 1.14 3152
 1249 4513 3151 87 10 1.10 1.14 3152
 1249 4529 3151 87 10 1.10 1.14 3152
 1249 4545 3151 87 10 1.10 1.14 3152
 1249 4497 3151 87 10 1.10 1.14 3152
 1249 4577 3151 87 10 1.10 1.14 3152
 1249 4561 3151 87 10 1.10 1.14 3152
 1249 4705 3151 87 10 1.10 1.14 3152
 1249 4721 3151 87 10 1.10 1.14 3152
 1249 4737 3151 87 10 1.10 1.14 3152
 1249 4753 3151 87 10 1.10 1.14 3152
 1249 4433 3693 87 11 1.10 1.14 3694
 1249 4369 3693 87 11 1.10 1.14 3694
 1249 4305 3693 87 11 1.10 1.14 3694
 1265 4513 3151 87 10 1.10 1.14 3152
 1265 4529 3151 87 10 1.10 1.14 3152
 1265 4545 3151 87 10 1.10 1.14 3152
 1265 4497 3151 87 10 1.10 1.14 3152
 1265 4273 3151 87 10 1.10 1.14 3152
 1265 4289 3151 87 10 1.10 1.14 3152
 1265 4577 3151 87 10 1.10 1.14 3152
 1265 4561 3151 87 10 1.10 1.14 3152
 1265 4705 3151 87 10 1.10 1.14 3152
 1265 4721 3151 87 10 1.10 1.14 3152
 1265 4737 3151 87 10 1.10 1.14 3152
 1265 4753 3151 63 16 1.10 1.14 3152
 1281 4705 3151 87 10 1.10 1.14 3152
 1281 4641 3151 87 10 1.10 1.14 3152
 1281 4625 3151 87 10 1.10 1.14 3152
 1281 4609 3151 87 10 1.10 1.14 3152
 1281 4593 3151 87 10 1.10 1.14 3152
 1281 4577 3151 87 10 1.10 1.14 3152
 1281 4721 3151 87 10 1.10 1.14 3152
 1281 4737 3192 63 18 1.10 1.14 3193
 1281 4561 3151 87 10 1.10 1.14 3152
 1281 4545 3151 87 10 1.10 1.14 3152
 1281 4529 3151 87 10 1.10 1.14 3152
 1281 4513 3151 87 10 1.10 1.14 3152
 1281 4497 3151 87 10 1.10 1.14 3152
 1281 4273 3151 87 10 1.10 1.14 3152
 1281 4289 3151 87 10 1.10 1.14 3152
 1297 4705 3151 87 10 1.10 1.14 3152
 1297 4609 3151 87 10 1.10 1.14 3152
 1297 4593 3151 87 10 1.10 1.14 3152
 1297 4577 3151 87 10 1.10 1.14 3152
 1297 4721 3151 87 10 1.10 1.14 3152
 1297 4753 3151 63 14 1.10 1.14 3152
 1297 4561 3151 87 10 1.10 1.14 3152
 1297 4545 3151 87 10 1.10 1.14 3152
 1297 4529 3151 87 10 1.10 1.14 3152
 1297 4513 3151 87 10 1.10 1.14 3152
 1297 4497 3151 87 10 1.10 1.14 3152
 1297 4273 3151 87 10 1.10 1.14 3152
 1297 4289 3151 87 10 1.10 1.14 3152
 1313 4705 3151 87 10 1.10 1.14 3152
 1313 4657 3151 59 1 1.10 1.14 3152
 1313 4609 3151 87 10 1.10 1.14 3152
 1313 4593 3151 87 10 1.10 1.14 3152
 1313 4577 3151 87 10 1.10 1.14 3152
 1313 4721 3151 87 10 1.10 1.14 3152
 1313 4753 3151 63 14 1.10 1.14 3152
 1313 4561 3151 87 10 1.10 1.14 3152
 1313 4545 3151 87 10 1.10 1.14 3152
 1313 4529 3151 87 10 1.10 1.14 3152
 1313 4513 3151 87 10 1.10 1.14 3152
 1313 4497 3151 87 10 1.10 1.14 3152
 1313 4481 3151 87 10 1.10 1.14 3152
 1313 4465 3151 87 10 1.10 1.14 3152
 1313 4449 3151 87 10 1.10 1.14 3152
 1313 4433 3151 87 10 1.10 1.14 3152
 1313 4273 3151 87 10 1.10 1.14 3152
 1313 4289 3151 87 10 1.10 1.14 3152
 1313 4305 3151 87 10 1.10 1.14 3152
 1313 4321 3151 87 10 1.10 1.14 3152
 1313 4417 3151 87 10 1.10 1.14 3152
 1313 4401 3151 87 10 1.10 1.14 3152
 1313 4385 3151 87 10 1.10 1.14 3152
 1313 4337 3151 87 10 1.10 1.14 3152
 1313 4353 3151 87 10 1.10 1.14 3152
 1313 4369 3151 87 10 1.10 1.14 3152
 1329 4705 3151 87 10 1.10 1.14 3152
 1329 4657 3151 59 5 1.10 1.14 3152
 1329 4609 3151 87 10 1.10 1.14 3152
 1329 4593 3151 87 10 1.10 1.14 3152
 1329 4577 3151 87 10 1.10 1.14 3152
 1329 4721 3151 87 10 1.10 1.14 3152
 1329 4753 3151 63 14 1.10 1.14 3152
 1329 4561 3151 87 10 1.10 1.14 3152
 1329 4545 3151 87 10 1.10 1.14 3152
 1329 4529 3151 87 10 1.10 1.14 3152
 1329 4513 3151 87 10 1.10 1.14 3152
 1329 4497 3151 87 10 1.10 1.14 3152
 1329 4481 3151 87 10 1.10 1.14 3152
 1329 4465 3151 87 10 1.10 1.14 3152
 1329 4273 3151 87 10 1.10 1.14 3152
 1329 4289 3151 87 10 1.10 1.14 3152
 1329 4305 3151 87 10 1.10 1.14 3152
 1329 4321 3151 87 10 1.10 1.14 3152
 1329 4337 3151 87 10 1.10 1.14 3152
 1329 4353 3151 87 10 1.10 1.14 3152
 1329 4369 3195 87 12 1.10 1.14 3196
 1345 4721 3151 87 10 1.10 1.14 3152
 1345 4705 3151 87 10 1.10 1.14 3152
 1345 4657 3151 60 1 1.10 1.14 3152
 1345 4609 3151 87 10 1.10 1.14 3152
 1345 4593 3151 87 10 1.10 1.14 3152
 1345 4577 3151 87 10 1.10 1.14 3152
 1345 4737 3192 63 17 1.10 1.14 3193
 1345 4561 3151 87 10 1.10 1.14 3152
 1345 4545 3151 87 10 1.10 1.14 3152
 1345 4529 3151 87 10 1.10 1.14 3152
 1345 4513 3151 87 10 1.10 1.14 3152
 1345 4497 3151 87 10 1.10 1.14 3152
 1345 4481 3151 87 10 1.10 1.14 3152
 1345 4465 3151 87 10 1.10 1.14 3152
 1345 4273 3151 87 10 1.10 1.14 3152
 1345 4289 3151 87 10 1.10 1.14 3152
 1345 4305 3151 87 10 1.10 1.14 3152
 1345 4321 3151 87 10 1.10 1.14 3152
 1345 4337 3151 87 10 1.10 1.14 3152
 1345 4353 3151 87 10 1.10 1.14 3152
 1361 4721 3151 87 10 1.10 1.14 3152
 1361 4705 3151 87 10 1.10 1.14 3152
 1361 4609 3151 87 10 1.10 1.14 3152
 1361 4593 3151 87 10 1.10 1.14 3152
 1361 4577 3151 87 10 1.10 1.14 3152
 1361 4737 3151 87 10 1.10 1.14 3152
 1361 4753 3151 63 16 1.10 1.14 3152
 1361 4561 3151 87 10 1.10 1.14 3152
 1361 4545 3151 87 10 1.10 1.14 3152
 1361 4529 3151 87 10 1.10 1.14 3152
 1361 4513 3151 87 10 1.10 1.14 3152
 1361 4497 3151 87 10 1.10 1.14 3152
 1361 4481 3151 87 10 1.10 1.14 3152
 1361 4465 3151 87 10 1.10 1.14 3152
 1361 4353 3151 87 10 1.10 1.14 3152
 1361 4337 3151 87 10 1.10 1.14 3152
 1361 4321 3151 87 10 1.10 1.14 3152
 1361 4305 3151 87 10 1.10 1.14 3152
 1361 4289 3151 87 10 1.10 1.14 3152
 1377 4721 3151 87 10 1.10 1.14 3152
 1377 4705 3151 87 10 1.10 1.14 3152
 1377 4641 3151 87 10 1.10 1.14 3152
 1377 4625 3151 87 10 1.10 1.14 3152
 1377 4609 3151 87 10 1.10 1.14 3152
 1377 4593 3151 87 10 1.10 1.14 3152
 1377 4577 3151 87 10 1.10 1.14 3152
 1377 4737 3151 87 10 1.10 1.14 3152
 1377 4753 3151 87 10 1.10 1.14 3152
 1377 4561 3151 87 10 1.10 1.14 3152
 1377 4545 3151 87 10 1.10 1.14 3152
 1377 4529 3151 87 10 1.10 1.14 3152
 1377 4513 3151 87 10 1.10 1.14 3152
 1377 4497 3151 87 10 1.10 1.14 3152
 1377 4481 3151 87 10 1.10 1.14 3152
 1377 4465 3151 87 10 1.10 1.14 3152
 1377 4353 3151 87 10 1.10 1.14 3152
 1377 4337 3151 87 10 1.10 1.14 3152
 1377 4321 3151 87 10 1.10 1.14 3152
 1377 4305 3151 87 10 1.10 1.14 3152
 1377 4289 3151 87 10 1.10 1.14 3152
 1393 4721 3151 87 10 1.10 1.14 3152
 1393 4705 3151 87 10 1.10 1.14 3152
 1393 4593 3151 87 10 1.10 1.14 3152
 1393 4577 3151 87 10 1.10 1.14 3152
 1393 4737 3151 87 10 1.10 1.14 3152
 1393 4753 3151 87 10 1.10 1.14 3152
 1393 4561 3151 87 10 1.10 1.14 3152
 1393 4545 3151 87 10 1.10 1.14 3152
 1393 4529 3151 87 10 1.10 1.14 3152
 1393 4513 3151 87 10 1.10 1.14 3152
 1393 4497 3151 87 10 1.10 1.14 3152
 1393 4481 3151 87 10 1.10 1.14 3152
 1393 4465 3151 87 10 1.10 1.14 3152
 1393 4353 3151 87 10 1.10 1.14 3152
 1393 4337 3151 87 10 1.10 1.14 3152
 1393 4321 3151 87 10 1.10 1.14 3152
 1393 4305 3151 87 10 1.10 1.14 3152
 1393 4289 3151 87 10 1.10 1.14 3152
 1409 4721 3151 87 10 1.10 1.14 3152
 1409 4705 3151 87 10 1.10 1.14 3152
 1409 4737 3151 87 10 1.10 1.14 3152
 1409 4753 3151 63 16 1.10 1.14 3152
 1409 4561 3151 87 10 1.10 1.14 3152
 1409 4545 3151 87 10 1.10 1.14 3152
 1409 4529 3151 87 10 1.10 1.14 3152
 1409 4513 3151 87 10 1.10 1.14 3152
 1409 4497 3151 87 10 1.10 1.14 3152
 1409 4481 3151 87 10 1.10 1.14 3152
 1409 4465 3151 87 10 1.10 1.14 3152
 1409 4353 3151 87 10 1.10 1.14 3152
 1409 4337 3151 87 10 1.10 1.14 3152
 1409 4321 3151 87 10 1.10 1.14 3152
 1409 4305 3151 87 10 1.10 1.14 3152
 1409 4289 3151 87 10 1.10 1.14 3152
 1425 4721 3151 87 10 1.10 1.14 3152
 1425 4705 3151 87 10 1.10 1.14 3152
 1425 4689 3151 87 10 1.10 1.14 3152
 1425 4673 3151 87 10 1.10 1.14 3152
 1425 4737 3151 63 16 1.10 1.14 3152
 1425 4753 3151 63 16 1.10 1.14 3152
 1425 4561 3151 87 10 1.10 1.14 3152
 1425 4545 3151 87 10 1.10 1.14 3152
 1425 4529 3151 87 10 1.10 1.14 3152
 1425 4513 3151 87 10 1.10 1.14 3152
 1425 4497 3151 87 10 1.10 1.14 3152
 1425 4481 3151 87 10 1.10 1.14 3152
 1425 4385 3195 87 12 1.10 1.14 3196
 1425 4369 3151 87 10 1.10 1.14 3152
 1425 4353 3151 87 10 1.10 1.14 3152
 1425 4337 3151 87 10 1.10 1.14 3152
 1425 4321 3151 87 10 1.10 1.14 3152
 1425 4305 3151 87 10 1.10 1.14 3152
 1441 4721 3151 87 10 1.10 1.14 3152
 1441 4705 3151 87 10 1.10 1.14 3152
 1441 4689 3151 87 10 1.10 1.14 3152
 1441 4737 3151 63 16 1.10 1.14 3152
 1441 4753 3151 63 16 1.10 1.14 3152
 1441 4673 3151 87 10 1.10 1.14 3152
 1441 4657 3151 87 10 1.10 1.14 3152
 1441 4529 3151 87 10 1.10 1.14 3152
 1441 4513 3151 87 10 1.10 1.14 3152
 1441 4497 3151 87 10 1.10 1.14 3152
 1441 4481 3151 87 10 1.10 1.14 3152
 1441 4369 3151 87 10 1.10 1.14 3152
 1441 4353 3151 87 10 1.10 1.14 3152
 1441 4337 3151 87 10 1.10 1.14 3152
 1441 4321 3151 87 10 1.10 1.14 3152
 1441 4305 3151 87 10 1.10 1.14 3152
 1457 4721 3151 63 14 1.10 1.14 3152
 1457 4705 3151 87 10 1.10 1.14 3152
 1457 4689 3151 87 10 1.10 1.14 3152
 1457 4737 3151 63 16 1.10 1.14 3152
 1457 4753 3151 63 16 1.10 1.14 3152
 1457 4673 3151 87 10 1.10 1.14 3152
 1457 4657 3151 87 10 1.10 1.14 3152
 1457 4641 3151 87 10 1.10 1.14 3152
 1457 4625 3151 87 10 1.10 1.14 3152
 1457 4497 3151 87 10 1.10 1.14 3152
 1457 4481 3151 87 10 1.10 1.14 3152
 1457 4369 3151 87 10 1.10 1.14 3152
 1457 4353 3151 87 10 1.10 1.14 3152
 1457 4337 3151 87 10 1.10 1.14 3152
 1457 4321 3151 87 10 1.10 1.14 3152
 1457 4305 3151 87 10 1.10 1.14 3152
 1473 4721 3151 63 14 1.10 1.14 3152
 1473 4737 3151 63 16 1.10 1.14 3152
 1473 4753 3151 63 16 1.10 1.14 3152
 1473 4673 3151 87 10 1.10 1.14 3152
 1473 4657 3151 87 10 1.10 1.14 3152
 1473 4641 3151 87 10 1.10 1.14 3152
 1473 4625 3151 87 10 1.10 1.14 3152
 1473 4481 3151 87 10 1.10 1.14 3152
 1473 4369 3151 87 10 1.10 1.14 3152
 1473 4353 3151 87 10 1.10 1.14 3152
 1473 4337 3151 87 10 1.10 1.14 3152
 1473 4321 3151 87 10 1.10 1.14 3152
 1473 4305 3151 87 10 1.10 1.14 3152
 1489 4721 3151 63 14 1.10 1.14 3152
 1489 4737 3151 63 16 1.10 1.14 3152
 1489 4753 3151 63 16 1.10 1.14 3152
 1489 4657 3151 87 10 1.10 1.14 3152
 1489 4641 3151 87 10 1.10 1.14 3152
 1489 4625 3151 87 10 1.10 1.14 3152
 1489 4481 3151 87 10 1.10 1.14 3152
 1489 4369 3151 87 10 1.10 1.14 3152
 1489 4353 3151 87 10 1.10 1.14 3152
 1489 4337 3151 87 10 1.10 1.14 3152
 1489 4321 3151 87 10 1.10 1.14 3152
 1489 4305 3151 87 10 1.10 1.14 3152
 1505 4721 3151 63 14 1.10 1.14 3152
 1505 4737 3151 63 16 1.10 1.14 3152
 1505 4753 3151 63 16 1.10 1.14 3152
 1505 4657 3151 87 10 1.10 1.14 3152
 1505 4641 3151 87 10 1.10 1.14 3152
 1505 4625 3151 87 10 1.10 1.14 3152
 1505 4369 3151 87 10 1.10 1.14 3152
 1505 4353 3151 87 10 1.10 1.14 3152
 1505 4337 3151 87 10 1.10 1.14 3152
 1505 4321 3151 87 10 1.10 1.14 3152
 1505 4305 3151 87 10 1.10 1.14 3152
 1521 4721 3151 63 14 1.10 1.14 3152
 1521 4737 3151 63 16 1.10 1.14 3152
 1521 4753 3151 63 16 1.10 1.14 3152
 1521 4657 3151 87 10 1.10 1.14 3152
 1521 4641 3151 87 10 1.10 1.14 3152
 1521 4625 3151 87 10 1.10 1.14 3152
 1537 4721 3151 63 14 1.10 1.14 3152
 1537 4737 3151 63 16 1.10 1.14 3152
 1537 4753 3151 63 16 1.10 1.14 3152
 1537 4641 3151 87 10 1.10 1.14 3152
 1537 4625 3151 87 10 1.10 1.14 3152
 1553 4721 3151 63 14 1.10 1.14 3152
 1553 4737 3151 63 16 1.10 1.14 3152
 1553 4753 3151 63 16 1.10 1.14 3152
 1553 4641 3151 87 10 1.10 1.14 3152
 1553 4625 3151 87 10 1.10 1.14 3152
 1569 4721 3151 63 14 1.10 1.14 3152
 1569 4737 3151 63 16 1.10 1.14 3152
 1569 4753 3151 63 16 1.10 1.14 3152
 1569 4641 3151 87 10 1.10 1.14 3152
 1569 4625 3151 87 10 1.10 1.14 3152
 1569 4369 3151 61 1 1.10 1.14 3152
 1585 4721 3151 63 14 1.10 1.14 3152
 1585 4737 3151 63 16 1.10 1.14 3152
 1585 4753 3151 63 16 1.10 1.14 3152
 1585 4641 3151 87 10 1.10 1.14 3152
 1585 4625 3151 87 10 1.10 1.14 3152
 1601 4721 3151 63 14 1.10 1.14 3152
 1601 4737 3151 63 16 1.10 1.14 3152
 1601 4753 3151 63 16 1.10 1.14 3152
 1601 4641 3151 87 10 1.10 1.14 3152
 1601 4625 3151 87 10 1.10 1.14 3152
 1601 4561 3693 57 26 1.10 -5.86 3694
 1617 4721 3151 63 14 1.10 1.14 3152
 1617 4737 3151 63 16 1.10 1.14 3152
 1617 4753 3151 63 16 1.10 1.14 3152
 1617 4657 3151 87 10 1.10 1.14 3152
 1617 4641 3151 87 10 1.10 1.14 3152
 1617 4625 3151 87 10 1.10 1.14 3152
 1633 4721 3151 63 14 1.10 1.14 3152
 1633 4737 3151 63 16 1.10 1.14 3152
 1633 4753 3151 63 16 1.10 1.14 3152
 1633 4657 3151 87 10 1.10 1.14 3152
 1633 4641 3151 87 10 1.10 1.14 3152
 1633 4625 3151 87 10 1.10 1.14 3152
 1633 4417 3151 61 1 1.10 1.14 3152
 1649 4721 3151 63 14 1.10 1.14 3152
 1649 4737 3151 63 16 1.10 1.14 3152
 1649 4753 3151 63 16 1.10 1.14 3152
 1649 4657 3151 87 10 1.10 1.14 3152
 1649 4641 3151 87 10 1.10 1.14 3152
 1649 4625 3151 87 10 1.10 1.14 3152
 1665 4721 3151 63 14 1.10 1.14 3152
 1665 4737 3151 63 16 1.10 1.14 3152
 1665 4753 3151 63 16 1.10 1.14 3152
 1665 4673 3151 87 10 1.10 1.14 3152
 1665 4657 3151 87 10 1.10 1.14 3152
 1665 4641 3151 87 10 1.10 1.14 3152
 1665 4625 3151 87 10 1.10 1.14 3152
 1681 4721 3151 63 14 1.10 1.14 3152
 1681 4737 3151 63 16 1.10 1.14 3152
 1681 4689 3151 87 10 1.10 1.14 3152
 1681 4705 3151 87 10 1.10 1.14 3152
 1681 4753 3151 63 16 1.10 1.14 3152
 1681 4673 3151 87 10 1.10 1.14 3152
 1681 4657 3151 87 10 1.10 1.14 3152
 1681 4641 3151 87 10 1.10 1.14 3152
 1681 4625 3151 87 10 1.10 1.14 3152
 1697 4721 3151 87 10 1.10 1.14 3152
 1697 4737 3151 63 16 1.10 1.14 3152
 1697 4705 3151 87 10 1.10 1.14 3152
 1697 4689 3151 87 10 1.10 1.14 3152
 1697 4753 3151 63 16 1.10 1.14 3152
 1697 4673 3151 87 10 1.10 1.14 3152
 1697 4657 3151 87 10 1.10 1.14 3152
 1697 4641 3151 87 10 1.10 1.14 3152
 1697 4625 3151 63 1 1.10 1.14 3152
 1713 4721 3151 87 10 1.10 1.14 3152
 1713 4737 3151 63 16 1.10 1.14 3152
 1713 4705 3151 87 10 1.10 1.14 3152
 1713 4689 3151 87 10 1.10 1.14 3152
 1713 4753 3151 63 16 1.10 1.14 3152
 1713 4673 3151 87 10 1.10 1.14 3152
 1713 4657 3151 87 10 1.10 1.14 3152
 1713 4417 3151 61 1 1.10 1.14 3152
 1729 4721 3151 87 10 1.10 1.14 3152
 1729 4737 3151 87 10 1.10 1.14 3152
 1729 4705 3151 87 10 1.10 1.14 3152
 1729 4689 3151 87 10 1.10 1.14 3152
 1729 4753 3151 87 10 1.10 1.14 3152
 1729 4673 3151 87 10 1.10 1.14 3152
 1729 4657 3151 87 10 1.10 1.14 3152
 1745 4721 3151 87 10 1.10 1.14 3152
 1745 4737 3151 87 10 1.10 1.14 3152
 1745 4705 3151 87 10 1.10 1.14 3152
 1745 4689 3151 87 10 1.10 1.14 3152
 1745 4753 3151 87 10 1.10 1.14 3152
 1745 4673 3151 87 10 1.10 1.14 3152
 1745 4657 3151 87 10 1.10 1.14 3152
 1761 4721 3151 87 10 1.10 1.14 3152
 1761 4737 3151 87 10 1.10 1.14 3152
 1761 4705 3151 87 10 1.10 1.14 3152
 1761 4689 3151 87 10 1.10 1.14 3152
 1761 4753 3151 87 10 1.10 1.14 3152
 1761 4673 3151 87 10 1.10 1.14 3152
 1761 4657 3151 87 10 1.10 1.14 3152
 1761 4641 3151 87 10 1.10 1.14 3152
 1777 4721 3151 87 10 1.10 1.14 3152
 1777 4737 3151 87 10 1.10 1.14 3152
 1777 4705 3151 87 10 1.10 1.14 3152
 1777 4689 3151 87 10 1.10 1.14 3152
 1777 4673 3151 87 10 1.10 1.14 3152
 1777 4753 3151 87 10 1.10 1.14 3152
 1777 4657 3151 87 10 1.10 1.14 3152
 1777 4641 3151 87 10 1.10 1.14 3152
 1793 4721 3151 63 14 1.10 1.14 3152
 1793 4737 3151 63 16 1.10 1.14 3152
 1793 4705 3151 87 10 1.10 1.14 3152
 1793 4689 3151 87 10 1.10 1.14 3152
 1793 4673 3151 87 10 1.10 1.14 3152
 1793 4657 3151 87 10 1.10 1.14 3152
 1793 4753 3151 63 16 1.10 1.14 3152
 1793 4641 3151 87 10 1.10 1.14 3152
 1793 4625 3151 87 10 1.10 1.14 3152
 1793 4401 3151 61 1 1.10 1.14 3152
 1809 4721 3151 63 14 1.10 1.14 3152
 1809 4737 3151 63 16 1.10 1.14 3152
 1809 4689 3151 87 10 1.10 1.14 3152
 1809 4673 3151 87 10 1.10 1.14 3152
 1809 4641 3151 87 10 1.10 1.14 3152
 1809 4657 3151 87 10 1.10 1.14 3152
 1809 4753 3151 63 16 1.10 1.14 3152
 1809 4625 3151 87 10 1.10 1.14 3152
 1825 4721 3151 63 14 1.10 1.14 3152
 1825 4689 3151 87 10 1.10 1.14 3152
 1825 4673 3151 87 10 1.10 1.14 3152
 1825 4657 3151 87 10 1.10 1.14 3152
 1825 4641 3151 87 10 1.10 1.14 3152
 1825 4625 3151 87 10 1.10 1.14 3152
 1825 4737 3151 63 16 1.10 1.14 3152
 1825 4753 3151 63 16 1.10 1.14 3152
 1841 4721 3151 63 14 1.10 1.14 3152
 1841 4673 3151 87 10 1.10 1.14 3152
 1841 4657 3151 87 10 1.10 1.14 3152
 1841 4641 3151 87 10 1.10 1.14 3152
 1841 4625 3151 87 10 1.10 1.14 3152
 1841 4737 3151 63 16 1.10 1.14 3152
 1841 4753 3151 63 16 1.10 1.14 3152
 1841 4369 3151 61 1 1.10 1.14 3152
 1857 4721 3151 63 14 1.10 1.14 3152
 1857 4641 3151 87 10 1.10 1.14 3152
 1857 4625 3151 87 10 1.10 1.14 3152
 1857 4657 3151 87 10 1.10 1.14 3152
 1857 4737 3151 63 16 1.10 1.14 3152
 1857 4753 3151 63 16 1.10 1.14 3152
 1873 4721 3151 63 14 1.10 1.14 3152
 1873 4641 3151 87 10 1.10 1.14 3152
 1873 4625 3151 87 10 1.10 1.14 3152
 1873 4657 3151 87 10 1.10 1.14 3152
 1873 4737 3151 63 16 1.10 1.14 3152
 1873 4753 3151 63 16 1.10 1.14 3152
 1873 4561 3693 57 26 1.10 -5.86 3694
 1889 4721 3151 63 14 1.10 1.14 3152
 1889 4625 3151 87 10 1.10 1.14 3152
 1889 4641 3151 87 10 1.10 1.14 3152
 1889 4657 3151 87 10 1.10 1.14 3152
 1889 4737 3151 63 16 1.10 1.14 3152
 1889 4753 3151 63 16 1.10 1.14 3152
 1905 4721 3151 63 14 1.10 1.14 3152
 1905 4625 3151 87 10 1.10 1.14 3152
 1905 4641 3151 87 10 1.10 1.14 3152
 1905 4737 3151 63 16 1.10 1.14 3152
 1905 4753 3151 63 16 1.10 1.14 3152
 1921 4721 3151 63 14 1.10 1.14 3152
 1921 4641 3151 87 10 1.10 1.14 3152
 1921 4625 3151 87 10 1.10 1.14 3152
 1921 4737 3151 63 16 1.10 1.14 3152
 1921 4753 3151 63 16 1.10 1.14 3152
 1921 4401 3151 61 1 1.10 1.14 3152
 1937 4721 3151 63 14 1.10 1.14 3152
 1937 4641 3151 87 10 1.10 1.14 3152
 1937 4625 3151 87 10 1.10 1.14 3152
 1937 4737 3151 63 16 1.10 1.14 3152
 1937 4753 3151 63 16 1.10 1.14 3152
 1953 4721 3151 63 14 1.10 1.14 3152
 1953 4625 3151 87 10 1.10 1.14 3152
 1953 4641 3151 87 10 1.10 1.14 3152
 1953 4737 3151 63 16 1.10 1.14 3152
 1953 4753 3151 63 16 1.10 1.14 3152
 1969 4721 3151 63 14 1.10 1.14 3152
 1969 4657 3151 87 10 1.10 1.14 3152
 1969 4641 3151 87 10 1.10 1.14 3152
 1969 4625 3151 87 10 1.10 1.14 3152
 1969 4737 3151 63 16 1.10 1.14 3152
 1969 4753 3151 63 16 1.10 1.14 3152
 1969 4353 3151 61 1 1.10 1.14 3152
 1985 4721 3151 63 14 1.10 1.14 3152
 1985 4657 3151 87 10 1.10 1.14 3152
 1985 4641 3151 87 10 1.10 1.14 3152
 1985 4625 3151 87 10 1.10 1.14 3152
 1985 4737 3151 63 16 1.10 1.14 3152
 1985 4753 3151 63 16 1.10 1.14 3152
 2001 4721 3151 63 14 1.10 1.14 3152
 2001 4657 3151 87 10 1.10 1.14 3152
 2001 4625 3151 87 10 1.10 1.14 3152
 2001 4641 3151 87 10 1.10 1.14 3152
 2001 4737 3151 63 16 1.10 1.14 3152
 2001 4753 3151 63 16 1.10 1.14 3152
 2017 4721 3151 63 14 1.10 1.14 3152
 2017 4689 3151 87 10 1.10 1.14 3152
 2017 4673 3151 87 10 1.10 1.14 3152
 2017 4641 3151 87 10 1.10 1.14 3152
 2017 4625 3151 87 10 1.10 1.14 3152
 2017 4657 3151 87 10 1.10 1.14 3152
 2017 4737 3151 63 16 1.10 1.14 3152
 2017 4753 3151 63 16 1.10 1.14 3152
 2033 4721 3151 63 14 1.10 1.14 3152
 2033 4705 3151 87 10 1.10 1.14 3152
 2033 4641 3151 87 10 1.10 1.14 3152
 2033 4625 3151 87 10 1.10 1.14 3152
 2033 4657 3151 87 10 1.10 1.14 3152
 2033 4673 3151 87 10 1.10 1.14 3152
 2033 4689 3151 87 10 1.10 1.14 3152
 2033 4737 3151 63 16 1.10 1.14 3152
 2033 4753 3151 63 16 1.10 1.14 3152
 2033 4353 3151 61 1 1.10 1.14 3152
 2049 4721 3151 63 14 1.10 1.14 3152
 2049 4705 3151 87 10 1.10 1.14 3152
 2049 4641 3151 87 10 1.10 1.14 3152
 2049 4657 3151 87 10 1.10 1.14 3152
 2049 4673 3151 87 10 1.10 1.14 3152
 2049 4689 3151 87 10 1.10 1.14 3152
 2049 4625 3151 63 1 1.10 1.14 3152
 2049 4737 3151 63 16 1.10 1.14 3152
 2049 4753 3151 63 16 1.10 1.14 3152
 2065 4721 3151 87 10 1.10 1.14 3152
 2065 4705 3151 87 10 1.10 1.14 3152
 2065 4641 3151 87 10 1.10 1.14 3152
 2065 4657 3151 87 10 1.10 1.14 3152
 2065 4673 3151 87 10 1.10 1.14 3152
 2065 4689 3151 87 10 1.10 1.14 3152
 2065 4625 3151 63 1 1.10 1.14 3152
 2065 4737 3151 87 10 1.10 1.14 3152
 2065 4753 3151 87 10 1.10 1.14 3152
 2081 4721 3151 87 10 1.10 1.14 3152
 2081 4705 3151 87 10 1.10 1.14 3152
 2081 4657 3151 87 10 1.10 1.14 3152
 2081 4673 3151 87 10 1.10 1.14 3152
 2081 4689 3151 87 10 1.10 1.14 3152
 2081 4737 3151 87 10 1.10 1.14 3152
 2081 4753 3151 87 10 1.10 1.14 3152
 2097 4721 3151 87 10 1.10 1.14 3152
 2097 4705 3151 87 10 1.10 1.14 3152
 2097 4657 3151 87 10 1.10 1.14 3152
 2097 4689 3151 87 10 1.10 1.14 3152
 2097 4673 3151 87 10 1.10 1.14 3152
 2097 4737 3151 87 10 1.10 1.14 3152
 2097 4753 3151 87 10 1.10 1.14 3152
 2097 4385 3151 61 1 1.10 1.14 3152
 2113 4721 3151 87 10 1.10 1.14 3152
 2113 4705 3151 87 10 1.10 1.14 3152
 2113 4641 3151 87 10 1.10 1.14 3152
 2113 4689 3151 87 10 1.10 1.14 3152
 2113 4673 3151 87 10 1.10 1.14 3152
 2113 4657 3151 87 10 1.10 1.14 3152
 2113 4737 3151 87 10 1.10 1.14 3152
 2113 4753 3151 87 10 1.10 1.14 3152
 2129 4721 3151 87 10 1.10 1.14 3152
 2129 4705 3151 87 10 1.10 1.14 3152
 2129 4657 3151 87 10 1.10 1.14 3152
 2129 4673 3151 87 10 1.10 1.14 3152
 2129 4641 3151 87 10 1.10 1.14 3152
 2129 4689 3151 87 10 1.10 1.14 3152
 2129 4625 3151 87 10 1.10 1.14 3152
 2129 4737 3151 87 10 1.10 1.14 3152
 2129 4753 3151 87 10 1.10 1.14 3152
 2145 4721 3151 87 10 1.10 1.14 3152
 2145 4705 3151 87 10 1.10 1.14 3152
 2145 4625 3151 87 10 1.10 1.14 3152
 2145 4641 3151 87 10 1.10 1.14 3152
 2145 4657 3151 87 10 1.10 1.14 3152
 2145 4689 3151 87 10 1.10 1.14 3152
 2145 4673 3151 87 10 1.10 1.14 3152
 2145 4737 3151 63 16 1.10 1.14 3152
 2145 4753 3151 63 16 1.10 1.14 3152
 2145 4337 3151 61 1 1.10 1.14 3152
 2161 4721 3151 63 14 1.10 1.14 3152
 2161 4705 3151 87 10 1.10 1.14 3152
 2161 4625 3151 87 10 1.10 1.14 3152
 2161 4641 3151 87 10 1.10 1.14 3152
 2161 4689 3151 87 10 1.10 1.14 3152
 2161 4673 3151 87 10 1.10 1.14 3152
 2161 4657 3151 87 10 1.10 1.14 3152
 2161 4737 3151 63 16 1.10 1.14 3152
 2161 4753 3151 63 16 1.10 1.14 3152
 2177 4721 3151 63 14 1.10 1.14 3152
 2177 4689 3151 87 10 1.10 1.14 3152
 2177 4673 3151 87 10 1.10 1.14 3152
 2177 4657 3151 87 10 1.10 1.14 3152
 2177 4641 3151 87 10 1.10 1.14 3152
 2177 4625 3151 87 10 1.10 1.14 3152
 2177 4737 3151 63 16 1.10 1.14 3152
 2177 4753 3151 63 16 1.10 1.14 3152
 2193 4721 3151 63 14 1.10 1.14 3152
 2193 4689 3151 87 10 1.10 1.14 3152
 2193 4625 3151 87 10 1.10 1.14 3152
 2193 4657 3151 87 10 1.10 1.14 3152
 2193 4673 3151 87 10 1.10 1.14 3152
 2193 4641 3151 87 10 1.10 1.14 3152
 2193 4737 3151 63 16 1.10 1.14 3152
 2193 4753 3151 63 16 1.10 1.14 3152
 2193 4289 3151 61 1 1.10 1.14 3152
 2209 4721 3151 63 14 1.10 1.14 3152
 2209 4737 3151 63 16 1.10 1.14 3152
 2209 4673 3151 87 10 1.10 1.14 3152
 2209 4657 3151 87 10 1.10 1.14 3152
 2209 4641 3151 87 10 1.10 1.14 3152
 2209 4625 3151 87 10 1.10 1.14 3152
 2209 4753 3151 63 16 1.10 1.14 3152
 2209 4561 3693 57 26 1.10 -5.86 3694
 2225 4721 3151 63 14 1.10 1.14 3152
 2225 4737 3151 63 16 1.10 1.14 3152
 2225 4625 3151 87 10 1.10 1.14 3152
 2225 4641 3151 87 10 1.10 1.14 3152
 2225 4657 3151 87 10 1.10 1.14 3152
 2225 4753 3151 63 16 1.10 1.14 3152
 2241 4721 3151 63 14 1.10 1.14 3152
 2241 4737 3151 63 16 1.10 1.14 3152
 2241 4625 3151 87 10 1.10 1.14 3152
 2241 4641 3151 87 10 1.10 1.14 3152
 2241 4657 3151 87 10 1.10 1.14 3152
 2241 4753 3151 63 16 1.10 1.14 3152
 2241 4241 3151 61 1 1.10 1.14 3152
 2257 4721 3151 63 14 1.10 1.14 3152
 2257 4737 3151 63 16 1.10 1.14 3152
 2257 4641 3151 87 10 1.10 1.14 3152
 2257 4625 3151 87 10 1.10 1.14 3152
 2257 4657 3151 87 10 1.10 1.14 3152
 2257 4753 3151 63 16 1.10 1.14 3152
 2273 4721 3151 63 14 1.10 1.14 3152
 2273 4737 3151 63 16 1.10 1.14 3152
 2273 4657 3151 87 10 1.10 1.14 3152
 2273 4625 3151 87 10 1.10 1.14 3152
 2273 4753 3151 63 16 1.10 1.14 3152
 2289 4721 3151 63 14 1.10 1.14 3152
 2289 4737 3151 63 16 1.10 1.14 3152
 2289 4625 3151 87 10 1.10 1.14 3152
 2289 4753 3151 63 16 1.10 1.14 3152
 2305 4721 3151 63 14 1.10 1.14 3152
 2305 4737 3151 63 16 1.10 1.14 3152
 2305 4753 3151 63 16 1.10 1.14 3152
 2305 4257 3151 61 1 1.10 1.14 3152
 2321 4721 3151 63 15 1.10 1.14 3152
 2321 4737 3151 63 16 1.10 1.14 3152
 2321 4753 3151 63 16 1.10 1.14 3152
 2337 4721 3151 63 15 1.10 1.14 3152
 2337 4737 3151 63 16 1.10 1.14 3152
 2337 4753 3151 63 16 1.10 1.14 3152
 2353 4721 3151 63 14 1.10 1.14 3152
 2353 4737 3151 63 16 1.10 1.14 3152
 2353 4753 3151 63 16 1.10 1.14 3152
 2369 4721 3151 63 15 1.10 1.14 3152
 2369 4737 3151 63 16 1.10 1.14 3152
 2369 4753 3151 63 16 1.10 1.14 3152
 2369 4273 3151 61 1 1.10 1.14 3152
 2385 4721 3151 63 14 1.10 1.14 3152
 2385 4737 3151 63 16 1.10 1.14 3152
 2385 4689 3151 87 10 1.10 1.14 3152
 2385 4753 3151 63 16 1.10 1.14 3152
 2401 4721 3151 63 14 1.10 1.14 3152
 2401 4737 3151 63 16 1.10 1.14 3152
 2401 4705 3151 87 10 1.10 1.14 3152
 2401 4689 3151 87 10 1.10 1.14 3152
 2401 4753 3151 63 16 1.10 1.14 3152
 2417 4721 3151 87 10 1.10 1.14 3152
 2417 4737 3151 63 16 1.10 1.14 3152
 2417 4705 3151 87 10 1.10 1.14 3152
 2417 4689 3151 87 10 1.10 1.14 3152
 2417 4753 3151 63 16 1.10 1.14 3152
 2417 4305 3151 61 1 1.10 1.14 3152
 2433 4721 3151 87 10 1.10 1.14 3152
 2433 4737 3151 87 10 1.10 1.14 3152
 2433 4705 3151 87 10 1.10 1.14 3152
 2433 4689 3151 87 10 1.10 1.14 3152
 2433 4753 3151 87 10 1.10 1.14 3152
 2449 4721 3151 87 10 1.10 1.14 3152
 2449 4737 3151 87 10 1.10 1.14 3152
 2449 4705 3151 87 10 1.10 1.14 3152
 2449 4689 3151 87 10 1.10 1.14 3152
 2449 4753 3151 87 10 1.10 1.14 3152
 2465 4721 3151 87 10 1.10 1.14 3152
 2465 4737 3151 87 10 1.10 1.14 3152
 2465 4689 3151 87 10 1.10 1.14 3152
 2465 4705 3151 87 10 1.10 1.14 3152
 2465 4753 3151 87 10 1.10 1.14 3152
 2465 4673 3151 56 20 1.10 -5.86 3152
 2481 4721 3151 63 14 1.10 1.14 3152
 2481 4737 3151 63 16 1.10 1.14 3152
 2481 4689 3151 87 10 1.10 1.14 3152
 2481 4705 3151 87 10 1.10 1.14 3152
 2481 4753 3151 63 16 1.10 1.14 3152
 2481 4305 3151 61 1 1.10 1.14 3152
 2497 4721 3151 63 14 1.10 1.14 3152
 2497 4737 3151 63 16 1.10 1.14 3152
 2497 4689 3151 87 10 1.10 1.14 3152
 2497 4753 3151 63 16 1.10 1.14 3152
 2513 4721 3151 63 15 1.10 1.14 3152
 2513 4737 3151 63 16 1.10 1.14 3152
 2513 4753 3151 63 16 1.10 1.14 3152
 2529 4753 3151 63 16 1.10 1.14 3152
 2529 4737 3151 63 16 1.10 1.14 3152
 2529 4721 3151 63 14 1.10 1.14 3152
 2529 4257 3151 61 1 1.10 1.14 3152
 2545 4737 3151 63 16 1.10 1.14 3152
 2545 4753 3151 63 16 1.10 1.14 3152
 2545 4721 3151 63 14 1.10 1.14 3152
 2561 4737 3151 63 16 1.10 1.14 3152
 2561 4753 3151 63 16 1.10 1.14 3152
 2561 4721 3151 63 15 1.10 1.14 3152
 2577 4737 3151 63 16 1.10 1.14 3152
 2577 4753 3151 63 16 1.10 1.14 3152
 2577 4721 3151 63 14 1.10 1.14 3152
 2577 4289 3151 61 1 1.10 1.14 3152
 2593 4737 3151 63 16 1.10 1.14 3152
 2593 4753 3151 63 16 1.10 1.14 3152
 2593 4721 3151 63 14 1.10 1.14 3152
 2593 4705 3151 87 10 1.10 1.14 3152
 2609 4753 3151 63 16 1.10 1.14 3152
 2609 4721 3151 87 10 1.10 1.14 3152
 2609 4737 3151 87 10 1.10 1.14 3152
 2609 4705 3151 87 10 1.10 1.14 3152
 2625 4737 3151 87 10 1.10 1.14 3152
 2625 4753 3151 87 10 1.10 1.14 3152
 2625 4721 3151 87 10 1.10 1.14 3152
 2625 4705 3151 87 10 1.10 1.14 3152
 2641 4753 3151 87 10 1.10 1.14 3152
 2641 4737 3151 87 10 1.10 1.14 3152
 2641 4721 3151 87 10 1.10 1.14 3152
 2641 4705 3151 87 10 1.10 1.14 3152
 2641 4689 3151 56 20 1.10 -5.86 3152
 2641 4273 3151 61 1 1.10 1.14 3152
 2657 4753 3151 63 16 1.10 1.14 3152
 2657 4737 3151 63 16 1.10 1.14 3152
 2657 4721 3151 87 10 1.10 1.14 3152
 2657 4705 3151 87 10 1.10 1.14 3152
 2673 4753 3151 63 16 1.10 1.14 3152
 2673 4737 3151 63 16 1.10 1.14 3152
 2673 4721 3151 63 14 1.10 1.14 3152
 2673 4705 3151 87 10 1.10 1.14 3152
 2689 4753 3151 63 16 1.10 1.14 3152
 2689 4737 3151 63 16 1.10 1.14 3152
 2689 4721 3151 63 14 1.10 1.14 3152
 2705 4753 3151 63 16 1.10 1.14 3152
 2705 4737 3151 63 16 1.10 1.14 3152
 2705 4721 3151 63 15 1.10 1.14 3152
 2705 4289 3151 61 1 1.10 1.14 3152
 2721 4753 3151 63 16 1.10 1.14 3152
 2721 4737 3151 63 16 1.10 1.14 3152
 2721 4721 3151 63 15 1.10 1.14 3152
 2737 4753 3151 63 16 1.10 1.14 3152
 2737 4737 3151 63 16 1.10 1.14 3152
 2737 4721 3151 63 15 1.10 1.14 3152
 2753 4753 3151 63 16 1.10 1.14 3152
 2753 4737 3151 63 16 1.10 1.14 3152
 2753 4721 3151 63 14 1.10 1.14 3152
 2769 4753 3151 63 16 1.10 1.14 3152
 2769 4737 3151 63 16 1.10 1.14 3152
 2769 4721 3151 63 14 1.10 1.14 3152
 2785 4753 3151 63 16 1.10 1.14 3152
 2785 4737 3151 63 16 1.10 1.14 3152
 2785 4721 3151 63 15 1.10 1.14 3152
 2785 4273 3151 61 1 1.10 1.14 3152
 2801 4753 3151 63 16 1.10 1.14 3152
 2801 4737 3151 63 16 1.10 1.14 3152
 2801 4721 3151 63 14 1.10 1.14 3152
 2817 4753 3151 63 16 1.10 1.14 3152
 2817 4737 3151 63 16 1.10 1.14 3152
 2817 4721 3151 63 14 1.10 1.14 3152
 2817 4657 3151 87 10 1.10 1.14 3152
 2833 4753 3151 63 16 1.10 1.14 3152
 2833 4737 3151 63 16 1.10 1.14 3152
 2833 4721 3151 63 14 1.10 1.14 3152
 2833 4673 3151 87 10 1.10 1.14 3152
 2833 4657 3151 87 10 1.10 1.14 3152
 2849 4753 3151 63 16 1.10 1.14 3152
 2849 4737 3151 63 16 1.10 1.14 3152
 2849 4721 3151 63 14 1.10 1.14 3152
 2849 4673 3151 87 10 1.10 1.14 3152
 2849 4657 3151 87 10 1.10 1.14 3152
 2849 4705 3151 87 10 1.10 1.14 3152
 2849 4689 3151 87 10 1.10 1.14 3152
 2865 4753 3151 87 10 1.10 1.14 3152
 2865 4737 3151 87 10 1.10 1.14 3152
 2865 4721 3151 87 10 1.10 1.14 3152
 2865 4657 3151 87 10 1.10 1.14 3152
 2865 4673 3151 87 10 1.10 1.14 3152
 2865 4689 3151 87 10 1.10 1.14 3152
 2865 4705 3151 87 10 1.10 1.14 3152
 2865 4321 3151 61 1 1.10 1.14 3152
 2881 4753 3151 87 10 1.10 1.14 3152
 2881 4737 3151 87 10 1.10 1.14 3152
 2881 4721 3151 87 10 1.10 1.14 3152
 2881 4657 3151 87 10 1.10 1.14 3152
 2881 4673 3151 87 10 1.10 1.14 3152
 2881 4705 3151 87 10 1.10 1.14 3152
 2881 4689 3151 87 10 1.10 1.14 3152
 2881 4641 3151 56 20 1.10 -5.86 3152
 2897 4753 3151 87 10 1.10 1.14 3152
 2897 4737 3151 87 10 1.10 1.14 3152
 2897 4721 3151 87 10 1.10 1.14 3152
 2897 4705 3151 87 10 1.10 1.14 3152
 2897 4689 3151 87 10 1.10 1.14 3152
 2897 4673 3151 87 10 1.10 1.14 3152
 2897 4657 3151 87 10 1.10 1.14 3152
 2897 4273 3151 61 1 1.10 1.14 3152
 2913 4753 3151 63 16 1.10 1.14 3152
 2913 4737 3151 63 16 1.10 1.14 3152
 2913 4721 3151 63 14 1.10 1.14 3152
 2913 4673 3151 87 10 1.10 1.14 3152
 2913 4689 3151 87 10 1.10 1.14 3152
 2913 4657 3151 87 10 1.10 1.14 3152
 2929 4753 3151 63 16 1.10 1.14 3152
 2929 4737 3151 63 16 1.10 1.14 3152
 2929 4721 3151 63 14 1.10 1.14 3152
 2929 4689 3151 87 10 1.10 1.14 3152
 2929 4673 3151 87 10 1.10 1.14 3152
 2929 4657 3151 87 10 1.10 1.14 3152
 2945 4753 3151 63 16 1.10 1.14 3152
 2945 4737 3151 63 16 1.10 1.14 3152
 2945 4721 3151 63 14 1.10 1.14 3152
 2945 4657 3151 87 10 1.10 1.14 3152
 2945 4225 3151 61 1 1.10 1.14 3152
 2961 4737 3151 63 16 1.10 1.14 3152
 2961 4721 3151 63 14 1.10 1.14 3152
 2961 4753 3151 63 16 1.10 1.14 3152
 2977 4737 3151 63 16 1.10 1.14 3152
 2977 4721 3151 63 14 1.10 1.14 3152
 2977 4753 3151 63 16 1.10 1.14 3152
 2993 4737 3151 63 16 1.10 1.14 3152
 2993 4721 3151 63 14 1.10 1.14 3152
 2993 4753 3151 63 16 1.10 1.14 3152
 2993 4289 3151 61 1 1.10 1.14 3152
 3009 4737 3151 63 16 1.10 1.14 3152
 3009 4705 3192 63 17 1.10 1.14 3193
 3009 4753 3151 63 16 1.10 1.14 3152
 3025 4737 3151 63 16 1.10 1.14 3152
 3025 4689 3192 63 17 1.10 1.14 3193
 3025 4721 3151 63 16 1.10 1.14 3152
 3025 4753 3151 63 16 1.10 1.14 3152
 3025 4673 3151 63 22 1.10 1.14 3152
 3041 4737 3151 63 16 1.10 1.14 3152
 3041 4673 3192 63 17 1.10 1.14 3193
 3041 4721 3151 63 16 1.10 1.14 3152
 3041 4705 3151 63 16 1.10 1.14 3152
 3041 4753 3151 63 16 1.10 1.14 3152
 3057 4673 3151 87 10 1.10 1.14 3152
 3057 4689 3151 87 10 1.10 1.14 3152
 3057 4705 3151 87 10 1.10 1.14 3152
 3057 4737 3151 87 10 1.10 1.14 3152
 3057 4721 3151 87 10 1.10 1.14 3152
 3057 4753 3151 87 10 1.10 1.14 3152
 3057 4657 3151 87 10 1.10 1.14 3152
 3057 4321 3151 61 1 1.10 1.14 3152
 3073 4673 3151 87 10 1.10 1.14 3152
 3073 4737 3151 87 10 1.10 1.14 3152
 3073 4721 3151 87 10 1.10 1.14 3152
 3073 4705 3151 87 10 1.10 1.14 3152
 3073 4689 3151 87 10 1.10 1.14 3152
 3073 4753 3151 87 10 1.10 1.14 3152
 3073 4657 3151 57 22 1.10 -5.86 3152
 3089 4673 3151 87 10 1.10 1.14 3152
 3089 4689 3151 87 10 1.10 1.14 3152
 3089 4737 3151 87 10 1.10 1.14 3152
 3089 4705 3151 87 10 1.10 1.14 3152
 3089 4721 3151 87 10 1.10 1.14 3152
 3089 4753 3151 87 10 1.10 1.14 3152
 3089 4657 3151 57 22 1.10 -5.86 3152
 3105 4673 3151 87 10 1.10 1.14 3152
 3105 4689 3151 87 10 1.10 1.14 3152
 3105 4737 3151 87 10 1.10 1.14 3152
 3105 4705 3151 87 10 1.10 1.14 3152
 3105 4721 3151 87 10 1.10 1.14 3152
 3105 4753 3151 87 10 1.10 1.14 3152
 3105 4657 3151 57 22 1.10 -5.86 3152
 3121 4673 3151 87 10 1.10 1.14 3152
 3121 4689 3151 87 10 1.10 1.14 3152
 3121 4737 3151 87 10 1.10 1.14 3152
 3121 4705 3151 87 10 1.10 1.14 3152
 3121 4721 3151 87 10 1.10 1.14 3152
 3121 4753 3151 87 10 1.10 1.14 3152
 3121 4657 3151 57 22 1.10 -5.86 3152
 3137 4753 3151 87 10 1.10 1.14 3152
 3137 4737 3151 87 10 1.10 1.14 3152
 3137 4721 3151 87 10 1.10 1.14 3152
 3137 4673 3151 87 10 1.10 1.14 3152
 3137 4689 3151 87 10 1.10 1.14 3152
 3137 4705 3151 87 10 1.10 1.14 3152
 3137 4657 3151 57 22 1.10 -5.86 3152
 3137 4289 3151 61 1 1.10 1.14 3152
 3153 4753 3151 87 10 1.10 1.14 3152
 3153 4737 3151 87 10 1.10 1.14 3152
 3153 4721 3151 87 10 1.10 1.14 3152
 3153 4705 3151 87 10 1.10 1.14 3152
 3153 4689 3151 87 10 1.10 1.14 3152
 3153 4673 3151 87 10 1.10 1.14 3152
 3153 4657 3151 57 22 1.10 -5.86 3152
 3169 4753 3151 87 10 1.10 1.14 3152
 3169 4737 3151 87 10 1.10 1.14 3152
 3169 4721 3151 87 10 1.10 1.14 3152
 3169 4705 3151 87 10 1.10 1.14 3152
 3169 4689 3151 87 10 1.10 1.14 3152
 3169 4673 3151 87 10 1.10 1.14 3152
 3169 4657 3151 87 10 1.10 1.14 3152
 3169 4241 3151 61 1 1.10 1.14 3152
 3185 4753 3151 87 10 1.10 1.14 3152
 3185 4737 3151 87 10 1.10 1.14 3152
 3185 4721 3151 87 10 1.10 1.14 3152
 3185 4705 3151 87 10 1.10 1.14 3152
 3185 4689 3151 87 10 1.10 1.14 3152
 3185 4673 3151 87 10 1.10 1.14 3152
 3185 4657 3151 87 10 1.10 1.14 3152
 3201 4753 3151 87 10 1.10 1.14 3152
 3201 4737 3151 87 10 1.10 1.14 3152
 3201 4721 3151 87 10 1.10 1.14 3152
 3201 4705 3151 87 10 1.10 1.14 3152
 3201 4689 3151 87 10 1.10 1.14 3152
 3201 4673 3151 87 10 1.10 1.14 3152
 3201 4657 3151 57 22 1.10 -5.86 3152
 3217 4753 3151 87 10 1.10 1.14 3152
 3217 4737 3151 87 10 1.10 1.14 3152
 3217 4721 3151 87 10 1.10 1.14 3152
 3217 4705 3151 87 10 1.10 1.14 3152
 3217 4689 3151 87 10 1.10 1.14 3152
 3217 4673 3151 87 10 1.10 1.14 3152
 3217 4657 3151 57 22 1.10 -5.86 3152
 3233 4753 3151 87 10 1.10 1.14 3152
 3233 4737 3151 87 10 1.10 1.14 3152
 3233 4721 3151 87 10 1.10 1.14 3152
 3233 4705 3151 87 10 1.10 1.14 3152
 3233 4689 3151 87 10 1.10 1.14 3152
 3233 4673 3151 87 10 1.10 1.14 3152
 3233 4657 3151 57 22 1.10 -5.86 3152
 3249 4753 3151 87 10 1.10 1.14 3152
 3249 4737 3151 87 10 1.10 1.14 3152
 3249 4721 3151 87 10 1.10 1.14 3152
 3249 4705 3151 87 10 1.10 1.14 3152
 3249 4689 3151 87 10 1.10 1.14 3152
 3249 4673 3151 87 10 1.10 1.14 3152
 3249 4657 3151 57 22 1.10 -5.86 3152
 3265 4753 3151 87 10 1.10 1.14 3152
 3265 4737 3151 87 10 1.10 1.14 3152
 3265 4721 3151 87 10 1.10 1.14 3152
 3265 4705 3151 87 10 1.10 1.14 3152
 3265 4689 3151 87 10 1.10 1.14 3152
 3265 4673 3151 87 10 1.10 1.14 3152
 3265 4657 3151 57 22 1.10 -5.86 3152
 3265 4353 3151 87 10 1.10 1.14 3152
 3265 4321 3192 51 1 1.10 1.14 3193 2
 3281 4753 3151 87 10 1.10 1.14 3152
 3281 4737 3151 87 10 1.10 1.14 3152
 3281 4721 3151 87 10 1.10 1.14 3152
 3281 4705 3151 87 10 1.10 1.14 3152
 3281 4689 3151 87 10 1.10 1.14 3152
 3281 4673 3151 87 10 1.10 1.14 3152
 3281 4657 3151 57 22 1.10 -5.86 3152
 3281 4353 3151 87 10 1.10 1.14 3152
 3281 4369 3151 87 10 1.10 1.14 3152
 3297 4753 3151 87 10 1.10 1.14 3152
 3297 4737 3151 87 10 1.10 1.14 3152
 3297 4721 3151 87 10 1.10 1.14 3152
 3297 4705 3151 87 10 1.10 1.14 3152
 3297 4689 3151 87 10 1.10 1.14 3152
 3297 4673 3151 87 10 1.10 1.14 3152
 3297 4657 3151 57 22 1.10 -5.86 3152
 3297 4385 3151 87 10 1.10 1.14 3152
 3297 4401 3151 87 10 1.10 1.14 3152
 3297 4353 3151 63 14 1.10 1.14 3152
 3297 4369 3151 63 16 1.10 1.14 3152
 3313 4753 3151 87 10 1.10 1.14 3152
 3313 4737 3151 87 10 1.10 1.14 3152
 3313 4721 3151 87 10 1.10 1.14 3152
 3313 4705 3151 87 10 1.10 1.14 3152
 3313 4689 3151 87 10 1.10 1.14 3152
 3313 4673 3151 87 10 1.10 1.14 3152
 3313 4657 3151 57 22 1.10 -5.86 3152
 3313 4385 3151 87 10 1.10 1.14 3152
 3313 4401 3151 87 10 1.10 1.14 3152
 3313 4417 3151 87 10 1.10 1.14 3152
 3313 4433 3151 87 10 1.10 1.14 3152
 3313 4353 3151 63 14 1.10 1.14 3152
 3313 4369 3151 63 16 1.10 1.14 3152
 3329 4753 3151 87 10 1.10 1.14 3152
 3329 4737 3151 87 10 1.10 1.14 3152
 3329 4721 3151 87 10 1.10 1.14 3152
 3329 4705 3151 87 10 1.10 1.14 3152
 3329 4689 3151 87 10 1.10 1.14 3152
 3329 4673 3151 87 10 1.10 1.14 3152
 3329 4657 3151 57 22 1.10 -5.86 3152
 3329 4529 3151 87 10 1.10 1.14 3152
 3329 4513 3151 87 10 1.10 1.14 3152
 3329 4353 3151 87 10 1.10 1.14 3152
 3329 4369 3151 87 10 1.10 1.14 3152
 3329 4385 3151 87 10 1.10 1.14 3152
 3329 4401 3151 87 10 1.10 1.14 3152
 3329 4417 3151 87 10 1.10 1.14 3152
 3329 4433 3151 87 10 1.10 1.14 3152
 3329 4449 3151 87 10 1.10 1.14 3152
 3329 4465 3151 87 10 1.10 1.14 3152
 3329 4481 3151 87 10 1.10 1.14 3152
 3329 4497 3151 87 10 1.10 1.14 3152
 3345 4753 3151 87 10 1.10 1.14 3152
 3345 4737 3151 87 10 1.10 1.14 3152
 3345 4721 3151 87 10 1.10 1.14 3152
 3345 4705 3151 87 10 1.10 1.14 3152
 3345 4689 3151 87 10 1.10 1.14 3152
 3345 4673 3151 87 10 1.10 1.14 3152
 3345 4657 3151 87 10 1.10 1.14 3152
 3345 4529 3151 61 2 1.10 1.14 3152
 3345 4449 3151 87 10 1.10 1.14 3152
 3345 4353 3195 87 12 1.10 1.14 3196
 3345 4337 3151 55 3 1.10 -5.86 3152
 3361 4753 3151 87 10 1.10 1.14 3152
 3361 4737 3151 87 10 1.10 1.14 3152
 3361 4721 3151 87 10 1.10 1.14 3152
 3361 4705 3151 87 10 1.10 1.14 3152
 3361 4689 3151 87 10 1.10 1.14 3152
 3361 4673 3151 63 1 1.10 1.14 3152
 3361 4529 3151 61 2 1.10 1.14 3152
 3361 4449 3151 87 10 1.10 1.14 3152
 3361 4497 3192 52 1 1.10 1.14 3193
 3377 3665 3693 87 2 1.10 1.14 3694
 3377 3921 3693 87 2 1.10 1.14 3694
 3377 3857 3693 87 2 1.10 1.14 3694
 3377 3793 3693 87 2 1.10 1.14 3694
 3377 3729 3693 87 2 1.10 1.14 3694
 3377 4753 3151 87 10 1.10 1.14 3152
 3377 4737 3151 87 10 1.10 1.14 3152
 3377 4721 3151 87 10 1.10 1.14 3152
 3377 4705 3151 87 10 1.10 1.14 3152
 3377 4689 3151 87 10 1.10 1.14 3152
 3377 4673 3151 63 1 1.10 1.14 3152
 3377 4529 3151 61 2 1.10 1.14 3152
 3377 4449 3151 87 10 1.10 1.14 3152
 3393 4753 3151 87 10 1.10 1.14 3152
 3393 4737 3151 87 10 1.10 1.14 3152
 3393 4721 3151 87 10 1.10 1.14 3152
 3393 4705 3151 87 10 1.10 1.14 3152
 3393 4689 3151 87 10 1.10 1.14 3152
 3393 4673 3151 63 1 1.10 1.14 3152
 3393 4529 3151 61 2 1.10 1.14 3152
 3393 4449 3151 87 10 1.10 1.14 3152
 3393 4465 3151 87 10 1.10 1.14 3152
 3393 4321 3196 91 1 1.10 1.14 3197
 3409 4753 3151 87 10 1.10 1.14 3152
 3409 4737 3151 87 10 1.10 1.14 3152
 3409 4721 3151 87 10 1.10 1.14 3152
 3409 4705 3151 87 10 1.10 1.14 3152
 3409 4689 3151 95 2 1300001.10 1300001.14 3152 33 33
 3409 4689 3151 87 10 1.10 1.14 3152
 3409 4673 3151 63 1 1.10 1.14 3152
 3409 4593 3151 65 9 1400001.10 10.14 3152
 3409 4577 3151 65 3 1400001.10 10.14 3152
 3409 4529 3151 61 2 1.10 1.14 3152
 3409 4449 3151 87 10 1.10 1.14 3152
 3409 4465 3151 87 10 1.10 1.14 3152
 3409 4481 3151 87 10 1.10 1.14 3152
 3409 4497 3192 51 1 1.10 1.14 3193 1
 3425 4753 3151 87 10 1.10 1.14 3152
 3425 4737 3151 87 10 1.10 1.14 3152
 3425 4721 3151 87 10 1.10 1.14 3152
 3425 4705 3151 87 10 1.10 1.14 3152
 3425 4689 3151 87 10 1.10 1.14 3152
 3425 4673 3151 87 10 1.10 1.14 3152
 3425 4657 3151 87 10 1.10 1.14 3152
 3425 4641 3151 95 2 1300001.10 1300001.14 3152 33 33
 3425 4593 3151 65 11 1400001.10 10.14 3152
 3425 4593 3151 65 18 1.10 1.14 3152
 3425 4577 3151 65 5 1400001.10 10.14 3152
 3425 4561 3151 95 2 1300001.10 1300001.14 3152 33 33
 3425 4529 3151 61 2 1.10 1.14 3152
 3425 4449 3151 87 10 1.10 1.14 3152
 3425 4465 3151 87 10 1.10 1.14 3152
 3425 4481 3151 87 10 1.10 1.14 3152
 3441 4753 3151 87 10 1.10 1.14 3152
 3441 4737 3151 87 10 1.10 1.14 3152
 3441 4721 3151 87 10 1.10 1.14 3152
 3441 4705 3151 87 10 1.10 1.14 3152
 3441 4689 3151 87 10 1.10 1.14 3152
 3441 4673 3151 87 10 1.10 1.14 3152
 3441 4657 3151 87 10 1.10 1.14 3152
 3441 4449 3151 87 10 1.10 1.14 3152
 3441 4465 3151 87 10 1.10 1.14 3152
 3441 4481 3151 87 10 1.10 1.14 3152
 3441 4353 3195 87 12 1.10 1.14 3196
 3441 4337 3151 55 3 1.10 -5.86 3152
 3441 3697 3195 87 3 1.10 1.14 3196
 3441 3889 3195 87 3 1.10 1.14 3196
 3441 3793 3195 87 3 1.10 1.14 3196
 3457 4753 3151 87 10 1.10 1.14 3152
 3457 4737 3151 87 10 1.10 1.14 3152
 3457 4721 3151 87 10 1.10 1.14 3152
 3457 4705 3151 87 10 1.10 1.14 3152
 3457 4689 3151 87 10 1.10 1.14 3152
 3457 4673 3151 87 10 1.10 1.14 3152
 3457 4657 3151 87 10 1.10 1.14 3152
 3457 4529 3151 87 10 1.10 1.14 3152
 3457 4513 3151 87 10 1.10 1.14 3152
 3457 4449 3151 87 10 1.10 1.14 3152
 3457 4465 3151 87 10 1.10 1.14 3152
 3457 4481 3151 87 10 1.10 1.14 3152
 3457 4497 3151 87 10 1.10 1.14 3152
 3457 4337 3151 55 3 1.10 -5.86 3152
 3473 4753 3151 87 10 1.10 1.14 3152
 3473 4737 3151 87 10 1.10 1.14 3152
 3473 4721 3151 87 10 1.10 1.14 3152
 3473 4705 3151 87 10 1.10 1.14 3152
 3473 4689 3151 87 10 1.10 1.14 3152
 3473 4673 3151 87 10 1.10 1.14 3152
 3473 4657 3151 87 10 1.10 1.14 3152
 3473 4529 3151 87 10 1.10 1.14 3152
 3473 4513 3151 87 10 1.10 1.14 3152
 3473 4449 3151 87 10 1.10 1.14 3152
 3473 4465 3151 87 10 1.10 1.14 3152
 3473 4481 3151 87 10 1.10 1.14 3152
 3473 4497 3151 87 10 1.10 1.14 3152
 3489 4753 3151 87 10 1.10 1.14 3152
 3489 4737 3151 87 10 1.10 1.14 3152
 3489 4721 3151 87 10 1.10 1.14 3152
 3489 4705 3151 63 1 1.10 1.14 3152
 3489 4529 3151 87 10 1.10 1.14 3152
 3489 4545 3196 57 12 1.10 -5.86 3197
 3489 4513 3151 87 10 1.10 1.14 3152
 3489 4449 3151 87 10 1.10 1.14 3152
 3489 4465 3151 87 10 1.10 1.14 3152
 3489 4481 3151 87 10 1.10 1.14 3152
 3489 4497 3151 87 10 1.10 1.14 3152
 3505 4753 3151 87 10 1.10 1.14 3152
 3505 4737 3151 87 10 1.10 1.14 3152
 3505 4721 3151 87 10 1.10 1.14 3152
 3505 4705 3151 63 1 1.10 1.14 3152
 3505 4529 3151 87 10 1.10 1.14 3152
 3505 4513 3151 87 10 1.10 1.14 3152
 3505 4449 3151 87 10 1.10 1.14 3152
 3505 4465 3151 87 10 1.10 1.14 3152
 3505 4481 3151 87 10 1.10 1.14 3152
 3505 4497 3151 87 10 1.10 1.14 3152
 3505 4321 3196 91 1 1.10 1.14 3197
 3521 4753 3151 87 10 1.10 1.14 3152
 3521 4737 3151 87 10 1.10 1.14 3152
 3521 4721 3151 87 10 1.10 1.14 3152
 3521 4705 3151 87 10 1.10 1.14 3152
 3521 4689 3151 87 10 1.10 1.14 3152
 3521 4673 3151 87 10 1.10 1.14 3152
 3521 4657 3151 87 10 1.10 1.14 3152
 3521 4529 3151 87 10 1.10 1.14 3152
 3521 4513 3151 87 10 1.10 1.14 3152
 3521 4449 3151 87 10 1.10 1.14 3152
 3521 4465 3151 87 10 1.10 1.14 3152
 3521 4481 3151 87 10 1.10 1.14 3152
 3521 4497 3151 87 10 1.10 1.14 3152
 3537 4753 3151 87 10 1.10 1.14 3152
 3537 4737 3151 87 10 1.10 1.14 3152
 3537 4721 3151 87 10 1.10 1.14 3152
 3537 4705 3151 87 10 1.10 1.14 3152
 3537 4689 3151 87 10 1.10 1.14 3152
 3537 4673 3151 87 10 1.10 1.14 3152
 3537 4657 3151 87 10 1.10 1.14 3152
 3537 4529 3151 87 10 1.10 1.14 3152
 3537 4513 3151 87 10 1.10 1.14 3152
 3537 4369 3151 63 14 1.10 1.14 3152
 3537 4385 3151 63 16 1.10 1.14 3152
 3537 4401 3151 87 10 1.10 1.14 3152
 3537 4417 3151 87 10 1.10 1.14 3152
 3537 4433 3151 87 10 1.10 1.14 3152
 3537 4449 3151 87 10 1.10 1.14 3152
 3537 4465 3151 87 10 1.10 1.14 3152
 3537 4481 3151 87 10 1.10 1.14 3152
 3537 4497 3151 87 10 1.10 1.14 3152
 3537 3697 3693 87 2 1.10 1.14 3694
 3537 3761 3151 87 1 1.10 1.14 3152
 3537 3777 3151 87 1 1.10 1.14 3152
 3537 3793 3151 87 1 1.10 1.14 3152
 3537 3809 3151 87 1 1.10 1.14 3152
 3537 3969 3151 87 1 1.10 1.14 3152
 3537 3953 3151 87 1 1.10 1.14 3152
 3537 3937 3151 87 1 1.10 1.14 3152
 3537 3921 3151 87 1 1.10 1.14 3152
 3537 3905 3151 87 1 1.10 1.14 3152
 3537 3889 3151 87 1 1.10 1.14 3152
 3537 3857 3192 71 36 1.10 1.14 3193 3
 3553 4753 3151 87 10 1.10 1.14 3152
 3553 4737 3151 87 10 1.10 1.14 3152
 3553 4721 3151 87 10 1.10 1.14 3152
 3553 4705 3151 63 1 1.10 1.14 3152
 3553 4529 3151 87 10 1.10 1.14 3152
 3553 4513 3151 87 10 1.10 1.14 3152
 3553 4369 3151 63 15 1.10 1.14 3152
 3553 4385 3151 63 16 1.10 1.14 3152
 3553 4401 3151 87 10 1.10 1.14 3152
 3553 4417 3151 87 10 1.10 1.14 3152
 3553 4433 3151 87 10 1.10 1.14 3152
 3553 4449 3151 87 10 1.10 1.14 3152
 3553 4465 3151 87 10 1.10 1.14 3152
 3553 4481 3151 87 10 1.10 1.14 3152
 3553 4497 3151 87 10 1.10 1.14 3152
 3553 3761 3151 87 1 1.10 1.14 3152
 3553 3777 3151 87 1 1.10 1.14 3152
 3553 3793 3151 87 1 1.10 1.14 3152
 3553 3809 3151 87 1 1.10 1.14 3152
 3553 3969 3151 87 1 1.10 1.14 3152
 3553 3953 3151 87 1 1.10 1.14 3152
 3553 3937 3151 87 1 1.10 1.14 3152
 3553 3921 3151 87 1 1.10 1.14 3152
 3553 3905 3151 87 1 1.10 1.14 3152
 3553 3889 3151 87 1 1.10 1.14 3152
 3569 4753 3151 87 10 1.10 1.14 3152
 3569 4737 3151 87 10 1.10 1.14 3152
 3569 4721 3151 87 10 1.10 1.14 3152
 3569 4705 3151 63 1 1.10 1.14 3152
 3569 4529 3151 87 10 1.10 1.14 3152
 3569 4513 3151 87 10 1.10 1.14 3152
 3569 4369 3151 63 15 1.10 1.14 3152
 3569 4385 3151 63 16 1.10 1.14 3152
 3569 4401 3151 87 10 1.10 1.14 3152
 3569 4417 3151 87 10 1.10 1.14 3152
 3569 4433 3151 87 10 1.10 1.14 3152
 3569 4449 3151 87 10 1.10 1.14 3152
 3569 4465 3151 87 10 1.10 1.14 3152
 3569 4481 3151 87 10 1.10 1.14 3152
 3569 4497 3151 87 10 1.10 1.14 3152
 3569 3761 3693 87 2 1.10 1.14 3694
 3569 3969 3151 87 1 1.10 1.14 3152
 3569 3953 3151 87 1 1.10 1.14 3152
 3569 3937 3151 87 1 1.10 1.14 3152
 3569 3921 3151 87 1 1.10 1.14 3152
 3569 3905 3151 87 1 1.10 1.14 3152
 3569 3889 3151 87 1 1.10 1.14 3152
 3569 3873 3151 67 5 1.10 1.14 3152
 3585 4753 3151 87 10 1.10 1.14 3152
 3585 4737 3151 87 10 1.10 1.14 3152
 3585 4721 3151 87 10 1.10 1.14 3152
 3585 4705 3151 87 10 1.10 1.14 3152
 3585 4689 3151 87 10 1.10 1.14 3152
 3585 4673 3151 87 10 1.10 1.14 3152
 3585 4657 3151 87 10 1.10 1.14 3152
 3585 4529 3151 87 10 1.10 1.14 3152
 3585 4513 3151 87 10 1.10 1.14 3152
 3585 4369 3151 63 15 1.10 1.14 3152
 3585 4385 3151 63 16 1.10 1.14 3152
 3585 4401 3151 87 10 1.10 1.14 3152
 3585 4417 3151 87 10 1.10 1.14 3152
 3585 4433 3151 87 10 1.10 1.14 3152
 3585 4449 3151 87 10 1.10 1.14 3152
 3585 4465 3151 87 10 1.10 1.14 3152
 3585 4481 3151 87 10 1.10 1.14 3152
 3585 4497 3151 87 10 1.10 1.14 3152
 3585 3969 3151 87 1 1.10 1.14 3152
 3585 3953 3151 87 1 1.10 1.14 3152
 3585 3937 3151 87 1 1.10 1.14 3152
 3585 3921 3151 87 1 1.10 1.14 3152
 3585 3905 3151 87 1 1.10 1.14 3152
 3585 3889 3151 87 1 1.10 1.14 3152
 3585 3857 3192 90 1 1.10 1.14 3193 Tieni!#Ti aiutera'!
 3601 4753 3151 87 10 1.10 1.14 3152
 3601 4737 3151 87 10 1.10 1.14 3152
 3601 4721 3151 87 10 1.10 1.14 3152
 3601 4705 3151 87 10 1.10 1.14 3152
 3601 4689 3151 87 10 1.10 1.14 3152
 3601 4673 3151 87 10 1.10 1.14 3152
 3601 4657 3151 87 10 1.10 1.14 3152
 3601 4545 3196 57 12 1.10 -5.86 3197
 3601 4529 3151 87 10 1.10 1.14 3152
 3601 4513 3151 87 10 1.10 1.14 3152
 3601 4369 3151 63 14 1.10 1.14 3152
 3601 4385 3151 63 16 1.10 1.14 3152
 3601 4401 3151 87 10 1.10 1.14 3152
 3601 4417 3151 87 10 1.10 1.14 3152
 3601 4433 3151 87 10 1.10 1.14 3152
 3601 4449 3151 87 10 1.10 1.14 3152
 3601 4465 3151 87 10 1.10 1.14 3152
 3601 4481 3151 87 10 1.10 1.14 3152
 3601 4497 3151 87 10 1.10 1.14 3152
 3601 3697 3693 87 2 1.10 1.14 3694
 3601 3969 3151 87 1 1.10 1.14 3152
 3601 3953 3151 87 1 1.10 1.14 3152
 3601 3937 3151 87 1 1.10 1.14 3152
 3601 3921 3151 87 1 1.10 1.14 3152
 3601 3905 3151 87 1 1.10 1.14 3152
 3601 3889 3151 87 1 1.10 1.14 3152
 3617 4753 3151 87 10 1.10 1.14 3152
 3617 4737 3151 87 10 1.10 1.14 3152
 3617 4721 3151 87 10 1.10 1.14 3152
 3617 4705 3151 63 1 1.10 1.14 3152
 3617 4529 3151 87 10 1.10 1.14 3152
 3617 4513 3151 87 10 1.10 1.14 3152
 3617 4353 3151 87 10 1.10 1.14 3152
 3617 4369 3151 87 10 1.10 1.14 3152
 3617 4385 3151 87 10 1.10 1.14 3152
 3617 4401 3151 87 10 1.10 1.14 3152
 3617 4417 3151 87 10 1.10 1.14 3152
 3617 4433 3151 87 10 1.10 1.14 3152
 3617 4449 3151 87 10 1.10 1.14 3152
 3617 4465 3151 87 10 1.10 1.14 3152
 3617 4481 3151 87 10 1.10 1.14 3152
 3617 4497 3151 87 10 1.10 1.14 3152
 3617 4321 3196 91 1 1.10 1.14 3197
 3617 4097 3151 87 1 1.10 1.14 3152
 3617 4081 3151 87 1 1.10 1.14 3152
 3617 4065 3151 87 1 1.10 1.14 3152
 3617 4049 3151 87 1 1.10 1.14 3152
 3617 4033 3151 87 1 1.10 1.14 3152
 3617 4017 3151 87 1 1.10 1.14 3152
 3617 4001 3151 87 1 1.10 1.14 3152
 3617 3985 3151 87 1 1.10 1.14 3152
 3617 3969 3151 87 1 1.10 1.14 3152
 3617 3953 3151 87 1 1.10 1.14 3152
 3617 3937 3151 87 1 1.10 1.14 3152
 3617 3921 3151 87 1 1.10 1.14 3152
 3617 3905 3151 87 1 1.10 1.14 3152
 3617 3889 3151 87 1 1.10 1.14 3152
 3633 4753 3151 87 10 1.10 1.14 3152
 3633 4737 3151 87 10 1.10 1.14 3152
 3633 4721 3151 87 10 1.10 1.14 3152
 3633 4705 3151 63 1 1.10 1.14 3152
 3633 4529 3151 87 10 1.10 1.14 3152
 3633 4513 3151 87 10 1.10 1.14 3152
 3633 4449 3151 87 10 1.10 1.14 3152
 3633 4465 3151 87 10 1.10 1.14 3152
 3633 4481 3151 87 10 1.10 1.14 3152
 3633 4497 3151 87 10 1.10 1.14 3152
 3633 4353 3195 87 12 1.10 1.14 3196
 3633 4097 3151 87 1 1.10 1.14 3152
 3633 4081 3151 87 1 1.10 1.14 3152
 3633 4065 3151 87 1 1.10 1.14 3152
 3633 4049 3151 87 1 1.10 1.14 3152
 3633 4033 3151 87 1 1.10 1.14 3152
 3633 4017 3151 87 1 1.10 1.14 3152
 3633 4001 3151 87 1 1.10 1.14 3152
 3633 3985 3151 87 1 1.10 1.14 3152
 3633 3969 3151 87 1 1.10 1.14 3152
 3633 3953 3151 87 1 1.10 1.14 3152
 3633 3921 3151 87 1 1.10 1.14 3152
 3633 3905 3151 87 1 1.10 1.14 3152
 3633 3889 3151 87 1 1.10 1.14 3152
 3633 3937 3151 87 1 1.10 1.14 3152
 3633 3761 3693 87 2 1.10 1.14 3694
 3649 4753 3151 87 10 1.10 1.14 3152
 3649 4737 3151 87 10 1.10 1.14 3152
 3649 4721 3151 87 10 1.10 1.14 3152
 3649 4705 3151 87 10 1.10 1.14 3152
 3649 4689 3151 87 10 1.10 1.14 3152
 3649 4673 3151 87 10 1.10 1.14 3152
 3649 4657 3151 87 10 1.10 1.14 3152
 3649 4529 3151 87 10 1.10 1.14 3152
 3649 4513 3151 87 10 1.10 1.14 3152
 3649 4449 3693 87 11 1.10 1.14 3694
 3649 4097 3151 87 1 1.10 1.14 3152
 3649 4081 3151 87 1 1.10 1.14 3152
 3649 4065 3151 87 1 1.10 1.14 3152
 3649 4049 3151 87 1 1.10 1.14 3152
 3649 4033 3151 87 1 1.10 1.14 3152
 3649 4017 3151 87 1 1.10 1.14 3152
 3649 4001 3151 87 1 1.10 1.14 3152
 3649 3985 3151 87 1 1.10 1.14 3152
 3649 3969 3151 87 1 1.10 1.14 3152
 3649 3953 3151 87 1 1.10 1.14 3152
 3649 3937 3151 87 1 1.10 1.14 3152
 3649 3921 3151 87 1 1.10 1.14 3152
 3649 3905 3151 87 1 1.10 1.14 3152
 3649 3889 3151 87 1 1.10 1.14 3152
 3665 4753 3151 87 10 1.10 1.14 3152
 3665 4737 3151 87 10 1.10 1.14 3152
 3665 4721 3151 87 10 1.10 1.14 3152
 3665 4705 3151 87 10 1.10 1.14 3152
 3665 4689 3151 87 10 1.10 1.14 3152
 3665 4673 3151 87 10 1.10 1.14 3152
 3665 4657 3151 87 10 1.10 1.14 3152
 3665 4529 3151 87 10 1.10 1.14 3152
 3665 4513 3151 87 10 1.10 1.14 3152
 3665 3697 3693 87 2 1.10 1.14 3694
 3665 4097 3151 87 1 1.10 1.14 3152
 3665 3825 3151 87 1 1.10 1.14 3152
 3665 3841 3151 87 1 1.10 1.14 3152
 3665 4081 3151 87 1 1.10 1.14 3152
 3665 4065 3151 87 1 1.10 1.14 3152
 3665 4049 3151 87 1 1.10 1.14 3152
 3665 4033 3151 87 1 1.10 1.14 3152
 3665 4017 3151 87 1 1.10 1.14 3152
 3665 4001 3151 87 1 1.10 1.14 3152
 3665 3985 3151 87 1 1.10 1.14 3152
 3665 3969 3151 87 1 1.10 1.14 3152
 3665 3953 3151 87 1 1.10 1.14 3152
 3665 3937 3151 87 1 1.10 1.14 3152
 3665 3921 3151 87 1 1.10 1.14 3152
 3665 3905 3151 87 1 1.10 1.14 3152
 3665 3889 3151 87 1 1.10 1.14 3152
 3681 4097 3151 87 1 1.10 1.14 3152
 3681 3825 3151 87 1 1.10 1.14 3152
 3681 3841 3151 87 1 1.10 1.14 3152
 3681 4081 3151 87 1 1.10 1.14 3152
 3681 4065 3151 87 1 1.10 1.14 3152
 3681 4049 3151 87 1 1.10 1.14 3152
 3681 4033 3151 87 1 1.10 1.14 3152
 3681 4017 3151 87 1 1.10 1.14 3152
 3681 4001 3151 87 1 1.10 1.14 3152
 3681 3985 3151 87 1 1.10 1.14 3152
 3681 3969 3151 87 1 1.10 1.14 3152
 3681 3953 3151 87 1 1.10 1.14 3152
 3681 3937 3151 87 1 1.10 1.14 3152
 3681 3921 3151 87 1 1.10 1.14 3152
 3681 3905 3151 87 1 1.10 1.14 3152
 3681 3889 3151 87 1 1.10 1.14 3152
 3681 4753 3151 87 10 1.10 1.14 3152
 3681 4737 3151 87 10 1.10 1.14 3152
 3681 4721 3151 87 10 1.10 1.14 3152
 3681 4705 3151 63 1 1.10 1.14 3152
 3681 4529 3151 87 10 1.10 1.14 3152
 3681 4513 3151 87 10 1.10 1.14 3152
 3681 4321 3196 91 1 1.10 1.14 3197
 3697 4097 3151 87 1 1.10 1.14 3152
 3697 3825 3151 87 1 1.10 1.14 3152
 3697 3841 3151 87 1 1.10 1.14 3152
 3697 4081 3151 87 1 1.10 1.14 3152
 3697 4065 3151 87 1 1.10 1.14 3152
 3697 4049 3151 87 1 1.10 1.14 3152
 3697 4033 3151 87 1 1.10 1.14 3152
 3697 4017 3151 87 1 1.10 1.14 3152
 3697 4001 3151 87 1 1.10 1.14 3152
 3697 3985 3151 87 1 1.10 1.14 3152
 3697 3969 3151 87 1 1.10 1.14 3152
 3697 3953 3151 87 1 1.10 1.14 3152
 3697 3937 3151 87 1 1.10 1.14 3152
 3697 3921 3151 87 1 1.10 1.14 3152
 3697 3905 3151 87 1 1.10 1.14 3152
 3697 3889 3151 87 1 1.10 1.14 3152
 3697 4753 3151 87 10 1.10 1.14 3152
 3697 4737 3151 87 10 1.10 1.14 3152
 3697 4721 3151 87 10 1.10 1.14 3152
 3697 4705 3151 63 1 1.10 1.14 3152
 3697 4529 3151 87 10 1.10 1.14 3152
 3697 4513 3151 87 10 1.10 1.14 3152
 3697 3761 3693 87 2 1.10 1.14 3694
 3713 4097 3151 87 1 1.10 1.14 3152
 3713 3825 3151 87 1 1.10 1.14 3152
 3713 3841 3151 87 1 1.10 1.14 3152
 3713 4081 3151 87 1 1.10 1.14 3152
 3713 4065 3151 87 1 1.10 1.14 3152
 3713 4049 3151 87 1 1.10 1.14 3152
 3713 4033 3151 87 1 1.10 1.14 3152
 3713 4017 3151 87 1 1.10 1.14 3152
 3713 4001 3151 87 1 1.10 1.14 3152
 3713 3985 3151 87 1 1.10 1.14 3152
 3713 3969 3151 87 1 1.10 1.14 3152
 3713 3953 3151 87 1 1.10 1.14 3152
 3713 3937 3151 87 1 1.10 1.14 3152
 3713 3921 3151 87 1 1.10 1.14 3152
 3713 3905 3151 87 1 1.10 1.14 3152
 3713 3889 3151 87 1 1.10 1.14 3152
 3713 4753 3151 87 10 1.10 1.14 3152
 3713 4737 3151 87 10 1.10 1.14 3152
 3713 4721 3151 87 10 1.10 1.14 3152
 3713 4705 3151 87 10 1.10 1.14 3152
 3713 4689 3151 87 10 1.10 1.14 3152
 3713 4673 3151 87 10 1.10 1.14 3152
 3713 4657 3151 87 10 1.10 1.14 3152
 3713 4545 3196 57 12 1.10 -5.86 3197
 3713 4529 3151 87 10 1.10 1.14 3152
 3713 4513 3151 87 10 1.10 1.14 3152
 3713 4449 3693 87 11 1.10 1.14 3694
 3729 4097 3151 87 1 1.10 1.14 3152
 3729 3825 3151 87 1 1.10 1.14 3152
 3729 3841 3151 87 1 1.10 1.14 3152
 3729 4081 3151 87 1 1.10 1.14 3152
 3729 4065 3151 87 1 1.10 1.14 3152
 3729 4049 3151 87 1 1.10 1.14 3152
 3729 4033 3151 87 1 1.10 1.14 3152
 3729 4017 3151 87 1 1.10 1.14 3152
 3729 4753 3151 87 10 1.10 1.14 3152
 3729 4737 3151 87 10 1.10 1.14 3152
 3729 4721 3151 87 10 1.10 1.14 3152
 3729 4705 3151 87 10 1.10 1.14 3152
 3729 4689 3151 87 10 1.10 1.14 3152
 3729 4673 3151 87 10 1.10 1.14 3152
 3729 4657 3151 87 10 1.10 1.14 3152
 3729 4529 3151 87 10 1.10 1.14 3152
 3729 4513 3151 87 10 1.10 1.14 3152
 3729 4385 3151 63 16 1.10 1.14 3152
 3729 4401 3151 87 10 1.10 1.14 3152
 3729 4417 3151 87 10 1.10 1.14 3152
 3729 4433 3151 87 10 1.10 1.14 3152
 3729 4369 3151 63 16 1.10 1.14 3152
 3729 4353 3151 63 14 1.10 1.14 3152
 3729 3697 3693 87 2 1.10 1.14 3694
 3745 4097 3151 87 1 1.10 1.14 3152
 3745 3825 3151 87 1 1.10 1.14 3152
 3745 3841 3151 87 1 1.10 1.14 3152
 3745 4081 3151 87 1 1.10 1.14 3152
 3745 4065 3151 87 1 1.10 1.14 3152
 3745 4049 3151 87 1 1.10 1.14 3152
 3745 4033 3151 87 1 1.10 1.14 3152
 3745 4017 3151 87 1 1.10 1.14 3152
 3745 4753 3151 87 10 1.10 1.14 3152
 3745 4737 3151 87 10 1.10 1.14 3152
 3745 4721 3151 87 10 1.10 1.14 3152
 3745 4705 3151 63 1 1.10 1.14 3152
 3745 4529 3151 87 10 1.10 1.14 3152
 3745 4513 3151 87 10 1.10 1.14 3152
 3745 4385 3151 63 16 1.10 1.14 3152
 3745 4401 3151 87 10 1.10 1.14 3152
 3745 4417 3151 87 10 1.10 1.14 3152
 3745 4433 3151 87 10 1.10 1.14 3152
 3745 4369 3151 63 16 1.10 1.14 3152
 3745 4353 3151 63 14 1.10 1.14 3152
 3761 4097 3151 87 1 1.10 1.14 3152
 3761 3825 3151 87 1 1.10 1.14 3152
 3761 3841 3151 87 1 1.10 1.14 3152
 3761 4081 3151 87 1 1.10 1.14 3152
 3761 4065 3151 87 1 1.10 1.14 3152
 3761 4049 3151 87 1 1.10 1.14 3152
 3761 4033 3151 87 1 1.10 1.14 3152
 3761 4017 3151 87 1 1.10 1.14 3152
 3761 4753 3151 87 10 1.10 1.14 3152
 3761 4737 3151 87 10 1.10 1.14 3152
 3761 4721 3151 87 10 1.10 1.14 3152
 3761 4705 3151 63 1 1.10 1.14 3152
 3761 4529 3151 87 10 1.10 1.14 3152
 3761 4513 3151 87 10 1.10 1.14 3152
 3761 4385 3151 63 16 1.10 1.14 3152
 3761 4401 3151 87 10 1.10 1.14 3152
 3761 4417 3151 87 10 1.10 1.14 3152
 3761 4433 3151 87 10 1.10 1.14 3152
 3761 4369 3151 63 16 1.10 1.14 3152
 3761 4353 3151 63 14 1.10 1.14 3152
 3761 3761 3693 87 2 1.10 1.14 3694
 3777 4097 3151 87 1 1.10 1.14 3152
 3777 3825 3151 87 1 1.10 1.14 3152
 3777 3841 3151 87 1 1.10 1.14 3152
 3777 4081 3151 87 1 1.10 1.14 3152
 3777 4065 3151 87 1 1.10 1.14 3152
 3777 4049 3151 87 1 1.10 1.14 3152
 3777 4033 3151 87 1 1.10 1.14 3152
 3777 4017 3151 87 1 1.10 1.14 3152
 3777 4753 3151 87 10 1.10 1.14 3152
 3777 4737 3151 87 10 1.10 1.14 3152
 3777 4721 3151 87 10 1.10 1.14 3152
 3777 4705 3151 87 10 1.10 1.14 3152
 3777 4689 3151 87 10 1.10 1.14 3152
 3777 4673 3151 87 10 1.10 1.14 3152
 3777 4657 3151 87 10 1.10 1.14 3152
 3777 4529 3151 87 10 1.10 1.14 3152
 3777 4513 3151 87 10 1.10 1.14 3152
 3777 4385 3151 63 16 1.10 1.14 3152
 3777 4401 3151 87 10 1.10 1.14 3152
 3777 4417 3151 87 10 1.10 1.14 3152
 3777 4433 3151 87 10 1.10 1.14 3152
 3777 4449 3693 87 11 1.10 1.14 3694
 3777 4369 3151 63 16 1.10 1.14 3152
 3777 4353 3151 63 14 1.10 1.14 3152
 3777 4337 3151 63 22 1.10 1.14 3152
 3793 4097 3151 87 1 1.10 1.14 3152
 3793 3825 3151 87 1 1.10 1.14 3152
 3793 3841 3151 87 1 1.10 1.14 3152
 3793 4081 3151 87 1 1.10 1.14 3152
 3793 4065 3151 87 1 1.10 1.14 3152
 3793 4049 3151 87 1 1.10 1.14 3152
 3793 4033 3151 87 1 1.10 1.14 3152
 3793 4017 3151 87 1 1.10 1.14 3152
 3793 4753 3151 87 10 1.10 1.14 3152
 3793 4737 3151 87 10 1.10 1.14 3152
 3793 4721 3151 87 10 1.10 1.14 3152
 3793 4705 3151 87 10 1.10 1.14 3152
 3793 4689 3151 87 10 1.10 1.14 3152
 3793 4673 3151 87 10 1.10 1.14 3152
 3793 4657 3151 87 10 1.10 1.14 3152
 3793 4529 3151 87 10 1.10 1.14 3152
 3793 4513 3151 87 10 1.10 1.14 3152
 3793 4385 3151 63 16 1.10 1.14 3152
 3793 4401 3151 87 10 1.10 1.14 3152
 3793 4417 3151 87 10 1.10 1.14 3152
 3793 4433 3151 87 10 1.10 1.14 3152
 3793 4369 3151 63 16 1.10 1.14 3152
 3793 4353 3151 63 15 1.10 1.14 3152
 3793 3697 3693 87 2 1.10 1.14 3694
 3809 4097 3151 87 1 1.10 1.14 3152
 3809 3825 3151 87 1 1.10 1.14 3152
 3809 3841 3151 87 1 1.10 1.14 3152
 3809 4033 3151 87 1 1.10 1.14 3152
 3809 4017 3151 87 1 1.10 1.14 3152
 3809 4049 3151 87 1 1.10 1.14 3152
 3809 4065 3151 87 1 1.10 1.14 3152
 3809 4081 3151 87 1 1.10 1.14 3152
 3809 4753 3151 87 10 1.10 1.14 3152
 3809 4737 3151 87 10 1.10 1.14 3152
 3809 4721 3151 87 10 1.10 1.14 3152
 3809 4705 3151 63 1 1.10 1.14 3152
 3809 4529 3151 87 10 1.10 1.14 3152
 3809 4513 3151 87 10 1.10 1.14 3152
 3809 4385 3151 63 16 1.10 1.14 3152
 3809 4401 3151 87 10 1.10 1.14 3152
 3809 4417 3151 87 10 1.10 1.14 3152
 3809 4433 3151 87 10 1.10 1.14 3152
 3809 4369 3151 63 16 1.10 1.14 3152
 3809 4353 3151 63 14 1.10 1.14 3152
 3825 4097 3151 87 1 1.10 1.14 3152
 3825 3825 3151 87 1 1.10 1.14 3152
 3825 3841 3151 87 1 1.10 1.14 3152
 3825 4033 3151 87 1 1.10 1.14 3152
 3825 4017 3151 87 1 1.10 1.14 3152
 3825 4049 3151 87 1 1.10 1.14 3152
 3825 4065 3151 87 1 1.10 1.14 3152
 3825 4081 3151 87 1 1.10 1.14 3152
 3825 3969 3151 89 17 1.10 1.14 3152
 3825 4753 3151 87 10 1.10 1.14 3152
 3825 4737 3151 87 10 1.10 1.14 3152
 3825 4721 3151 87 10 1.10 1.14 3152
 3825 4705 3151 63 1 1.10 1.14 3152
 3825 4545 3196 57 12 1.10 -5.86 3197
 3825 4529 3151 87 10 1.10 1.14 3152
 3825 4513 3151 87 10 1.10 1.14 3152
 3825 4353 3195 87 12 1.10 1.14 3196
 3825 3761 3693 87 2 1.10 1.14 3694
 3841 4097 3151 87 1 1.10 1.14 3152
 3841 3825 3151 87 1 1.10 1.14 3152
 3841 3841 3151 87 1 1.10 1.14 3152
 3841 4033 3151 87 1 1.10 1.14 3152
 3841 4017 3151 87 1 1.10 1.14 3152
 3841 4049 3151 87 1 1.10 1.14 3152
 3841 4065 3151 87 1 1.10 1.14 3152
 3841 4081 3151 87 1 1.10 1.14 3152
 3841 3985 3196 89 3 1.10 1.14 3197 3435
 3841 4753 3151 87 10 1.10 1.14 3152
 3841 4737 3151 87 10 1.10 1.14 3152
 3841 4721 3151 87 10 1.10 1.14 3152
 3841 4705 3151 87 10 1.10 1.14 3152
 3841 4689 3151 87 10 1.10 1.14 3152
 3841 4673 3151 87 10 1.10 1.14 3152
 3841 4657 3151 87 10 1.10 1.14 3152
 3841 4529 3151 87 10 1.10 1.14 3152
 3841 4513 3151 87 10 1.10 1.14 3152
 3841 4449 3693 87 11 1.10 1.14 3694
 3857 4097 3151 87 1 1.10 1.14 3152
 3857 3825 3151 87 1 1.10 1.14 3152
 3857 3841 3151 87 1 1.10 1.14 3152
 3857 4033 3151 87 1 1.10 1.14 3152
 3857 4017 3151 87 1 1.10 1.14 3152
 3857 4049 3151 87 1 1.10 1.14 3152
 3857 4065 3151 87 1 1.10 1.14 3152
 3857 4081 3151 87 1 1.10 1.14 3152
 3857 4753 3151 87 10 1.10 1.14 3152
 3857 4737 3151 87 10 1.10 1.14 3152
 3857 4721 3151 87 10 1.10 1.14 3152
 3857 4705 3151 87 10 1.10 1.14 3152
 3857 4689 3151 87 10 1.10 1.14 3152
 3857 4673 3151 87 10 1.10 1.14 3152
 3857 4657 3151 87 10 1.10 1.14 3152
 3857 4529 3151 87 10 1.10 1.14 3152
 3857 4513 3151 87 10 1.10 1.14 3152
 3857 4337 3151 55 3 1.10 -5.86 3152
 3857 3697 3693 87 2 1.10 1.14 3694
 3873 4097 3151 87 1 1.10 1.14 3152
 3873 3825 3151 87 1 1.10 1.14 3152
 3873 3841 3151 87 1 1.10 1.14 3152
 3873 4033 3151 87 1 1.10 1.14 3152
 3873 4017 3151 87 1 1.10 1.14 3152
 3873 4049 3151 87 1 1.10 1.14 3152
 3873 4065 3151 87 1 1.10 1.14 3152
 3873 4081 3151 87 1 1.10 1.14 3152
 3873 4753 3151 87 10 1.10 1.14 3152
 3873 4737 3151 87 10 1.10 1.14 3152
 3873 4641 3195 87 12 1.10 1.14 3196
 3873 4337 3151 87 10 1.10 1.14 3152
 3873 4321 3151 66 1 1.10 1.14 3152
 3889 4097 3151 87 1 1.10 1.14 3152
 3889 3825 3151 87 1 1.10 1.14 3152
 3889 3841 3151 87 1 1.10 1.14 3152
 3889 4033 3151 87 1 1.10 1.14 3152
 3889 4017 3151 87 1 1.10 1.14 3152
 3889 4049 3151 87 1 1.10 1.14 3152
 3889 4065 3151 87 1 1.10 1.14 3152
 3889 4081 3151 87 1 1.10 1.14 3152
 3889 4753 3151 87 10 1.10 1.14 3152
 3889 4737 3151 87 10 1.10 1.14 3152
 3889 3761 3693 87 2 1.10 1.14 3694
 3905 4097 3151 87 1 1.10 1.14 3152
 3905 3825 3151 87 1 1.10 1.14 3152
 3905 3841 3151 87 1 1.10 1.14 3152
 3905 4065 3151 87 1 1.10 1.14 3152
 3905 4049 3151 87 1 1.10 1.14 3152
 3905 4033 3151 87 1 1.10 1.14 3152
 3905 4017 3151 87 1 1.10 1.14 3152
 3905 4081 3151 87 1 1.10 1.14 3152
 3905 4753 3151 87 10 1.10 1.14 3152
 3905 4737 3151 87 10 1.10 1.14 3152
 3905 4625 3151 87 10 1.10 1.14 3152
 3905 4609 3151 87 10 1.10 1.14 3152
 3905 4193 3645 68 3 1.10 11.14 3646
 3921 4097 3151 87 1 1.10 1.14 3152
 3921 3825 3151 87 1 1.10 1.14 3152
 3921 3841 3151 87 1 1.10 1.14 3152
 3921 4081 3151 87 1 1.10 1.14 3152
 3921 4065 3151 87 1 1.10 1.14 3152
 3921 4049 3151 87 1 1.10 1.14 3152
 3921 4033 3151 87 1 1.10 1.14 3152
 3921 4017 3151 87 1 1.10 1.14 3152
 3921 4753 3151 87 10 1.10 1.14 3152
 3921 4737 3151 87 10 1.10 1.14 3152
 3921 4385 3151 87 10 1.10 1.14 3152
 3921 4625 3151 87 10 1.10 1.14 3152
 3921 4609 3151 87 10 1.10 1.14 3152
 3921 4369 3151 87 10 1.10 1.14 3152
 3921 4353 3151 87 10 1.10 1.14 3152
 3921 3697 3151 87 1 1.10 1.14 3152
 3921 3713 3151 87 1 1.10 1.14 3152
 3921 3729 3151 87 1 1.10 1.14 3152
 3921 3745 3151 87 1 1.10 1.14 3152
 3937 3825 3151 87 1 1.10 1.14 3152
 3937 4097 3151 87 1 1.10 1.14 3152
 3937 3841 3151 87 1 1.10 1.14 3152
 3937 4081 3151 87 1 1.10 1.14 3152
 3937 4065 3151 87 1 1.10 1.14 3152
 3937 4049 3151 87 1 1.10 1.14 3152
 3937 4033 3151 87 1 1.10 1.14 3152
 3937 4017 3151 87 1 1.10 1.14 3152
 3937 3937 3151 59 20 1.10 1.14 3152
 3937 3937 3151 67 3 0.10 0.14 3152
 3937 4753 3151 87 10 1.10 1.14 3152
 3937 4737 3151 87 10 1.10 1.14 3152
 3937 4625 3151 87 10 1.10 1.14 3152
 3937 4609 3151 87 10 1.10 1.14 3152
 3937 4577 3192 71 12 1.10 1.14 3193 18 3
 3937 4369 3151 87 10 1.10 1.14 3152
 3937 4353 3151 87 10 1.10 1.14 3152
 3937 3697 3151 87 1 1.10 1.14 3152
 3937 3713 3151 87 1 1.10 1.14 3152
 3937 3729 3151 87 1 1.10 1.14 3152
 3937 3745 3151 87 1 1.10 1.14 3152
 3953 3825 3151 87 1 1.10 1.14 3152
 3953 4097 3151 87 1 1.10 1.14 3152
 3953 3841 3151 87 1 1.10 1.14 3152
 3953 3857 3151 87 1 1.10 1.14 3152
 3953 3873 3151 87 1 1.10 1.14 3152
 3953 3889 3151 87 1 1.10 1.14 3152
 3953 3905 3151 87 1 1.10 1.14 3152
 3953 3921 3151 87 1 1.10 1.14 3152
 3953 3937 3151 87 1 1.10 1.14 3152
 3953 4081 3151 87 1 1.10 1.14 3152
 3953 4065 3151 87 1 1.10 1.14 3152
 3953 4049 3151 87 1 1.10 1.14 3152
 3953 4033 3151 87 1 1.10 1.14 3152
 3953 4017 3151 87 1 1.10 1.14 3152
 3953 4001 3151 87 1 1.10 1.14 3152
 3953 3985 3151 87 1 1.10 1.14 3152
 3953 3969 3151 87 1 1.10 1.14 3152
 3953 3953 3151 87 1 1.10 1.14 3152
 3953 4753 3151 87 10 1.10 1.14 3152
 3953 4737 3151 87 10 1.10 1.14 3152
 3953 4625 3151 87 10 1.10 1.14 3152
 3953 4609 3151 87 10 1.10 1.14 3152
 3953 4369 3151 87 10 1.10 1.14 3152
 3953 4353 3151 87 10 1.10 1.14 3152
 3953 3697 3151 87 1 1.10 1.14 3152
 3953 3713 3151 87 1 1.10 1.14 3152
 3953 3729 3151 87 1 1.10 1.14 3152
 3953 3745 3151 87 1 1.10 1.14 3152
 3953 3761 3151 87 1 1.10 1.14 3152
 3953 3777 3151 87 1 1.10 1.14 3152
 3953 3793 3151 87 1 1.10 1.14 3152
 3953 3809 3151 87 1 1.10 1.14 3152
 3969 4593 3151 81 1 -999998.90 -18.86 3152
