 -10 238 691 0.42 1 1 1 1 1 2 2 301 0.42 1
-1
-1
-1
-1
-1
-1
-1
-1
-1
-1
-1
-1
-1
-1
-1
-1
-1
-1
-1
-1
-1
-1
y0
VoiD
 1 4753 3151 93 2 1.10 6.14 3152
 17 4753 3151 93 2 1.10 6.14 3152
 33 4753 3151 93 2 1.10 6.14 3152
 49 4593 3645 68 1 1.10 11.14 3646
 49 4753 3151 93 2 1.10 6.14 3152
 49 4561 3192 51 1 1.10 1.14 3193 1
 65 4753 3151 93 2 1.10 6.14 3152
 65 4721 3192 52 1 1.10 1.14 3193
 81 4753 3151 93 2 1.10 6.14 3152
 97 4753 3151 93 2 1.10 6.14 3152
 97 4721 3192 54 1 1.10 -5.86 3193
 113 4753 3151 93 2 1.10 6.14 3152
 129 4753 3151 93 2 1.10 6.14 3152
 129 4721 3192 90 1 1.10 1.14 3193 Non mi va di continuare il gioco
 145 4753 3151 93 2 1.10 6.14 3152
 161 4753 3151 93 2 1.10 6.14 3152
 161 4721 3192 90 1 1.10 1.14 3193 Quindi smetto
 177 4753 3151 93 2 1.10 6.14 3152
 193 4753 3151 93 2 1.10 6.14 3152
 209 4753 3151 93 2 1.10 6.14 3152
 225 4753 3151 93 2 1.10 6.14 3152
 241 4753 3151 93 2 1.10 6.14 3152
