 -10 2 2 261 659 0.42 1 1 2
ForestTiles.png
hellomario E tileset.png
-1
-1
-1
-1
-1
-1
-1
-1
-1
-1
-1
-1
-1
-1
-1
-1
-1
-1
 -1
 17 33 7286 13 1 11 11.14 3152
 17 97 7286 13 1 11 11.14 3152
 17 129 7286 13 1 11 11.14 3152
 17 81 16018 12 21 11 11.14 3152
 17 145 16016 12 19 11 11.14 3152
 17 65 7286 13 2 11 11.14 3152
 17 49 7460 12 16 11 11.14 3152
 17 129 7309 18 1 1 1.14 3152 10 0
 17 97 7289 17 1 1 1.14 3152 7 0
 17 65 7315 16 2 1 1.14 3152 15 0
 17 33 16000 1 1 1 -8.86 3152
 33 17 3151 21 2 1150001 1150001.14 3152 481 289
 33 145 3151 21 2 1150001 1150001.14 3152 481 289
 49 33 7286 13 1 11 11.14 3152
 49 65 7286 13 1 11 11.14 3152
 49 97 7286 13 1 11 11.14 3152
 49 113 7296 12 5 11 11.14 3152
 49 49 16018 12 21 11 11.14 3152
 49 161 7286 13 1 11 11.14 3152
 49 129 7286 13 1 11 11.14 3152
 49 65 7301 15 2 1 1.14 3152 6 0
 49 33 7300 15 1 1 1.14 3152 8 0
 49 97 7302 15 3 1 1.14 3152 11 0
 65 65 3151 3 1 1200001 1200001.14 3152
 65 113 3151 21 2 1150001 1150001.14 3152 481 289
 65 17 3151 8 28 1100001 1100001.14 3152
 65 33 3151 8 20 1100001 1100001.14 3152
 65 65 3151 8 20 1100001 1100001.14 3152
 65 81 3151 8 27 1100001 1100001.14 3152
 65 49 3151 8 20 1100001 1100001.14 3152
 65 129 16018 12 21 11 11.14 3152
 65 33 3151 11 1 6 6.14 3152
 65 65 3151 11 1 6 6.14 3152
 81 17 3151 3 1 1200001 1200001.14 3152
 81 17 3151 21 2 1150001 1150001.14 3152 481 289
 81 81 3151 8 25 1100001 1100001.14 3152
 81 97 3151 8 27 1100001 1100001.14 3152
 81 33 7286 13 1 11 11.14 3152
 81 65 7286 13 1 11 11.14 3152
 81 161 7286 13 1 11 11.14 3152
 81 33 7300 15 1 1 1.14 3152 4 0
 81 161 7303 15 4 1 1.14 3152 16 0
 97 17 3151 3 1 1200001 1200001.14 3152
 97 33 3151 3 1 1200001 1200001.14 3152
 97 81 3151 3 1 1200001 1200001.14 3152
 97 97 3151 3 1 1200001 1200001.14 3152
 97 113 3151 3 1 1200001 1200001.14 3152
 97 145 3151 21 2 1150001 1150001.14 3152 481 289
 97 49 3151 21 2 1150001 1150001.14 3152 481 289
 97 97 3151 8 17 1100001 1100001.14 3152
 97 65 16019 12 22 11 11.14 3152
 97 33 16020 12 6 11 11.14 3152
 97 113 16016 12 19 11 11.14 3152
 113 17 3151 3 1 1200001 1200001.14 3152
 113 33 3151 3 1 1200001 1200001.14 3152
 113 49 8009 4 1 1200001 1200001.14 3152
 113 65 8009 4 1 1200001 1200001.14 3152
 113 81 8009 4 1 1200001 1200001.14 3152
 113 97 8009 4 1 1200001 1200001.14 3152
 113 113 8009 4 1 1200001 1200001.14 3152
 113 129 8009 4 1 1200001 1200001.14 3152
 113 49 3151 6 1 1100001 1100001.14 3152
 113 97 3151 7 8 1100001 1100001.14 3152
 113 129 3151 6 4 1100001 1100001.14 3152
 113 65 3151 5 10 1100001 1100001.14 3152
 113 81 3151 5 10 1100001 1100001.14 3152
 113 113 3151 5 10 1100001 1100001.14 3152
 113 161 7286 13 1 11 11.14 3152
 113 129 7286 13 1 11 11.14 3152
 113 161 7309 18 2 1 1.14 3152 16 0
 129 17 3151 3 1 1200001 1200001.14 3152
 129 49 8009 4 1 1200001 1200001.14 3152
 129 65 8009 4 1 1200001 1200001.14 3152
 129 81 8009 4 1 1200001 1200001.14 3152
 129 97 8009 4 1 1200001 1200001.14 3152
 129 113 8009 4 1 1200001 1200001.14 3152
 129 129 8009 4 1 1200001 1200001.14 3152
 129 145 3151 21 2 1150001 1150001.14 3152 481 289
 129 17 3151 21 2 1150001 1150001.14 3152 481 289
 129 49 3151 5 1 1100001 1100001.14 3152
 129 129 3151 5 7 1100001 1100001.14 3152
 129 33 16018 12 21 11 11.14 3152
 129 161 7460 12 16 11 11.14 3152
 145 17 3151 3 1 1200001 1200001.14 3152
 145 33 3151 3 1 1200001 1200001.14 3152
 145 49 8009 4 1 1200001 1200001.14 3152
 145 65 8009 4 1 1200001 1200001.14 3152
 145 81 8009 4 1 1200001 1200001.14 3152
 145 97 8009 4 1 1200001 1200001.14 3152
 145 113 8009 4 1 1200001 1200001.14 3152
 145 129 8009 4 1 1200001 1200001.14 3152
 145 145 8009 4 1 1200001 1200001.14 3152
 145 49 3151 5 1 1100001 1100001.14 3152
 145 129 3151 7 4 1100001 1100001.14 3152
 145 145 3151 6 4 1100001 1100001.14 3152
 145 161 7286 13 1 11 11.14 3152
 145 17 16021 12 18 11 11.14 3152
 145 129 7286 13 1 11 11.14 3152
 145 129 7304 15 5 1 1.14 3152 6 0
 161 17 3151 3 1 1200001 1200001.14 3152
 161 33 3151 3 1 1200001 1200001.14 3152
 161 49 8009 4 1 1200001 1200001.14 3152
 161 65 8009 4 1 1200001 1200001.14 3152
 161 81 8009 4 1 1200001 1200001.14 3152
 161 97 8009 4 1 1200001 1200001.14 3152
 161 113 8009 4 1 1200001 1200001.14 3152
 161 129 8009 4 1 1200001 1200001.14 3152
 161 145 8009 4 1 1200001 1200001.14 3152
 161 49 3151 5 1 1100001 1100001.14 3152
 161 65 3151 7 17 1100001 1100001.14 3152
 161 145 3151 6 3 1100001 1100001.14 3152
 161 81 3151 5 4 1100001 1100001.14 3152
 161 97 3151 5 4 1100001 1100001.14 3152
 161 113 3151 7 6 1100001 1100001.14 3152
 161 129 3151 5 4 1100001 1100001.14 3152
 177 17 3151 3 1 1200001 1200001.14 3152
 177 33 3151 3 1 1200001 1200001.14 3152
 177 49 8009 4 1 1200001 1200001.14 3152
 177 65 8009 4 1 1200001 1200001.14 3152
 177 145 3151 21 2 1150001 1150001.14 3152 481 289
 177 33 3151 21 2 1150001 1150001.14 3152 481 289
 177 49 3151 5 1 1100001 1100001.14 3152
 177 65 3151 5 7 1100001 1100001.14 3152
 177 113 3151 8 1 1100001 1100001.14 3152
 177 161 7286 13 1 11 11.14 3152
 177 97 7286 13 2 11 11.14 3152
 177 81 7296 12 5 11 11.14 3152
 177 129 7286 13 2 11 11.14 3152
 177 113 7460 12 16 11 11.14 3152
 177 145 7460 12 16 11 11.14 3152
 177 97 7315 16 3 1 1.14 3152 15 2
 177 129 7315 16 2 1 1.14 3152 15 1
 193 17 3151 3 1 1200001 1200001.14 3152
 193 33 3151 3 1 1200001 1200001.14 3152
 193 49 8009 4 1 1200001 1200001.14 3152
 193 65 8009 4 1 1200001 1200001.14 3152
 193 81 3151 21 2 1150001 1150001.14 3152 481 289
 193 49 3151 6 2 1100001 1100001.14 3152
 193 65 3151 6 3 1100001 1100001.14 3152
 193 145 3151 8 4 1100001 1100001.14 3152
 193 161 3151 8 4 1100001 1100001.14 3152
 193 113 3151 8 9 1100001 1100001.14 3152
 193 129 3151 8 4 1100001 1100001.14 3152
 193 33 3151 12 10 11 11.14 3152
 193 129 7460 12 16 11 11.14 3152
 193 161 3151 11 1 6 6.14 3152
 209 33 7286 13 1 11 11.14 3152
 209 65 7286 13 1 11 11.14 3152
 209 97 7286 13 1 11 11.14 3152
 209 129 7286 13 1 11 11.14 3152
 209 161 7286 13 1 11 11.14 3152
 209 161 7289 17 1 1 1.14 3152 7 1
 209 97 7305 15 6 1 1.14 3152 17 0
 209 33 16014 2 1 1 0.14 3152 18 0
 225 113 3151 21 2 1150001 1150001.14 3152 481 289
 225 33 3151 21 2 1150001 1150001.14 3152 481 289
 225 65 3151 21 2 1150001 1150001.14 3152 481 289
 225 49 16016 12 19 11 11.14 3152
 225 145 16021 12 18 11 11.14 3152
