 -10 268 682 0.42 1 1 1 1 1 2 2 301 0.42 1
smw_in11.png
-1
-1
-1
-1
-1
-1
-1
-1
-1
-1
-1
-1
-1
-1
-1
-1
-1
-1
-1
-1
-1
y0
VoiD
 1 177 3151 92 7 1.10 6.14 3152
 1 113 3151 79 33 0.10 4.14 3152
 17 49 3151 78 1 1100001.10 1100001.14 3152
 17 65 3151 78 3 1100001.10 1100001.14 3152
 17 81 3151 78 3 1100001.10 1100001.14 3152
 17 97 3151 78 3 1100001.10 1100001.14 3152
 17 113 3151 78 3 1100001.10 1100001.14 3152
 17 129 3151 78 3 1100001.10 1100001.14 3152
 17 145 3151 78 3 1100001.10 1100001.14 3152
 17 161 3151 78 3 1100001.10 1100001.14 3152
 17 177 3151 92 2 1.10 6.14 3152
 17 113 3151 79 34 0.10 4.14 3152
 17 145 3151 79 36 0.10 4.14 3152
 17 161 3151 79 36 0.10 4.14 3152
 17 129 3151 60 1 1.10 1.14 3152
 17 145 3192 51 1 1.10 1.14 3193 ofTitle
 33 49 3151 78 2 1100001.10 1100001.14 3152
 33 145 3151 78 3 1100001.10 1100001.14 3152
 33 97 3151 78 5 1100001.10 1100001.14 3152
 33 65 3151 78 4 1100001.10 1100001.14 3152
 33 81 3151 78 4 1100001.10 1100001.14 3152
 33 113 3151 78 3 1100001.10 1100001.14 3152
 33 129 3151 78 3 1100001.10 1100001.14 3152
 33 161 3151 78 3 1100001.10 1100001.14 3152
 33 177 3151 92 2 1.10 6.14 3152
 33 113 3151 79 35 0.10 4.14 3152
 33 161 3151 79 1 0.10 4.14 3152
 33 129 3151 59 1 1.10 1.14 3152
 49 113 3151 78 4 1100001.10 1100001.14 3152
 49 129 3151 78 4 1100001.10 1100001.14 3152
 49 145 3151 78 4 1100001.10 1100001.14 3152
 49 161 3151 78 4 1100001.10 1100001.14 3152
 49 97 3151 78 6 1100001.10 1100001.14 3152
 49 81 3151 78 1 1100001.10 1100001.14 3152
 49 177 3151 92 2 1.10 6.14 3152
 49 145 3192 52 1 1.10 1.14 3193
 49 129 3151 60 1 1.10 1.14 3152
 49 65 3151 84 25 1.10 1.14 3152
 65 81 3151 78 2 1100001.10 1100001.14 3152
 65 97 3151 78 4 1100001.10 1100001.14 3152
 65 113 3151 78 4 1100001.10 1100001.14 3152
 65 129 3151 78 4 1100001.10 1100001.14 3152
 65 145 3151 78 4 1100001.10 1100001.14 3152
 65 161 3151 78 4 1100001.10 1100001.14 3152
 65 177 3151 92 2 1.10 6.14 3152
 65 65 3151 84 26 1.10 1.14 3152
 81 177 3151 92 2 1.10 6.14 3152
 81 129 3151 79 33 0.10 4.14 3152
 81 161 3151 79 22 0.10 4.14 3152
 97 65 3151 78 9 1100001.10 1100001.14 3152
 97 81 3151 78 11 1100001.10 1100001.14 3152
 97 97 3151 78 11 1100001.10 1100001.14 3152
 97 113 3151 78 11 1100001.10 1100001.14 3152
 97 129 3151 78 11 1100001.10 1100001.14 3152
 97 145 3151 78 11 1100001.10 1100001.14 3152
 97 161 3151 78 11 1100001.10 1100001.14 3152
 97 177 3151 92 2 1.10 6.14 3152
 97 145 3151 79 36 0.10 4.14 3152
 97 161 3151 79 36 0.10 4.14 3152
 97 129 3151 79 34 0.10 4.14 3152
 113 161 3151 78 11 1100001.10 1100001.14 3152
 113 145 3151 78 11 1100001.10 1100001.14 3152
 113 113 3151 78 11 1100001.10 1100001.14 3152
 113 129 3151 78 11 1100001.10 1100001.14 3152
 113 65 3151 78 10 1100001.10 1100001.14 3152
 113 81 3151 78 12 1100001.10 1100001.14 3152
 113 97 3151 78 13 1100001.10 1100001.14 3152
 113 161 3151 79 1 0.10 4.14 3152
 113 129 3151 79 35 0.10 4.14 3152
 113 177 3151 95 1 1.10 1.14 3152 17 1
 129 97 3151 78 10 1100001.10 1100001.14 3152
 129 113 3151 78 12 1100001.10 1100001.14 3152
 129 129 3151 78 12 1100001.10 1100001.14 3152
 129 161 3151 78 12 1100001.10 1100001.14 3152
 129 145 3151 78 12 1100001.10 1100001.14 3152
 129 177 3151 92 2 1.10 6.14 3152
 129 65 3151 79 30 0.10 4.14 3152
 129 1 3151 84 7 1.10 1.14 3152
 129 17 3151 84 4 1.10 1.14 3152
 145 177 3151 92 2 1.10 6.14 3152
 145 145 3151 79 15 0.10 4.14 3152
 145 161 3151 79 18 0.10 4.14 3152
 145 65 3151 79 31 0.10 4.14 3152
 145 81 3151 79 36 0.10 4.14 3152
 145 97 3151 79 36 0.10 4.14 3152
 145 113 3151 79 36 0.10 4.14 3152
 145 129 3151 79 36 0.10 4.14 3152
 145 1 3151 84 8 1.10 1.14 3152
 145 17 3151 84 5 1.10 1.14 3152
 145 113 3676 81 1 -999998.90 -18.86 3677
 161 177 3151 92 2 1.10 6.14 3152
 161 65 3151 79 32 0.10 4.14 3152
 161 81 3151 79 30 0.10 4.14 3152
 161 145 3151 79 16 0.10 4.14 3152
 161 161 3151 79 19 0.10 4.14 3152
 161 1 3151 84 9 1.10 1.14 3152
 161 17 3151 84 6 1.10 1.14 3152
 161 97 3151 84 4 1.10 1.14 3152
 161 81 3151 84 7 1.10 1.14 3152
 177 177 3151 92 2 1.10 6.14 3152
 177 145 3151 79 17 0.10 4.14 3152
 177 161 3151 79 20 0.10 4.14 3152
 177 129 3151 79 36 0.10 4.14 3152
 177 113 3151 79 36 0.10 4.14 3152
 177 97 3151 79 36 0.10 4.14 3152
 177 81 3151 79 31 0.10 4.14 3152
 177 97 3151 84 6 1.10 1.14 3152
 177 81 3151 84 9 1.10 1.14 3152
 193 177 3151 92 2 1.10 6.14 3152
 193 81 3151 79 32 0.10 4.14 3152
 193 145 3192 53 6 1.10 -5.86 3193
 209 177 3151 92 2 1.10 6.14 3152
 225 17 3645 68 1 1.10 11.14 3646
 225 161 3151 79 1 0.10 4.14 3152
 225 177 3151 95 1 1.10 1.14 3152 17 1
 241 177 3151 92 9 1.10 6.14 3152
 241 161 3151 79 64 0.10 4.14 3152
 241 145 3151 79 61 0.10 4.14 3152
 241 129 3151 79 60 0.10 4.14 3152
