 -10 269 3431 0.42 1 1 2 1 1 2 1 301 0.42 1
-1
-1
-1
-1
-1
-1
-1
-1
-1
-1
-1
-1
-1
-1
-1
-1
-1
-1
-1
-1
-1
-1
y0
Surprise!
 1 4753 3151 85 5 1.10 1.14 3152
 1 4737 3151 85 5 1.10 1.14 3152
 1 4721 3151 85 5 1.10 1.14 3152
 1 4705 3151 85 5 1.10 1.14 3152
 1 4657 3151 85 6 1.10 1.14 3152
 1 4641 3151 85 6 1.10 1.14 3152
 1 4625 3151 85 6 1.10 1.14 3152
 1 4609 3151 85 6 1.10 1.14 3152
 1 4593 3151 85 10 1.10 1.14 3152
 1 4577 3151 85 5 1.10 1.14 3152
 1 4689 3151 85 13 1.10 1.14 3152
 1 4673 3151 85 6 1.10 1.14 3152
 1 4561 3151 85 5 1.10 1.14 3152
 1 4545 3151 85 5 1.10 1.14 3152
 17 4753 3151 85 5 1.10 1.14 3152
 17 4737 3151 85 5 1.10 1.14 3152
 17 4721 3151 85 5 1.10 1.14 3152
 17 4705 3151 85 5 1.10 1.14 3152
 17 4593 3151 85 9 1.10 1.14 3152
 17 4577 3151 85 10 1.10 1.14 3152
 17 4689 3151 85 2 1.10 1.14 3152
 17 4561 3151 85 5 1.10 1.14 3152
 17 4545 3151 85 5 1.10 1.14 3152
 33 4753 3151 85 5 1.10 1.14 3152
 33 4737 3151 85 13 1.10 1.14 3152
 33 4577 3151 85 9 1.10 1.14 3152
 33 4705 3151 85 6 1.10 1.14 3152
 33 4721 3151 85 6 1.10 1.14 3152
 33 4689 3151 85 3 1.10 1.14 3152
 33 4561 3151 85 10 1.10 1.14 3152
 33 4657 3192 51 1 1.10 1.14 3193 1
 33 4545 3151 85 5 1.10 1.14 3152
 49 4753 3151 85 5 1.10 1.14 3152
 49 4737 3151 85 2 1.10 1.14 3152
 49 4561 3151 85 9 1.10 1.14 3152
 49 4545 3151 85 10 1.10 1.14 3152
 65 4753 3151 85 5 1.10 1.14 3152
 65 4737 3151 85 2 1.10 1.14 3152
 65 4545 3151 85 8 1.10 1.14 3152
 81 4753 3151 85 5 1.10 1.14 3152
 81 4737 3151 85 2 1.10 1.14 3152
 81 4545 3151 85 8 1.10 1.14 3152
 97 4753 3151 85 5 1.10 1.14 3152
 97 4737 3151 85 2 1.10 1.14 3152
 97 4545 3151 85 8 1.10 1.14 3152
 113 4753 3151 85 5 1.10 1.14 3152
 113 4737 3151 85 2 1.10 1.14 3152
 113 4721 3151 90 5 1.10 1.14 3152
 113 4545 3151 85 8 1.10 1.14 3152
 129 4737 3151 85 2 1.10 1.14 3152
 129 4753 3151 85 5 1.10 1.14 3152
 129 4545 3151 85 8 1.10 1.14 3152
 145 4737 3151 85 2 1.10 1.14 3152
 145 4753 3151 85 5 1.10 1.14 3152
 145 4689 3151 60 1 1.10 1.14 3152
 145 4545 3151 85 8 1.10 1.14 3152
 161 4737 3151 85 2 1.10 1.14 3152
 161 4753 3151 85 5 1.10 1.14 3152
 161 4689 3151 60 1 1.10 1.14 3152
 161 4545 3151 85 8 1.10 1.14 3152
 177 4737 3151 85 2 1.10 1.14 3152
 177 4753 3151 85 5 1.10 1.14 3152
 177 4689 3151 60 1 1.10 1.14 3152
 177 4657 3192 53 13 1.10 1.14 3193
 177 4545 3151 85 8 1.10 1.14 3152
 193 4737 3151 85 2 1.10 1.14 3152
 193 4753 3151 85 5 1.10 1.14 3152
 193 4561 3151 85 7 1.10 1.14 3152
 193 4705 3192 53 13 1.10 1.14 3193
 193 4689 3151 60 1 1.10 1.14 3152
 193 4545 3151 85 11 1.10 1.14 3152
 209 4737 3151 85 12 1.10 1.14 3152
 209 4705 3151 85 4 1.10 1.14 3152
 209 4721 3151 85 4 1.10 1.14 3152
 209 4689 3151 85 1 1.10 1.14 3152
 209 4753 3151 85 5 1.10 1.14 3152
 209 4577 3151 85 7 1.10 1.14 3152
 209 4561 3151 85 11 1.10 1.14 3152
 209 4545 3151 85 5 1.10 1.14 3152
 225 4737 3151 85 5 1.10 1.14 3152
 225 4721 3151 85 5 1.10 1.14 3152
 225 4705 3151 85 5 1.10 1.14 3152
 225 4689 3151 85 2 1.10 1.14 3152
 225 4753 3151 85 5 1.10 1.14 3152
 225 4593 3151 85 7 1.10 1.14 3152
 225 4577 3151 85 11 1.10 1.14 3152
 225 4561 3151 85 5 1.10 1.14 3152
 225 4545 3151 85 5 1.10 1.14 3152
 241 4737 3151 85 5 1.10 1.14 3152
 241 4705 3151 85 5 1.10 1.14 3152
 241 4721 3151 85 5 1.10 1.14 3152
 241 4657 3151 85 4 1.10 1.14 3152
 241 4641 3151 85 4 1.10 1.14 3152
 241 4625 3151 85 4 1.10 1.14 3152
 241 4689 3151 85 12 1.10 1.14 3152
 241 4673 3151 85 4 1.10 1.14 3152
 241 4753 3151 85 5 1.10 1.14 3152
 241 4609 3151 85 4 1.10 1.14 3152
 241 4593 3151 85 11 1.10 1.14 3152
 241 4561 3151 85 5 1.10 1.14 3152
 241 4577 3151 85 5 1.10 1.14 3152
 241 4545 3151 85 5 1.10 1.14 3152
 257 4641 3151 81 1 -999998.90 -18.86 3152
