 -10 306 684 0.42 1 1 1 1 1 2 2 301 0.42 1
-1
-1
-1
-1
-1
-1
-1
-1
-1
-1
-1
-1
-1
-1
-1
-1
-1
-1
-1
-1
-1
-1
y0
Bowser's Castle
 1 4753 3151 87 24 1.10 1.14 3152
 1 4737 3151 87 22 1.10 1.14 3152
 1 4513 3151 87 10 1.10 1.14 3152
 1 4449 3151 87 10 1.10 1.14 3152
 1 4465 3151 87 10 1.10 1.14 3152
 1 4481 3151 87 10 1.10 1.14 3152
 1 4497 3151 87 10 1.10 1.14 3152
 1 4529 3151 87 10 1.10 1.14 3152
 17 4753 3151 87 25 1.10 1.14 3152
 17 4737 3151 87 23 1.10 1.14 3152
 17 4449 3151 87 10 1.10 1.14 3152
 17 4465 3151 87 10 1.10 1.14 3152
 17 4481 3693 87 11 1.10 1.14 3694
 33 4753 3151 87 24 1.10 1.14 3152
 33 4737 3151 87 22 1.10 1.14 3152
 33 4449 3151 87 10 1.10 1.14 3152
 33 4465 3151 87 10 1.10 1.14 3152
 49 4753 3151 87 25 1.10 1.14 3152
 49 4737 3151 87 23 1.10 1.14 3152
 49 4705 3192 51 1 1.10 1.14 3193 1
 49 4449 3151 87 10 1.10 1.14 3152
 49 4465 3151 87 10 1.10 1.14 3152
 65 4753 3151 87 24 1.10 1.14 3152
 65 4737 3151 87 22 1.10 1.14 3152
 65 4449 3151 87 10 1.10 1.14 3152
 65 4465 3151 87 10 1.10 1.14 3152
 81 4753 3151 87 25 1.10 1.14 3152
 81 4737 3151 87 23 1.10 1.14 3152
 81 4449 3195 87 12 1.10 1.14 3196
 97 4753 3151 87 24 1.10 1.14 3152
 97 4737 3151 87 22 1.10 1.14 3152
 97 4705 3192 52 1 1.10 1.14 3193
 113 4753 3151 87 25 1.10 1.14 3152
 113 4737 3151 87 23 1.10 1.14 3152
 129 4753 3151 87 24 1.10 1.14 3152
 129 4737 3151 87 22 1.10 1.14 3152
 145 4753 3151 87 25 1.10 1.14 3152
 145 4737 3151 87 23 1.10 1.14 3152
 161 4753 3151 87 24 1.10 1.14 3152
 161 4737 3151 87 22 1.10 1.14 3152
 177 4737 3151 87 23 1.10 1.14 3152
 177 4753 3151 87 25 1.10 1.14 3152
 177 4449 3195 87 12 1.10 1.14 3196
 193 4737 3151 87 22 1.10 1.14 3152
 193 4753 3151 87 24 1.10 1.14 3152
 209 4737 3151 87 23 1.10 1.14 3152
 209 4753 3151 87 25 1.10 1.14 3152
 225 4737 3151 87 22 1.10 1.14 3152
 225 4753 3151 87 24 1.10 1.14 3152
 241 4737 3151 87 23 1.10 1.14 3152
 241 4753 3151 87 25 1.10 1.14 3152
 257 4737 3151 87 22 1.10 1.14 3152
 257 4753 3151 87 24 1.10 1.14 3152
 273 4753 3151 87 25 1.10 1.14 3152
 273 4737 3151 87 23 1.10 1.14 3152
 273 4449 3195 87 12 1.10 1.14 3196
 289 4753 3151 87 24 1.10 1.14 3152
 289 4737 3151 87 22 1.10 1.14 3152
 289 4705 3196 54 31 1.10 1.14 3197
 305 4753 3151 87 25 1.10 1.14 3152
 305 4737 3151 87 23 1.10 1.14 3152
 321 4753 3151 87 24 1.10 1.14 3152
 321 4737 3151 87 22 1.10 1.14 3152
 321 4673 3151 60 4 1.10 1.14 3152
 337 4753 3151 87 25 1.10 1.14 3152
 337 4737 3151 87 23 1.10 1.14 3152
 337 4673 3151 87 10 1.10 1.14 3152
 337 4721 3151 87 10 1.10 1.14 3152
 337 4705 3151 87 10 1.10 1.14 3152
 337 4689 3151 87 10 1.10 1.14 3152
 353 4753 3151 87 24 1.10 1.14 3152
 353 4737 3151 87 22 1.10 1.14 3152
 353 4641 3151 87 10 1.10 1.14 3152
 353 4625 3151 87 10 1.10 1.14 3152
 353 4609 3151 87 10 1.10 1.14 3152
 353 4657 3151 87 10 1.10 1.14 3152
 353 4673 3693 87 11 1.10 1.14 3694
 369 4753 3151 87 25 1.10 1.14 3152
 369 4737 3151 87 23 1.10 1.14 3152
 369 4449 3195 87 12 1.10 1.14 3196
 369 4577 3195 87 12 1.10 1.14 3196
 385 4753 3151 87 24 1.10 1.14 3152
 385 4737 3151 87 22 1.10 1.14 3152
 401 4753 3151 87 25 1.10 1.14 3152
 401 4737 3151 87 23 1.10 1.14 3152
 417 4753 3151 87 24 1.10 1.14 3152
 417 4737 3151 87 22 1.10 1.14 3152
 417 4673 3693 87 11 1.10 1.14 3694
 433 4753 3151 87 25 1.10 1.14 3152
 433 4737 3151 87 23 1.10 1.14 3152
 449 4753 3151 87 24 1.10 1.14 3152
 449 4737 3151 87 22 1.10 1.14 3152
 465 4753 3151 87 25 1.10 1.14 3152
 465 4737 3151 87 23 1.10 1.14 3152
 465 4449 3195 87 12 1.10 1.14 3196
 465 4577 3195 87 12 1.10 1.14 3196
 481 4753 3151 87 24 1.10 1.14 3152
 481 4737 3151 87 22 1.10 1.14 3152
 481 4673 3693 87 11 1.10 1.14 3694
 497 4753 3151 87 25 1.10 1.14 3152
 497 4737 3151 87 23 1.10 1.14 3152
 513 4753 3151 87 24 1.10 1.14 3152
 513 4737 3151 87 22 1.10 1.14 3152
 529 4753 3151 87 25 1.10 1.14 3152
 529 4737 3151 87 23 1.10 1.14 3152
 545 4753 3151 87 24 1.10 1.14 3152
 545 4737 3151 87 22 1.10 1.14 3152
 545 4721 3151 87 10 1.10 1.14 3152
 545 4705 3151 87 10 1.10 1.14 3152
 545 4673 3151 87 10 1.10 1.14 3152
 545 4689 3151 87 10 1.10 1.14 3152
 561 4753 3151 87 25 1.10 1.14 3152
 561 4737 3151 87 23 1.10 1.14 3152
 561 4577 3151 61 1 1.10 1.14 3152
 561 4353 3195 87 12 1.10 1.14 3196
 561 4449 3195 87 12 1.10 1.14 3196
 577 4753 3151 87 24 1.10 1.14 3152
 577 4737 3151 87 22 1.10 1.14 3152
 577 4641 3693 87 11 1.10 1.14 3694
 577 4545 3195 87 12 1.10 1.14 3196
 593 4753 3151 87 25 1.10 1.14 3152
 593 4737 3151 87 23 1.10 1.14 3152
 609 4753 3151 87 24 1.10 1.14 3152
 609 4737 3151 87 22 1.10 1.14 3152
 625 4753 3151 87 25 1.10 1.14 3152
 625 4737 3151 87 23 1.10 1.14 3152
 641 4753 3151 87 24 1.10 1.14 3152
 641 4737 3151 87 22 1.10 1.14 3152
 641 4641 3196 56 7 1.10 1.14 3197
 657 4753 3151 87 25 1.10 1.14 3152
 657 4737 3151 87 23 1.10 1.14 3152
 657 4321 3195 87 12 1.10 1.14 3196
 673 4753 3151 87 24 1.10 1.14 3152
 673 4737 3151 87 22 1.10 1.14 3152
 689 4753 3151 87 25 1.10 1.14 3152
 689 4737 3151 87 23 1.10 1.14 3152
 689 4609 3195 87 12 1.10 1.14 3196
 689 4689 3151 56 10 -3.90 -6.86 3152
 705 4753 3151 87 24 1.10 1.14 3152
 705 4737 3151 87 22 1.10 1.14 3152
 705 4497 3151 87 10 1.10 1.14 3152
 705 4513 3151 87 10 1.10 1.14 3152
 705 4529 3151 87 10 1.10 1.14 3152
 705 4545 3151 87 10 1.10 1.14 3152
 705 4561 3151 87 10 1.10 1.14 3152
 705 4561 3151 56 10 -3.90 -6.86 3152
 721 4753 3151 87 25 1.10 1.14 3152
 721 4737 3151 87 23 1.10 1.14 3152
 721 4481 3151 87 10 1.10 1.14 3152
 721 4497 3151 87 10 1.10 1.14 3152
 721 4513 3151 87 10 1.10 1.14 3152
 721 4529 3151 87 10 1.10 1.14 3152
 721 4545 3151 87 10 1.10 1.14 3152
 721 4561 3151 87 10 1.10 1.14 3152
 737 4753 3151 87 24 1.10 1.14 3152
 737 4737 3151 87 22 1.10 1.14 3152
 737 4481 3151 87 10 1.10 1.14 3152
 737 4497 3151 87 10 1.10 1.14 3152
 737 4513 3196 56 7 1.10 1.14 3197
 753 4753 3151 87 25 1.10 1.14 3152
 753 4737 3151 87 23 1.10 1.14 3152
 753 4481 3151 87 10 1.10 1.14 3152
 753 4497 3151 87 10 1.10 1.14 3152
 753 4321 3195 87 12 1.10 1.14 3196
 769 4753 3151 87 24 1.10 1.14 3152
 769 4737 3151 87 22 1.10 1.14 3152
 769 4481 3151 87 10 1.10 1.14 3152
 769 4497 3151 87 10 1.10 1.14 3152
 769 4513 3151 87 10 1.10 1.14 3152
 769 4529 3151 87 10 1.10 1.14 3152
 769 4545 3151 87 10 1.10 1.14 3152
 785 4753 3151 87 25 1.10 1.14 3152
 785 4737 3151 87 23 1.10 1.14 3152
 785 4689 3151 87 10 1.10 1.14 3152
 785 4673 3151 66 1 1.10 1.14 3152
 785 4481 3151 87 10 1.10 1.14 3152
 785 4497 3151 87 10 1.10 1.14 3152
 785 4513 3151 87 10 1.10 1.14 3152
 785 4529 3151 87 10 1.10 1.14 3152
 785 4545 3151 87 10 1.10 1.14 3152
 785 4561 3151 87 10 1.10 1.14 3152
 801 4753 3151 87 24 1.10 1.14 3152
 801 4737 3151 87 22 1.10 1.14 3152
 801 4497 3151 87 10 1.10 1.14 3152
 801 4513 3151 87 10 1.10 1.14 3152
 801 4529 3151 87 10 1.10 1.14 3152
 801 4545 3195 87 12 1.10 1.14 3196
 817 4753 3151 87 25 1.10 1.14 3152
 817 4737 3151 87 23 1.10 1.14 3152
 817 4513 3151 87 10 1.10 1.14 3152
 817 4529 3151 87 10 1.10 1.14 3152
 817 4641 3195 87 12 1.10 1.14 3196
 833 4753 3151 87 24 1.10 1.14 3152
 833 4737 3151 87 22 1.10 1.14 3152
 833 4529 3151 87 10 1.10 1.14 3152
 849 4753 3151 87 25 1.10 1.14 3152
 849 4737 3151 87 23 1.10 1.14 3152
 849 4321 3195 87 12 1.10 1.14 3196
 865 4753 3151 87 24 1.10 1.14 3152
 865 4737 3151 87 22 1.10 1.14 3152
 881 4753 3151 87 25 1.10 1.14 3152
 881 4737 3151 87 23 1.10 1.14 3152
 897 4753 3151 87 24 1.10 1.14 3152
 897 4737 3151 87 22 1.10 1.14 3152
 897 4625 3151 87 10 1.10 1.14 3152
 897 4577 3151 87 10 1.10 1.14 3152
 897 4561 3151 87 10 1.10 1.14 3152
 897 4609 3151 87 10 1.10 1.14 3152
 897 4593 3151 87 10 1.10 1.14 3152
 913 4753 3151 87 25 1.10 1.14 3152
 913 4737 3151 87 23 1.10 1.14 3152
 913 4721 3151 87 10 1.10 1.14 3152
 913 4705 3151 87 10 1.10 1.14 3152
 913 4577 3151 87 10 1.10 1.14 3152
 913 4593 3151 87 10 1.10 1.14 3152
 913 4609 3195 87 12 1.10 1.14 3196
 929 4753 3151 87 24 1.10 1.14 3152
 929 4737 3151 87 22 1.10 1.14 3152
 929 4721 3151 87 10 1.10 1.14 3152
 929 4705 3151 87 10 1.10 1.14 3152
 929 4593 3151 87 10 1.10 1.14 3152
 945 4321 3195 87 12 1.10 1.14 3196
 945 4753 3151 87 25 1.10 1.14 3152
 945 4737 3151 87 23 1.10 1.14 3152
 945 4721 3151 87 10 1.10 1.14 3152
 945 4705 3151 87 10 1.10 1.14 3152
 961 4753 3151 87 24 1.10 1.14 3152
 961 4737 3151 87 22 1.10 1.14 3152
 961 4721 3151 87 10 1.10 1.14 3152
 961 4705 3151 87 10 1.10 1.14 3152
 977 4529 3151 59 1 1.10 1.14 3152
 977 4753 3151 87 25 1.10 1.14 3152
 977 4737 3151 87 23 1.10 1.14 3152
 977 4721 3151 87 10 1.10 1.14 3152
 977 4705 3151 87 10 1.10 1.14 3152
 993 4529 3151 59 1 1.10 1.14 3152
 993 4753 3151 87 24 1.10 1.14 3152
 993 4737 3151 87 22 1.10 1.14 3152
 993 4721 3151 87 10 1.10 1.14 3152
 993 4705 3151 87 10 1.10 1.14 3152
 1009 4753 3151 87 25 1.10 1.14 3152
 1009 4737 3151 87 23 1.10 1.14 3152
 1009 4721 3151 87 10 1.10 1.14 3152
 1009 4705 3151 87 10 1.10 1.14 3152
 1009 4593 3151 57 4 1.10 1.14 3152
 1009 4609 3195 87 12 1.10 1.14 3196
 1025 4753 3151 87 24 1.10 1.14 3152
 1025 4737 3151 87 22 1.10 1.14 3152
 1025 4721 3151 87 10 1.10 1.14 3152
 1025 4705 3151 87 10 1.10 1.14 3152
 1041 4321 3195 87 12 1.10 1.14 3196
 1041 4529 3151 59 9 1.10 1.14 3152
 1041 4753 3151 87 25 1.10 1.14 3152
 1041 4737 3151 87 23 1.10 1.14 3152
 1041 4721 3151 87 10 1.10 1.14 3152
 1041 4705 3151 87 10 1.10 1.14 3152
 1057 4529 3151 59 1 1.10 1.14 3152
 1057 4753 3151 87 24 1.10 1.14 3152
 1057 4737 3151 87 22 1.10 1.14 3152
 1057 4721 3151 87 10 1.10 1.14 3152
 1057 4705 3151 87 10 1.10 1.14 3152
 1073 4753 3151 87 25 1.10 1.14 3152
 1073 4737 3151 87 23 1.10 1.14 3152
 1073 4721 3151 87 10 1.10 1.14 3152
 1073 4705 3151 87 10 1.10 1.14 3152
 1073 4593 3151 57 4 1.10 1.14 3152
 1089 4753 3151 87 24 1.10 1.14 3152
 1089 4737 3151 87 22 1.10 1.14 3152
 1089 4721 3151 87 10 1.10 1.14 3152
 1089 4705 3151 87 10 1.10 1.14 3152
 1105 4753 3151 87 25 1.10 1.14 3152
 1105 4737 3151 87 23 1.10 1.14 3152
 1105 4721 3151 87 10 1.10 1.14 3152
 1105 4705 3151 87 10 1.10 1.14 3152
 1105 4689 3151 87 10 1.10 1.14 3152
 1105 4673 3151 87 10 1.10 1.14 3152
 1105 4657 3151 87 10 1.10 1.14 3152
 1105 4641 3151 87 10 1.10 1.14 3152
 1105 4625 3151 87 10 1.10 1.14 3152
 1121 4753 3151 87 24 1.10 1.14 3152
 1121 4737 3151 87 22 1.10 1.14 3152
 1121 4721 3151 87 10 1.10 1.14 3152
 1121 4705 3151 87 10 1.10 1.14 3152
 1121 4689 3151 87 10 1.10 1.14 3152
 1121 4673 3151 87 10 1.10 1.14 3152
 1121 4657 3151 87 10 1.10 1.14 3152
 1121 4641 3151 87 10 1.10 1.14 3152
 1137 4321 3195 87 12 1.10 1.14 3196
 1137 4753 3151 87 25 1.10 1.14 3152
 1137 4737 3151 87 23 1.10 1.14 3152
 1137 4721 3151 87 10 1.10 1.14 3152
 1137 4705 3151 87 10 1.10 1.14 3152
 1137 4689 3151 87 10 1.10 1.14 3152
 1137 4673 3151 87 10 1.10 1.14 3152
 1137 4657 3151 87 10 1.10 1.14 3152
 1153 4753 3151 87 24 1.10 1.14 3152
 1153 4737 3151 87 22 1.10 1.14 3152
 1153 4721 3151 87 10 1.10 1.14 3152
 1153 4705 3151 87 10 1.10 1.14 3152
 1153 4689 3151 87 10 1.10 1.14 3152
 1153 4673 3151 87 10 1.10 1.14 3152
 1169 4753 3151 87 25 1.10 1.14 3152
 1169 4737 3151 87 23 1.10 1.14 3152
 1169 4721 3151 87 10 1.10 1.14 3152
 1169 4705 3151 87 10 1.10 1.14 3152
 1169 4689 3151 87 10 1.10 1.14 3152
 1169 4673 3151 63 10 1.10 1.14 3152
 1185 4753 3151 87 24 1.10 1.14 3152
 1185 4737 3151 87 22 1.10 1.14 3152
 1185 4721 3151 87 10 1.10 1.14 3152
 1185 4705 3151 87 10 1.10 1.14 3152
 1201 4753 3151 87 25 1.10 1.14 3152
 1201 4737 3151 87 23 1.10 1.14 3152
 1201 4721 3151 87 10 1.10 1.14 3152
 1217 4753 3151 87 24 1.10 1.14 3152
 1217 4737 3151 87 22 1.10 1.14 3152
 1233 4321 3195 87 12 1.10 1.14 3196
 1233 4753 3151 87 25 1.10 1.14 3152
 1233 4737 3151 87 23 1.10 1.14 3152
 1249 4753 3151 87 24 1.10 1.14 3152
 1249 4737 3151 87 22 1.10 1.14 3152
 1265 4753 3151 87 25 1.10 1.14 3152
 1265 4737 3151 87 23 1.10 1.14 3152
 1281 4753 3151 87 24 1.10 1.14 3152
 1281 4737 3151 87 22 1.10 1.14 3152
 1281 4657 3151 60 1 1.10 1.14 3152
 1297 4753 3151 87 25 1.10 1.14 3152
 1297 4737 3151 87 23 1.10 1.14 3152
 1297 4657 3151 60 1 1.10 1.14 3152
 1313 4753 3151 87 24 1.10 1.14 3152
 1313 4737 3151 87 22 1.10 1.14 3152
 1313 4657 3151 60 1 1.10 1.14 3152
 1313 4625 3192 53 15 1.10 1.14 3193
 1329 4321 3195 87 12 1.10 1.14 3196
 1329 4753 3151 87 25 1.10 1.14 3152
 1329 4737 3151 87 23 1.10 1.14 3152
 1329 4657 3151 60 1 1.10 1.14 3152
 1345 4753 3151 87 24 1.10 1.14 3152
 1345 4737 3151 87 22 1.10 1.14 3152
 1345 4657 3151 60 1 1.10 1.14 3152
 1345 4705 3192 53 15 1.10 1.14 3193
 1361 4753 3151 87 25 1.10 1.14 3152
 1361 4737 3151 87 23 1.10 1.14 3152
 1361 4657 3151 60 1 1.10 1.14 3152
 1377 4753 3151 87 24 1.10 1.14 3152
 1377 4737 3151 87 22 1.10 1.14 3152
 1377 4657 3151 60 1 1.10 1.14 3152
 1393 4753 3151 87 25 1.10 1.14 3152
 1393 4737 3151 87 23 1.10 1.14 3152
 1409 4753 3151 87 24 1.10 1.14 3152
 1409 4737 3151 87 22 1.10 1.14 3152
 1425 4321 3195 87 12 1.10 1.14 3196
 1425 4753 3151 87 25 1.10 1.14 3152
 1425 4737 3151 87 23 1.10 1.14 3152
 1441 4753 3151 87 24 1.10 1.14 3152
 1441 4737 3151 87 22 1.10 1.14 3152
 1457 4753 3151 87 25 1.10 1.14 3152
 1457 4737 3151 87 23 1.10 1.14 3152
 1473 4753 3151 87 24 1.10 1.14 3152
 1473 4737 3151 87 22 1.10 1.14 3152
 1473 4657 3151 60 17 1.10 1.14 3152
 1489 4753 3151 87 25 1.10 1.14 3152
 1489 4737 3151 87 23 1.10 1.14 3152
 1489 4657 3151 60 1 1.10 1.14 3152
 1505 4753 3151 87 24 1.10 1.14 3152
 1505 4737 3151 87 22 1.10 1.14 3152
 1505 4657 3151 60 1 1.10 1.14 3152
 1521 4321 3195 87 12 1.10 1.14 3196
 1521 4753 3151 87 25 1.10 1.14 3152
 1521 4737 3151 87 23 1.10 1.14 3152
 1521 4657 3151 60 1 1.10 1.14 3152
 1537 4753 3151 87 24 1.10 1.14 3152
 1537 4737 3151 87 22 1.10 1.14 3152
 1537 4657 3151 60 1 1.10 1.14 3152
 1537 4625 3196 54 30 1.10 1.14 3197
 1553 4753 3151 87 25 1.10 1.14 3152
 1553 4737 3151 87 23 1.10 1.14 3152
 1553 4657 3151 60 1 1.10 1.14 3152
 1569 4753 3151 87 24 1.10 1.14 3152
 1569 4737 3151 87 22 1.10 1.14 3152
 1569 4657 3151 60 1 1.10 1.14 3152
 1585 4753 3151 87 25 1.10 1.14 3152
 1585 4737 3151 87 23 1.10 1.14 3152
 1585 4657 3151 60 1 1.10 1.14 3152
 1601 4753 3151 87 24 1.10 1.14 3152
 1601 4737 3151 87 22 1.10 1.14 3152
 1617 4321 3195 87 12 1.10 1.14 3196
 1617 4753 3151 87 25 1.10 1.14 3152
 1617 4737 3151 87 23 1.10 1.14 3152
 1633 4753 3151 87 24 1.10 1.14 3152
 1633 4737 3151 87 22 1.10 1.14 3152
 1649 4753 3151 87 25 1.10 1.14 3152
 1649 4737 3151 87 23 1.10 1.14 3152
 1665 4753 3151 87 24 1.10 1.14 3152
 1665 4737 3151 87 22 1.10 1.14 3152
 1681 4753 3151 87 25 1.10 1.14 3152
 1681 4737 3151 87 23 1.10 1.14 3152
 1681 4657 3151 60 1 1.10 1.14 3152
 1697 4753 3151 87 24 1.10 1.14 3152
 1697 4737 3151 87 22 1.10 1.14 3152
 1697 4593 3192 56 6 1.10 1.14 3193
 1697 4657 3151 60 1 1.10 1.14 3152
 1713 4753 3151 87 25 1.10 1.14 3152
 1713 4737 3151 87 23 1.10 1.14 3152
 1713 4657 3151 60 1 1.10 1.14 3152
 1713 4321 3195 87 12 1.10 1.14 3196
 1729 4753 3151 87 24 1.10 1.14 3152
 1729 4737 3151 87 22 1.10 1.14 3152
 1729 4657 3151 60 1 1.10 1.14 3152
 1745 4753 3151 87 25 1.10 1.14 3152
 1745 4737 3151 87 23 1.10 1.14 3152
 1745 4657 3151 60 1 1.10 1.14 3152
 1761 4753 3151 87 24 1.10 1.14 3152
 1761 4737 3151 87 22 1.10 1.14 3152
 1761 4657 3151 60 1 1.10 1.14 3152
 1761 4705 3196 54 31 1.10 1.14 3197
 1777 4753 3151 87 25 1.10 1.14 3152
 1777 4737 3151 87 23 1.10 1.14 3152
 1777 4657 3151 60 1 1.10 1.14 3152
 1777 4529 3196 56 7 1.10 1.14 3197
 1793 4753 3151 87 24 1.10 1.14 3152
 1793 4737 3151 87 22 1.10 1.14 3152
 1793 4657 3151 60 1 1.10 1.14 3152
 1809 4753 3151 87 25 1.10 1.14 3152
 1809 4737 3151 87 23 1.10 1.14 3152
 1809 4321 3195 87 12 1.10 1.14 3196
 1825 4753 3151 87 24 1.10 1.14 3152
 1825 4737 3151 87 22 1.10 1.14 3152
 1841 4753 3151 87 25 1.10 1.14 3152
 1841 4737 3151 87 23 1.10 1.14 3152
 1857 4753 3151 87 24 1.10 1.14 3152
 1857 4737 3151 87 22 1.10 1.14 3152
 1873 4753 3151 87 25 1.10 1.14 3152
 1873 4737 3151 87 23 1.10 1.14 3152
 1889 4753 3151 87 24 1.10 1.14 3152
 1889 4737 3151 87 22 1.10 1.14 3152
 1905 4753 3151 87 25 1.10 1.14 3152
 1905 4737 3151 87 23 1.10 1.14 3152
 1905 4321 3195 87 12 1.10 1.14 3196
 1921 4753 3151 87 24 1.10 1.14 3152
 1921 4737 3151 87 22 1.10 1.14 3152
 1937 4753 3151 87 25 1.10 1.14 3152
 1937 4737 3151 87 23 1.10 1.14 3152
 1953 4753 3151 87 24 1.10 1.14 3152
 1953 4737 3151 87 22 1.10 1.14 3152
 1969 4753 3151 87 25 1.10 1.14 3152
 1969 4737 3151 87 23 1.10 1.14 3152
 1969 4673 3693 87 11 1.10 1.14 3694
 1985 4753 3151 87 24 1.10 1.14 3152
 1985 4737 3151 87 22 1.10 1.14 3152
 2001 4753 3151 87 25 1.10 1.14 3152
 2001 4737 3151 87 23 1.10 1.14 3152
 2001 4321 3195 87 12 1.10 1.14 3196
 2017 4753 3151 87 24 1.10 1.14 3152
 2017 4737 3151 87 22 1.10 1.14 3152
 2017 4657 3151 87 10 1.10 1.14 3152
 2017 4641 3151 87 10 1.10 1.14 3152
 2017 4625 3151 87 10 1.10 1.14 3152
 2017 4609 3151 87 10 1.10 1.14 3152
 2017 4529 3151 59 3 1.10 1.14 3152
 2033 4417 3151 79 57 4.24 4.14 0
 2033 4433 3151 79 57 4.24 4.14 0
 2033 4449 3151 79 57 4.24 4.14 0
 2033 4465 3151 79 57 4.24 4.14 0
 2033 4497 3151 79 56 4.24 4.14 0
 2033 4513 3151 79 55 4.24 4.14 0
 2033 4529 3151 79 54 4.24 4.14 0
 2033 4481 3151 79 58 4.24 4.14 0
 2033 4753 3151 87 25 1.10 1.14 3152
 2033 4737 3151 87 23 1.10 1.14 3152
 2033 4673 3693 87 11 1.10 1.14 3694
 2033 4609 3693 87 11 1.10 1.14 3694
 2049 4753 3151 87 24 1.10 1.14 3152
 2049 4737 3151 87 22 1.10 1.14 3152
 2049 4593 3694 70 14 1.10 -4.86 3695 44 1
 2049 4577 3694 70 13 1.10 -4.86 3695
 2065 4753 3151 87 25 1.10 1.14 3152
 2065 4737 3151 87 23 1.10 1.14 3152
 2081 4417 3151 79 57 4.24 4.14 0
 2081 4433 3151 79 57 4.24 4.14 0
 2081 4449 3151 79 57 4.24 4.14 0
 2081 4465 3151 79 57 4.24 4.14 0
 2081 4529 3151 79 54 4.24 4.14 0
 2081 4513 3151 79 55 4.24 4.14 0
 2081 4497 3151 79 56 4.24 4.14 0
 2081 4481 3151 79 58 4.24 4.14 0
 2081 4753 3151 87 24 1.10 1.14 3152
 2081 4737 3151 87 22 1.10 1.14 3152
 2097 4753 3151 87 25 1.10 1.14 3152
 2097 4737 3151 87 23 1.10 1.14 3152
 2097 4321 3195 87 12 1.10 1.14 3196
 2097 4721 3151 87 10 1.10 1.14 3152
 2097 4705 3151 87 10 1.10 1.14 3152
 2097 4609 3195 87 12 1.10 1.14 3196
 2097 4417 3195 87 12 1.10 1.14 3196
 2097 4513 3195 87 12 1.10 1.14 3196
 2113 4753 3151 87 24 1.10 1.14 3152
 2113 4737 3151 87 22 1.10 1.14 3152
 2113 4721 3151 87 10 1.10 1.14 3152
 2113 4705 3151 87 10 1.10 1.14 3152
 2129 4753 3151 87 25 1.10 1.14 3152
 2129 4737 3151 87 23 1.10 1.14 3152
 2129 4721 3151 87 10 1.10 1.14 3152
 2129 4705 3151 87 10 1.10 1.14 3152
 2145 4753 3151 87 24 1.10 1.14 3152
 2145 4737 3151 87 22 1.10 1.14 3152
 2145 4721 3151 87 10 1.10 1.14 3152
 2145 4705 3151 87 10 1.10 1.14 3152
 2161 4753 3151 87 25 1.10 1.14 3152
 2161 4737 3151 87 23 1.10 1.14 3152
 2161 4721 3151 87 10 1.10 1.14 3152
 2161 4705 3151 87 10 1.10 1.14 3152
 2177 4753 3151 87 24 1.10 1.14 3152
 2177 4737 3151 87 22 1.10 1.14 3152
 2177 4721 3151 87 10 1.10 1.14 3152
 2177 4705 3151 87 10 1.10 1.14 3152
 2193 4545 3151 81 1 -999998.90 -18.86 3152
