 -10 1235 824 0.42 1 1 1 1 1 2 2 301 0.42 1
-1
-1
-1
-1
-1
-1
-1
-1
-1
-1
-1
-1
-1
-1
-1
-1
-1
-1
-1
-1
-1
-1
y255.255.255
Area 3
 1 4753 3151 86 23 1.10 1.14 3152
 1 4657 3195 86 49 1.10 1.14 3196
 1 4561 3195 86 49 1.10 1.14 3196
 1 4433 3151 86 26 1.10 1.14 3152
 1 4513 3151 86 38 1.10 1.14 3152
 1 4529 3151 86 23 1.10 1.14 3152
 1 4545 3151 86 23 1.10 1.14 3152
 1 4337 3195 86 49 1.10 1.14 3196
 1 4481 3192 70 27 1.10 -5.86 3193 1
 17 4753 3151 86 23 1.10 1.14 3152
 17 4433 3151 86 26 1.10 1.14 3152
 17 4513 3151 86 39 1.10 1.14 3152
 17 4529 3151 86 31 1.10 1.14 3152
 17 4545 3151 86 23 1.10 1.14 3152
 17 4481 3192 69 11 1.10 -4.86 3193
 33 4753 3151 86 23 1.10 1.14 3152
 33 4433 3151 86 26 1.10 1.14 3152
 33 4529 3151 86 33 1.10 1.14 3152
 33 4545 3151 86 31 1.10 1.14 3152
 49 4753 3151 86 23 1.10 1.14 3152
 49 4433 3151 86 44 1.10 1.14 3152
 49 4449 3151 86 42 1.10 1.14 3152
 49 4545 3151 86 20 1.10 1.14 3152
 65 4753 3151 86 23 1.10 1.14 3152
 65 4513 3151 79 45 4.24 4.14 0
 65 4529 3151 79 46 4.24 4.14 0
 65 4433 3151 86 23 1.10 1.14 3152
 65 4449 3151 86 43 1.10 1.14 3152
 65 4545 3151 86 20 1.10 1.14 3152
 81 4753 3151 86 23 1.10 1.14 3152
 81 4433 3151 86 23 1.10 1.14 3152
 81 4449 3151 86 46 1.10 1.14 3152
 81 4497 3151 67 1 1.10 1.14 3152
 81 4545 3151 86 20 1.10 1.14 3152
 97 4657 3151 86 24 1.10 1.14 3152
 97 4641 3151 86 24 1.10 1.14 3152
 97 4625 3151 86 28 1.10 1.14 3152
 97 4561 3151 86 23 1.10 1.14 3152
 97 4577 3151 86 23 1.10 1.14 3152
 97 4593 3151 86 23 1.10 1.14 3152
 97 4609 3151 86 23 1.10 1.14 3152
 97 4673 3151 86 24 1.10 1.14 3152
 97 4689 3151 86 24 1.10 1.14 3152
 97 4705 3151 86 24 1.10 1.14 3152
 97 4721 3151 86 31 1.10 1.14 3152
 97 4737 3151 86 23 1.10 1.14 3152
 97 4753 3151 86 23 1.10 1.14 3152
 97 4417 3151 86 23 1.10 1.14 3152
 97 4433 3151 86 28 1.10 1.14 3152
 97 4449 3151 86 47 1.10 1.14 3152
 97 4529 3151 86 34 1.10 1.14 3152
 97 4545 3151 86 36 1.10 1.14 3152
 97 4321 3195 86 49 1.10 1.14 3196
 113 4625 3151 86 26 1.10 1.14 3152
 113 4561 3151 86 23 1.10 1.14 3152
 113 4577 3151 86 23 1.10 1.14 3152
 113 4593 3151 86 23 1.10 1.14 3152
 113 4609 3151 86 23 1.10 1.14 3152
 113 4673 3151 59 4 1.10 1.14 3152
 113 4721 3151 86 20 1.10 1.14 3152
 113 4737 3151 86 23 1.10 1.14 3152
 113 4753 3151 86 23 1.10 1.14 3152
 113 4433 3151 86 41 1.10 1.14 3152
 113 4529 3151 86 35 1.10 1.14 3152
 113 4545 3151 86 23 1.10 1.14 3152
 113 4417 3151 86 28 1.10 1.14 3152
 129 4625 3151 86 26 1.10 1.14 3152
 129 4561 3151 86 23 1.10 1.14 3152
 129 4577 3151 86 23 1.10 1.14 3152
 129 4593 3151 86 23 1.10 1.14 3152
 129 4609 3151 86 23 1.10 1.14 3152
 129 4721 3151 86 20 1.10 1.14 3152
 129 4737 3151 86 23 1.10 1.14 3152
 129 4753 3151 86 23 1.10 1.14 3152
 129 4465 3151 67 1 1.10 1.14 3152
 129 4529 3151 86 33 1.10 1.14 3152
 129 4545 3151 86 31 1.10 1.14 3152
 129 4417 3151 86 26 1.10 1.14 3152
 145 4625 3151 86 26 1.10 1.14 3152
 145 4561 3151 86 23 1.10 1.14 3152
 145 4577 3151 86 23 1.10 1.14 3152
 145 4593 3151 86 23 1.10 1.14 3152
 145 4609 3151 86 23 1.10 1.14 3152
 145 4721 3151 86 20 1.10 1.14 3152
 145 4737 3151 86 23 1.10 1.14 3152
 145 4753 3151 86 23 1.10 1.14 3152
 145 4433 3151 86 40 1.10 1.14 3152
 145 4545 3151 86 20 1.10 1.14 3152
 145 4417 3151 86 29 1.10 1.14 3152
 161 4625 3151 86 26 1.10 1.14 3152
 161 4561 3151 86 23 1.10 1.14 3152
 161 4577 3151 86 23 1.10 1.14 3152
 161 4593 3151 86 23 1.10 1.14 3152
 161 4609 3151 86 23 1.10 1.14 3152
 161 4721 3151 86 20 1.10 1.14 3152
 161 4737 3151 86 23 1.10 1.14 3152
 161 4753 3151 86 23 1.10 1.14 3152
 161 4481 3151 79 45 4.24 4.14 0
 161 4497 3151 79 46 4.24 4.14 0
 161 4513 3151 79 46 4.24 4.14 0
 161 4529 3151 79 46 4.24 4.14 0
 161 4433 3151 86 26 1.10 1.14 3152
 161 4545 3151 86 20 1.10 1.14 3152
 161 4417 3151 86 23 1.10 1.14 3152
 177 4657 3151 86 22 1.10 1.14 3152
 177 4641 3151 86 22 1.10 1.14 3152
 177 4625 3151 86 29 1.10 1.14 3152
 177 4561 3151 86 31 1.10 1.14 3152
 177 4577 3151 86 23 1.10 1.14 3152
 177 4593 3151 86 23 1.10 1.14 3152
 177 4609 3151 86 23 1.10 1.14 3152
 177 4673 3151 86 25 1.10 1.14 3152
 177 4721 3151 86 20 1.10 1.14 3152
 177 4737 3151 86 23 1.10 1.14 3152
 177 4753 3151 86 23 1.10 1.14 3152
 177 4433 3151 86 26 1.10 1.14 3152
 177 4497 3151 67 1 1.10 1.14 3152
 177 4545 3151 86 33 1.10 1.14 3152
 177 4417 3151 86 23 1.10 1.14 3152
 193 4689 3151 79 45 4.24 4.14 0
 193 4705 3151 79 46 4.24 4.14 0
 193 4657 3151 86 23 1.10 1.14 3152
 193 4641 3151 86 23 1.10 1.14 3152
 193 4625 3151 86 23 1.10 1.14 3152
 193 4609 3151 86 23 1.10 1.14 3152
 193 4593 3151 86 23 1.10 1.14 3152
 193 4577 3151 86 31 1.10 1.14 3152
 193 4561 3151 86 33 1.10 1.14 3152
 193 4673 3151 86 26 1.10 1.14 3152
 193 4721 3151 86 20 1.10 1.14 3152
 193 4737 3151 86 23 1.10 1.14 3152
 193 4753 3151 86 23 1.10 1.14 3152
 193 4433 3151 86 29 1.10 1.14 3152
 193 4449 3151 86 40 1.10 1.14 3152
 193 4337 3195 86 49 1.10 1.14 3196
 209 4657 3151 86 23 1.10 1.14 3152
 209 4641 3151 86 23 1.10 1.14 3152
 209 4625 3151 86 23 1.10 1.14 3152
 209 4609 3151 86 23 1.10 1.14 3152
 209 4593 3151 86 31 1.10 1.14 3152
 209 4577 3151 86 33 1.10 1.14 3152
 209 4673 3151 86 26 1.10 1.14 3152
 209 4721 3151 86 20 1.10 1.14 3152
 209 4737 3151 86 23 1.10 1.14 3152
 209 4753 3151 86 23 1.10 1.14 3152
 209 4433 3151 86 23 1.10 1.14 3152
 209 4449 3151 86 29 1.10 1.14 3152
 209 4465 3151 86 40 1.10 1.14 3152
 209 4529 3151 67 1 1.10 1.14 3152
 225 4705 3151 79 45 4.24 4.14 0
 225 4657 3151 86 24 1.10 1.14 3152
 225 4641 3151 86 24 1.10 1.14 3152
 225 4625 3151 86 24 1.10 1.14 3152
 225 4609 3151 86 24 1.10 1.14 3152
 225 4593 3151 86 33 1.10 1.14 3152
 225 4673 3151 86 27 1.10 1.14 3152
 225 4721 3151 86 20 1.10 1.14 3152
 225 4737 3151 86 23 1.10 1.14 3152
 225 4753 3151 86 23 1.10 1.14 3152
 225 4433 3151 86 23 1.10 1.14 3152
 225 4449 3151 86 23 1.10 1.14 3152
 225 4465 3151 86 29 1.10 1.14 3152
 225 4481 3151 86 40 1.10 1.14 3152
 241 4721 3151 86 20 1.10 1.14 3152
 241 4737 3151 86 23 1.10 1.14 3152
 241 4753 3151 86 23 1.10 1.14 3152
 241 4433 3151 86 23 1.10 1.14 3152
 241 4449 3151 86 23 1.10 1.14 3152
 241 4465 3151 86 23 1.10 1.14 3152
 241 4481 3151 86 29 1.10 1.14 3152
 241 4497 3151 86 40 1.10 1.14 3152
 257 4561 3151 67 1 1.10 1.14 3152
 257 4721 3151 86 20 1.10 1.14 3152
 257 4737 3151 86 23 1.10 1.14 3152
 257 4753 3151 86 23 1.10 1.14 3152
 257 4433 3151 86 23 1.10 1.14 3152
 257 4449 3151 86 23 1.10 1.14 3152
 257 4465 3151 86 23 1.10 1.14 3152
 257 4481 3151 86 23 1.10 1.14 3152
 257 4497 3151 86 26 1.10 1.14 3152
 273 4577 3151 79 47 4.24 4.14 0
 273 4561 3151 79 46 4.24 4.14 0
 273 4625 3151 67 1 1.10 1.14 3152
 273 4689 3151 67 1 1.10 1.14 3152
 273 4721 3151 86 20 1.10 1.14 3152
 273 4737 3151 86 23 1.10 1.14 3152
 273 4753 3151 86 23 1.10 1.14 3152
 273 4513 3151 79 46 4.24 4.14 0
 273 4529 3151 79 46 4.24 4.14 0
 273 4545 3151 79 46 4.24 4.14 0
 273 4433 3151 86 23 1.10 1.14 3152
 273 4449 3151 86 23 1.10 1.14 3152
 273 4465 3151 86 23 1.10 1.14 3152
 273 4481 3151 86 23 1.10 1.14 3152
 273 4497 3151 86 26 1.10 1.14 3152
 289 4401 3195 86 49 1.10 1.14 3196
 289 4497 3151 86 26 1.10 1.14 3152
 289 4721 3151 86 20 1.10 1.14 3152
 289 4737 3151 86 23 1.10 1.14 3152
 289 4753 3151 86 23 1.10 1.14 3152
 289 4337 3693 86 48 1.10 1.14 3694
 305 4497 3151 86 26 1.10 1.14 3152
 305 4513 3151 4 15 1.10 1.14 3152
 305 4673 3151 86 13 1.10 1.14 3152
 305 4657 3151 86 13 1.10 1.14 3152
 305 4641 3151 86 10 1.10 1.14 3152
 305 4689 3151 86 13 1.10 1.14 3152
 305 4705 3151 86 13 1.10 1.14 3152
 305 4721 3151 86 30 1.10 1.14 3152
 305 4737 3151 86 23 1.10 1.14 3152
 305 4753 3151 86 23 1.10 1.14 3152
 321 4497 3151 86 26 1.10 1.14 3152
 321 4513 3151 4 15 1.10 1.14 3152
 321 4529 3151 4 15 1.10 1.14 3152
 321 4673 3151 86 14 1.10 1.14 3152
 321 4657 3151 86 14 1.10 1.14 3152
 321 4641 3151 86 11 1.10 1.14 3152
 321 4689 3151 86 14 1.10 1.14 3152
 321 4705 3151 86 14 1.10 1.14 3152
 321 4721 3151 86 23 1.10 1.14 3152
 321 4737 3151 86 23 1.10 1.14 3152
 321 4753 3151 86 23 1.10 1.14 3152
 337 4497 3151 86 26 1.10 1.14 3152
 337 4513 3151 4 15 1.10 1.14 3152
 337 4529 3151 4 15 1.10 1.14 3152
 337 4673 3151 86 15 1.10 1.14 3152
 337 4657 3151 86 15 1.10 1.14 3152
 337 4641 3151 86 12 1.10 1.14 3152
 337 4689 3151 86 15 1.10 1.14 3152
 337 4705 3151 86 15 1.10 1.14 3152
 337 4721 3151 86 31 1.10 1.14 3152
 337 4737 3151 86 23 1.10 1.14 3152
 337 4753 3151 86 23 1.10 1.14 3152
 353 4337 3693 86 48 1.10 1.14 3694
 353 4497 3151 86 26 1.10 1.14 3152
 353 4513 3151 4 15 1.10 1.14 3152
 353 4657 3151 67 1 1.10 1.14 3152
 353 4577 3151 67 1 1.10 1.14 3152
 353 4609 3151 4 11 1.10 1.14 3152
 353 4721 3151 86 20 1.10 1.14 3152
 353 4737 3151 86 23 1.10 1.14 3152
 353 4753 3151 86 23 1.10 1.14 3152
 369 4497 3151 86 29 1.10 1.14 3152
 369 4513 3151 86 13 1.10 1.14 3152
 369 4529 3151 86 16 1.10 1.14 3152
 369 4705 3151 4 9 1.10 1.14 3152
 369 4721 3151 86 20 1.10 1.14 3152
 369 4737 3151 86 23 1.10 1.14 3152
 369 4753 3151 86 23 1.10 1.14 3152
 385 4401 3195 86 49 1.10 1.14 3196
 385 4497 3151 86 23 1.10 1.14 3152
 385 4513 3151 86 14 1.10 1.14 3152
 385 4529 3151 86 17 1.10 1.14 3152
 385 4721 3151 86 20 1.10 1.14 3152
 385 4737 3151 86 23 1.10 1.14 3152
 385 4753 3151 86 23 1.10 1.14 3152
 401 4497 3151 86 28 1.10 1.14 3152
 401 4513 3151 86 15 1.10 1.14 3152
 401 4529 3151 86 18 1.10 1.14 3152
 401 4721 3151 86 30 1.10 1.14 3152
 401 4705 3151 86 13 1.10 1.14 3152
 401 4689 3151 86 13 1.10 1.14 3152
 401 4673 3151 86 13 1.10 1.14 3152
 401 4657 3151 86 13 1.10 1.14 3152
 401 4641 3151 86 13 1.10 1.14 3152
 401 4625 3151 86 13 1.10 1.14 3152
 401 4609 3151 86 10 1.10 1.14 3152
 401 4737 3151 86 23 1.10 1.14 3152
 401 4753 3151 86 23 1.10 1.14 3152
 417 4497 3151 86 26 1.10 1.14 3152
 417 4737 3151 86 23 1.10 1.14 3152
 417 4721 3151 86 23 1.10 1.14 3152
 417 4705 3151 86 14 1.10 1.14 3152
 417 4689 3151 86 14 1.10 1.14 3152
 417 4673 3151 86 14 1.10 1.14 3152
 417 4657 3151 86 14 1.10 1.14 3152
 417 4641 3151 86 14 1.10 1.14 3152
 417 4625 3151 86 14 1.10 1.14 3152
 417 4609 3151 86 11 1.10 1.14 3152
 417 4753 3151 86 23 1.10 1.14 3152
 433 4497 3151 86 26 1.10 1.14 3152
 433 4737 3151 86 23 1.10 1.14 3152
 433 4721 3151 86 31 1.10 1.14 3152
 433 4705 3151 86 15 1.10 1.14 3152
 433 4689 3151 86 15 1.10 1.14 3152
 433 4673 3151 86 15 1.10 1.14 3152
 433 4641 3151 86 15 1.10 1.14 3152
 433 4625 3151 86 15 1.10 1.14 3152
 433 4609 3151 86 12 1.10 1.14 3152
 433 4657 3151 86 15 1.10 1.14 3152
 433 4545 3151 4 11 1.10 1.14 3152
 433 4753 3151 86 23 1.10 1.14 3152
 449 4497 3151 86 29 1.10 1.14 3152
 449 4513 3151 86 40 1.10 1.14 3152
 449 4737 3151 86 23 1.10 1.14 3152
 449 4721 3151 86 20 1.10 1.14 3152
 449 4577 3151 67 1 1.10 1.14 3152
 449 4657 3151 4 15 1.10 1.14 3152
 449 4673 3151 4 15 1.10 1.14 3152
 449 4753 3151 86 23 1.10 1.14 3152
 465 4497 3151 86 23 1.10 1.14 3152
 465 4513 3151 86 29 1.10 1.14 3152
 465 4529 3151 86 40 1.10 1.14 3152
 465 4737 3151 86 23 1.10 1.14 3152
 465 4721 3151 86 20 1.10 1.14 3152
 465 4673 3151 4 15 1.10 1.14 3152
 465 4753 3151 86 23 1.10 1.14 3152
 481 4529 3151 86 29 1.10 1.14 3152
 481 4737 3151 86 23 1.10 1.14 3152
 481 4545 3151 86 40 1.10 1.14 3152
 481 4721 3151 86 36 1.10 1.14 3152
 481 4705 3151 86 34 1.10 1.14 3152
 481 4753 3151 86 23 1.10 1.14 3152
 481 4433 3195 86 49 1.10 1.14 3196
 497 4529 3151 86 23 1.10 1.14 3152
 497 4737 3151 86 23 1.10 1.14 3152
 497 4545 3151 86 29 1.10 1.14 3152
 497 4721 3151 86 23 1.10 1.14 3152
 497 4705 3151 86 35 1.10 1.14 3152
 497 4561 3151 86 40 1.10 1.14 3152
 497 4641 3151 67 1 1.10 1.14 3152
 497 4753 3151 86 23 1.10 1.14 3152
 513 4529 3151 86 23 1.10 1.14 3152
 513 4737 3151 86 23 1.10 1.14 3152
 513 4545 3151 86 23 1.10 1.14 3152
 513 4721 3151 86 23 1.10 1.14 3152
 513 4705 3151 86 36 1.10 1.14 3152
 513 4689 3151 86 34 1.10 1.14 3152
 513 4577 3151 86 40 1.10 1.14 3152
 513 4561 3151 86 29 1.10 1.14 3152
 513 4753 3151 86 23 1.10 1.14 3152
 529 4529 3151 86 23 1.10 1.14 3152
 529 4545 3151 86 23 1.10 1.14 3152
 529 4689 3151 86 35 1.10 1.14 3152
 529 4593 3151 86 40 1.10 1.14 3152
 529 4577 3151 86 29 1.10 1.14 3152
 529 4561 3151 86 23 1.10 1.14 3152
 529 4705 3693 86 48 1.10 1.14 3694
 545 4529 3151 86 23 1.10 1.14 3152
 545 4545 3151 86 23 1.10 1.14 3152
 545 4689 3151 86 36 1.10 1.14 3152
 545 4673 3151 86 34 1.10 1.14 3152
 545 4609 3151 86 40 1.10 1.14 3152
 545 4593 3151 86 29 1.10 1.14 3152
 545 4577 3151 86 23 1.10 1.14 3152
 545 4561 3151 86 23 1.10 1.14 3152
 561 4529 3151 86 23 1.10 1.14 3152
 561 4545 3151 86 23 1.10 1.14 3152
 561 4689 3151 86 23 1.10 1.14 3152
 561 4673 3151 86 35 1.10 1.14 3152
 561 4625 3151 86 40 1.10 1.14 3152
 561 4609 3151 86 29 1.10 1.14 3152
 561 4593 3151 86 23 1.10 1.14 3152
 561 4561 3151 86 23 1.10 1.14 3152
 561 4577 3151 86 23 1.10 1.14 3152
 577 4689 3151 86 23 1.10 1.14 3152
 577 4673 3151 86 20 1.10 1.14 3152
 577 4625 3151 86 26 1.10 1.14 3152
 577 4433 3195 86 49 1.10 1.14 3196
 577 4529 3195 86 49 1.10 1.14 3196
 593 4689 3151 86 23 1.10 1.14 3152
 593 4673 3151 86 20 1.10 1.14 3152
 593 4625 3151 86 26 1.10 1.14 3152
 593 4705 3693 86 48 1.10 1.14 3694
 609 4689 3151 86 23 1.10 1.14 3152
 609 4673 3151 86 20 1.10 1.14 3152
 609 4625 3151 86 26 1.10 1.14 3152
 625 4689 3151 86 23 1.10 1.14 3152
 625 4673 3151 86 20 1.10 1.14 3152
 625 4625 3151 86 26 1.10 1.14 3152
 641 4689 3151 86 23 1.10 1.14 3152
 641 4673 3151 86 20 1.10 1.14 3152
 641 4625 3151 86 26 1.10 1.14 3152
 657 4753 3151 86 23 1.10 1.14 3152
 657 4737 3151 86 23 1.10 1.14 3152
 657 4721 3151 86 23 1.10 1.14 3152
 657 4705 3151 86 23 1.10 1.14 3152
 657 4689 3151 86 23 1.10 1.14 3152
 657 4673 3151 86 20 1.10 1.14 3152
 657 4625 3151 86 26 1.10 1.14 3152
 673 4753 3151 86 23 1.10 1.14 3152
 673 4737 3151 86 31 1.10 1.14 3152
 673 4721 3151 86 24 1.10 1.14 3152
 673 4705 3151 86 24 1.10 1.14 3152
 673 4689 3151 86 24 1.10 1.14 3152
 673 4673 3151 86 21 1.10 1.14 3152
 673 4625 3151 86 27 1.10 1.14 3152
 673 4609 3151 86 24 1.10 1.14 3152
 673 4593 3151 86 24 1.10 1.14 3152
 673 4577 3151 86 28 1.10 1.14 3152
 673 4449 3693 86 48 1.10 1.14 3694
 673 4513 3693 86 48 1.10 1.14 3694
 689 4753 3151 86 23 1.10 1.14 3152
 689 4737 3151 86 20 1.10 1.14 3152
 689 4577 3151 86 26 1.10 1.14 3152
 689 4593 3196 4 13 1.10 1.14 3197
 689 4705 3151 80 1 -8.90 -8.86 3152
 689 4593 3151 80 3 -8.90 -8.86 3152
 705 4753 3151 86 23 1.10 1.14 3152
 705 4737 3151 86 20 1.10 1.14 3152
 705 4577 3151 86 26 1.10 1.14 3152
 721 4753 3151 86 23 1.10 1.14 3152
 721 4737 3151 86 30 1.10 1.14 3152
 721 4721 3151 86 19 1.10 1.14 3152
 721 4673 3151 86 25 1.10 1.14 3152
 721 4657 3151 86 22 1.10 1.14 3152
 721 4641 3151 86 22 1.10 1.14 3152
 721 4625 3151 86 22 1.10 1.14 3152
 721 4609 3151 86 22 1.10 1.14 3152
 721 4593 3151 86 22 1.10 1.14 3152
 721 4577 3151 86 29 1.10 1.14 3152
 737 4753 3151 86 23 1.10 1.14 3152
 737 4737 3151 86 23 1.10 1.14 3152
 737 4721 3151 86 20 1.10 1.14 3152
 737 4673 3151 86 26 1.10 1.14 3152
 737 4657 3151 86 23 1.10 1.14 3152
 737 4641 3151 86 31 1.10 1.14 3152
 737 4625 3151 86 24 1.10 1.14 3152
 737 4609 3151 86 24 1.10 1.14 3152
 737 4593 3151 86 28 1.10 1.14 3152
 737 4401 3195 86 49 1.10 1.14 3196
 737 4497 3195 86 49 1.10 1.14 3196
 753 4753 3151 86 23 1.10 1.14 3152
 753 4737 3151 86 23 1.10 1.14 3152
 753 4721 3151 86 20 1.10 1.14 3152
 753 4673 3151 86 26 1.10 1.14 3152
 753 4657 3151 86 23 1.10 1.14 3152
 753 4641 3151 86 20 1.10 1.14 3152
 753 4593 3151 86 26 1.10 1.14 3152
 753 4609 3196 4 13 1.10 1.14 3197
 753 4609 3151 80 2 -8.90 -8.86 3152
 769 4753 3151 86 23 1.10 1.14 3152
 769 4737 3151 86 23 1.10 1.14 3152
 769 4721 3151 86 20 1.10 1.14 3152
 769 4673 3151 86 26 1.10 1.14 3152
 769 4657 3151 86 23 1.10 1.14 3152
 769 4641 3151 86 20 1.10 1.14 3152
 769 4593 3151 86 26 1.10 1.14 3152
 785 4753 3151 86 23 1.10 1.14 3152
 785 4737 3151 86 23 1.10 1.14 3152
 785 4721 3151 86 20 1.10 1.14 3152
 785 4673 3151 86 27 1.10 1.14 3152
 785 4657 3151 86 24 1.10 1.14 3152
 785 4641 3151 86 21 1.10 1.14 3152
 785 4593 3151 86 26 1.10 1.14 3152
 801 4753 3151 86 23 1.10 1.14 3152
 801 4737 3151 86 23 1.10 1.14 3152
 801 4721 3151 86 20 1.10 1.14 3152
 801 4593 3151 86 26 1.10 1.14 3152
 817 4753 3151 86 23 1.10 1.14 3152
 817 4737 3151 86 23 1.10 1.14 3152
 817 4721 3151 86 20 1.10 1.14 3152
 817 4593 3151 86 26 1.10 1.14 3152
 833 4753 3151 86 23 1.10 1.14 3152
 833 4737 3151 86 23 1.10 1.14 3152
 833 4721 3151 86 30 1.10 1.14 3152
 833 4705 3151 86 22 1.10 1.14 3152
 833 4401 3151 86 23 1.10 1.14 3152
 833 4513 3151 86 23 1.10 1.14 3152
 833 4529 3151 86 23 1.10 1.14 3152
 833 4545 3151 86 23 1.10 1.14 3152
 833 4689 3151 86 22 1.10 1.14 3152
 833 4673 3151 86 22 1.10 1.14 3152
 833 4657 3151 86 22 1.10 1.14 3152
 833 4641 3151 86 19 1.10 1.14 3152
 833 4593 3151 86 26 1.10 1.14 3152
 833 4577 3151 86 23 1.10 1.14 3152
 833 4561 3151 86 23 1.10 1.14 3152
 833 4417 3195 86 49 1.10 1.14 3196
 849 4753 3151 86 23 1.10 1.14 3152
 849 4513 3151 86 23 1.10 1.14 3152
 849 4529 3151 86 23 1.10 1.14 3152
 849 4545 3151 86 23 1.10 1.14 3152
 849 4641 3151 86 20 1.10 1.14 3152
 849 4593 3151 86 41 1.10 1.14 3152
 849 4577 3151 86 28 1.10 1.14 3152
 849 4561 3151 86 23 1.10 1.14 3152
 849 4657 3195 86 49 1.10 1.14 3196
 849 4225 3195 86 49 1.10 1.14 3196
 849 4321 3195 86 49 1.10 1.14 3196
 865 4753 3151 86 23 1.10 1.14 3152
 865 4513 3151 86 23 1.10 1.14 3152
 865 4529 3151 86 23 1.10 1.14 3152
 865 4545 3151 86 23 1.10 1.14 3152
 865 4641 3151 86 20 1.10 1.14 3152
 865 4577 3151 86 41 1.10 1.14 3152
 865 4561 3151 86 28 1.10 1.14 3152
 881 4753 3151 86 23 1.10 1.14 3152
 881 4513 3151 86 23 1.10 1.14 3152
 881 4529 3151 86 23 1.10 1.14 3152
 881 4545 3151 86 28 1.10 1.14 3152
 881 4641 3151 86 20 1.10 1.14 3152
 881 4561 3151 86 41 1.10 1.14 3152
 897 4753 3151 86 23 1.10 1.14 3152
 897 4641 3151 86 20 1.10 1.14 3152
 897 4513 3151 86 23 1.10 1.14 3152
 897 4529 3151 86 28 1.10 1.14 3152
 897 4545 3151 86 41 1.10 1.14 3152
 913 4753 3151 86 23 1.10 1.14 3152
 913 4641 3151 86 20 1.10 1.14 3152
 913 4513 3151 86 28 1.10 1.14 3152
 913 4529 3151 86 41 1.10 1.14 3152
 913 4593 3151 86 25 1.10 1.14 3152
 913 4577 3151 86 32 1.10 1.14 3152
 913 4609 3151 80 4 -8.90 -8.86 3152
 929 4753 3151 86 23 1.10 1.14 3152
 929 4641 3151 86 20 1.10 1.14 3152
 929 4417 3151 86 23 1.10 1.14 3152
 929 4433 3151 86 23 1.10 1.14 3152
 929 4449 3151 86 23 1.10 1.14 3152
 929 4465 3151 86 23 1.10 1.14 3152
 929 4481 3151 86 23 1.10 1.14 3152
 929 4497 3151 86 28 1.10 1.14 3152
 929 4513 3151 86 41 1.10 1.14 3152
 929 4593 3151 86 26 1.10 1.14 3152
 929 4577 3151 86 30 1.10 1.14 3152
 929 4561 3151 86 32 1.10 1.14 3152
 945 4657 3151 86 23 1.10 1.14 3152
 945 4641 3151 86 30 1.10 1.14 3152
 945 4625 3151 86 22 1.10 1.14 3152
 945 4609 3151 86 22 1.10 1.14 3152
 945 4593 3151 86 29 1.10 1.14 3152
 945 4337 3151 86 23 1.10 1.14 3152
 945 4353 3151 86 23 1.10 1.14 3152
 945 4369 3151 86 28 1.10 1.14 3152
 945 4385 3151 86 24 1.10 1.14 3152
 945 4401 3151 86 24 1.10 1.14 3152
 945 4417 3151 86 24 1.10 1.14 3152
 945 4433 3151 86 24 1.10 1.14 3152
 945 4449 3151 86 24 1.10 1.14 3152
 945 4465 3151 86 24 1.10 1.14 3152
 945 4481 3151 86 24 1.10 1.14 3152
 945 4497 3151 86 41 1.10 1.14 3152
 945 4545 3151 86 32 1.10 1.14 3152
 945 4577 3151 86 23 1.10 1.14 3152
 945 4561 3151 86 30 1.10 1.14 3152
 945 4241 3195 86 49 1.10 1.14 3196
 945 4673 3195 86 49 1.10 1.14 3196
 961 4337 3151 86 28 1.10 1.14 3152
 961 4353 3151 86 24 1.10 1.14 3152
 961 4369 3151 86 41 1.10 1.14 3152
 961 4529 3151 86 32 1.10 1.14 3152
 961 4545 3151 86 30 1.10 1.14 3152
 961 4561 3151 86 23 1.10 1.14 3152
 961 4577 3195 86 49 1.10 1.14 3196
 977 4337 3151 86 26 1.10 1.14 3152
 977 4513 3151 86 32 1.10 1.14 3152
 977 4529 3151 86 30 1.10 1.14 3152
 977 4545 3151 86 23 1.10 1.14 3152
 977 4561 3151 86 23 1.10 1.14 3152
 993 4337 3151 86 44 1.10 1.14 3152
 993 4353 3151 86 42 1.10 1.14 3152
 993 4497 3151 86 32 1.10 1.14 3152
 993 4513 3151 86 30 1.10 1.14 3152
 993 4529 3151 86 23 1.10 1.14 3152
 993 4545 3151 86 23 1.10 1.14 3152
 993 4561 3151 86 23 1.10 1.14 3152
 1009 4337 3151 86 23 1.10 1.14 3152
 1009 4353 3151 86 43 1.10 1.14 3152
 1009 4481 3151 86 32 1.10 1.14 3152
 1009 4497 3151 86 30 1.10 1.14 3152
 1009 4513 3151 86 23 1.10 1.14 3152
 1009 4529 3151 86 23 1.10 1.14 3152
 1009 4545 3151 86 23 1.10 1.14 3152
 1009 4561 3151 86 23 1.10 1.14 3152
 1009 4385 3151 58 5 1.10 -4.86 3152
 1009 4401 3151 58 5 1.10 -4.86 3152
 1025 4449 3151 79 45 4.24 4.14 0
 1025 4465 3151 79 46 4.24 4.14 0
 1025 4337 3151 86 23 1.10 1.14 3152
 1025 4353 3151 86 26 1.10 1.14 3152
 1025 4481 3151 86 20 1.10 1.14 3152
 1025 4497 3151 86 23 1.10 1.14 3152
 1025 4513 3151 86 23 1.10 1.14 3152
 1025 4529 3151 86 23 1.10 1.14 3152
 1025 4545 3151 86 23 1.10 1.14 3152
 1025 4561 3151 86 23 1.10 1.14 3152
 1025 4369 3151 58 5 1.10 -4.86 3152
 1041 4753 3151 86 23 1.10 1.14 3152
 1041 4737 3151 86 23 1.10 1.14 3152
 1041 4337 3151 86 23 1.10 1.14 3152
 1041 4353 3151 86 46 1.10 1.14 3152
 1041 4241 3195 86 49 1.10 1.14 3196
 1041 4721 3151 86 23 1.10 1.14 3152
 1041 4705 3151 86 23 1.10 1.14 3152
 1041 4689 3151 86 23 1.10 1.14 3152
 1041 4673 3151 86 23 1.10 1.14 3152
 1041 4561 3151 86 23 1.10 1.14 3152
 1041 4481 3694 70 9 1.10 -4.86 3695
 1041 4497 3694 69 10 1.10 -4.86 3695
 1041 4513 3694 69 10 1.10 -4.86 3695
 1041 4529 3196 69 21 1.10 -4.86 3197
 1057 4753 3151 86 23 1.10 1.14 3152
 1057 4337 3151 86 45 1.10 1.14 3152
 1057 4353 3151 86 47 1.10 1.14 3152
 1057 4737 3151 86 23 1.10 1.14 3152
 1057 4721 3151 86 23 1.10 1.14 3152
 1057 4705 3151 86 23 1.10 1.14 3152
 1057 4689 3151 86 23 1.10 1.14 3152
 1057 4673 3151 86 23 1.10 1.14 3152
 1057 4657 3151 86 23 1.10 1.14 3152
 1057 4641 3151 86 23 1.10 1.14 3152
 1057 4625 3151 86 23 1.10 1.14 3152
 1057 4609 3151 86 23 1.10 1.14 3152
 1057 4593 3151 86 23 1.10 1.14 3152
 1057 4577 3151 86 23 1.10 1.14 3152
 1057 4561 3151 86 23 1.10 1.14 3152
 1073 4337 3151 86 26 1.10 1.14 3152
 1073 4753 3151 86 31 1.10 1.14 3152
 1073 4737 3151 86 24 1.10 1.14 3152
 1073 4721 3151 86 24 1.10 1.14 3152
 1073 4705 3151 86 24 1.10 1.14 3152
 1073 4689 3151 86 24 1.10 1.14 3152
 1073 4673 3151 86 24 1.10 1.14 3152
 1073 4657 3151 86 24 1.10 1.14 3152
 1073 4641 3151 86 24 1.10 1.14 3152
 1073 4625 3151 86 24 1.10 1.14 3152
 1073 4609 3151 86 28 1.10 1.14 3152
 1073 4593 3151 86 23 1.10 1.14 3152
 1073 4577 3151 86 23 1.10 1.14 3152
 1073 4561 3151 86 23 1.10 1.14 3152
 1073 4465 3151 86 34 1.10 1.14 3152
 1073 4481 3151 86 36 1.10 1.14 3152
 1073 4497 3151 86 23 1.10 1.14 3152
 1073 4513 3151 86 23 1.10 1.14 3152
 1073 4529 3192 69 12 1.10 -4.86 3193
 1089 4337 3151 86 26 1.10 1.14 3152
 1089 4753 3151 86 20 1.10 1.14 3152
 1089 4737 3151 67 1 1.10 1.14 3152
 1089 4689 3151 59 10 1.10 1.14 3152
 1089 4609 3151 86 26 1.10 1.14 3152
 1089 4593 3151 86 23 1.10 1.14 3152
 1089 4577 3151 86 23 1.10 1.14 3152
 1089 4561 3151 86 23 1.10 1.14 3152
 1089 4465 3151 86 35 1.10 1.14 3152
 1089 4481 3151 86 23 1.10 1.14 3152
 1089 4497 3151 86 23 1.10 1.14 3152
 1089 4513 3151 86 23 1.10 1.14 3152
 1089 4417 3151 58 5 1.10 -4.86 3152
 1089 4449 3151 58 5 1.10 -4.86 3152
 1089 4529 3192 69 12 1.10 -4.86 3193
 1105 4337 3151 86 26 1.10 1.14 3152
 1105 4753 3151 86 20 1.10 1.14 3152
 1105 4737 3151 67 1 1.10 1.14 3152
 1105 4513 3151 86 23 1.10 1.14 3152
 1105 4497 3151 86 23 1.10 1.14 3152
 1105 4481 3151 86 23 1.10 1.14 3152
 1105 4465 3151 86 38 1.10 1.14 3152
 1105 4433 3151 58 5 1.10 -4.86 3152
 1105 4609 3694 70 9 1.10 -4.86 3695
 1105 4593 3694 69 10 1.10 -4.86 3695
 1105 4577 3694 69 10 1.10 -4.86 3695
 1105 4561 3694 69 10 1.10 -4.86 3695
 1105 4529 3196 69 19 1.10 -4.86 3197
 1121 4337 3151 86 26 1.10 1.14 3152
 1121 4753 3151 86 20 1.10 1.14 3152
 1121 4737 3151 67 1 1.10 1.14 3152
 1121 4513 3151 86 23 1.10 1.14 3152
 1121 4497 3151 86 23 1.10 1.14 3152
 1121 4481 3151 86 23 1.10 1.14 3152
 1121 4465 3151 86 35 1.10 1.14 3152
 1137 4241 3195 86 49 1.10 1.14 3196
 1137 4337 3151 86 26 1.10 1.14 3152
 1137 4753 3151 86 31 1.10 1.14 3152
 1137 4737 3151 86 22 1.10 1.14 3152
 1137 4721 3151 86 22 1.10 1.14 3152
 1137 4705 3151 86 22 1.10 1.14 3152
 1137 4689 3151 86 22 1.10 1.14 3152
 1137 4673 3151 86 19 1.10 1.14 3152
 1137 4657 3151 67 1 1.10 1.14 3152
 1137 4609 3151 86 26 1.10 1.14 3152
 1137 4593 3151 86 23 1.10 1.14 3152
 1137 4577 3151 86 23 1.10 1.14 3152
 1137 4561 3151 86 23 1.10 1.14 3152
 1137 4481 3151 86 23 1.10 1.14 3152
 1137 4465 3151 86 20 1.10 1.14 3152
 1137 4497 3693 86 48 1.10 1.14 3694
 1153 4337 3151 86 26 1.10 1.14 3152
 1153 4753 3151 86 23 1.10 1.14 3152
 1153 4737 3151 86 23 1.10 1.14 3152
 1153 4721 3151 86 23 1.10 1.14 3152
 1153 4705 3151 86 23 1.10 1.14 3152
 1153 4689 3151 86 23 1.10 1.14 3152
 1153 4673 3151 86 20 1.10 1.14 3152
 1153 4657 3151 67 1 1.10 1.14 3152
 1153 4609 3151 86 26 1.10 1.14 3152
 1153 4593 3151 86 23 1.10 1.14 3152
 1153 4577 3151 86 23 1.10 1.14 3152
 1153 4561 3151 86 23 1.10 1.14 3152
 1153 4481 3151 86 23 1.10 1.14 3152
 1153 4465 3151 86 20 1.10 1.14 3152
 1169 4337 3151 86 26 1.10 1.14 3152
 1169 4465 3151 86 38 1.10 1.14 3152
 1169 4481 3151 86 23 1.10 1.14 3152
 1169 4753 3151 86 23 1.10 1.14 3152
 1169 4737 3151 86 23 1.10 1.14 3152
 1169 4721 3151 86 23 1.10 1.14 3152
 1169 4705 3151 86 23 1.10 1.14 3152
 1169 4689 3151 86 23 1.10 1.14 3152
 1169 4673 3151 86 30 1.10 1.14 3152
 1169 4657 3151 86 22 1.10 1.14 3152
 1169 4641 3151 86 22 1.10 1.14 3152
 1169 4625 3151 86 22 1.10 1.14 3152
 1169 4609 3151 86 29 1.10 1.14 3152
 1169 4593 3151 86 23 1.10 1.14 3152
 1169 4577 3151 86 23 1.10 1.14 3152
 1169 4561 3151 86 23 1.10 1.14 3152
 1169 4353 3151 58 5 1.10 -4.86 3152
 1169 4369 3151 58 5 1.10 -4.86 3152
 1185 4337 3151 86 29 1.10 1.14 3152
 1185 4353 3151 86 40 1.10 1.14 3152
 1185 4465 3151 86 39 1.10 1.14 3152
 1185 4481 3151 86 37 1.10 1.14 3152
 1185 4753 3151 86 23 1.10 1.14 3152
 1185 4737 3151 86 23 1.10 1.14 3152
 1185 4721 3151 86 23 1.10 1.14 3152
 1185 4705 3151 86 23 1.10 1.14 3152
 1185 4689 3151 86 23 1.10 1.14 3152
 1185 4673 3151 86 23 1.10 1.14 3152
 1185 4657 3151 86 23 1.10 1.14 3152
 1185 4641 3151 86 23 1.10 1.14 3152
 1185 4625 3151 86 23 1.10 1.14 3152
 1185 4609 3151 86 23 1.10 1.14 3152
 1185 4593 3151 86 23 1.10 1.14 3152
 1185 4577 3151 86 23 1.10 1.14 3152
 1185 4561 3151 86 23 1.10 1.14 3152
 1201 4337 3151 86 23 1.10 1.14 3152
 1201 4353 3151 86 29 1.10 1.14 3152
 1201 4369 3151 86 42 1.10 1.14 3152
 1201 4481 3151 86 20 1.10 1.14 3152
 1201 4497 3151 86 23 1.10 1.14 3152
 1201 4513 3151 86 23 1.10 1.14 3152
 1201 4529 3151 86 23 1.10 1.14 3152
 1201 4545 3151 86 23 1.10 1.14 3152
 1201 4753 3151 86 23 1.10 1.14 3152
 1201 4673 3151 86 23 1.10 1.14 3152
 1201 4657 3151 86 23 1.10 1.14 3152
 1201 4641 3151 86 23 1.10 1.14 3152
 1201 4625 3151 86 23 1.10 1.14 3152
 1201 4609 3151 86 23 1.10 1.14 3152
 1201 4593 3151 86 23 1.10 1.14 3152
 1201 4577 3151 86 23 1.10 1.14 3152
 1201 4561 3151 86 23 1.10 1.14 3152
 1201 4689 3693 86 48 1.10 1.14 3694
 1217 4417 3151 79 45 4.24 4.14 0
 1217 4433 3151 79 46 4.24 4.14 0
 1217 4449 3151 79 46 4.24 4.14 0
 1217 4465 3151 79 46 4.24 4.14 0
 1217 4337 3151 86 23 1.10 1.14 3152
 1217 4353 3151 86 23 1.10 1.14 3152
 1217 4369 3151 86 43 1.10 1.14 3152
 1217 4481 3151 86 20 1.10 1.14 3152
 1217 4497 3151 86 23 1.10 1.14 3152
 1217 4513 3151 86 28 1.10 1.14 3152
 1217 4529 3151 86 24 1.10 1.14 3152
 1217 4545 3151 86 24 1.10 1.14 3152
 1217 4753 3151 86 23 1.10 1.14 3152
 1217 4673 3151 86 23 1.10 1.14 3152
 1217 4657 3151 86 23 1.10 1.14 3152
 1217 4641 3151 86 31 1.10 1.14 3152
 1217 4625 3151 86 24 1.10 1.14 3152
 1217 4609 3151 86 24 1.10 1.14 3152
 1217 4593 3151 86 24 1.10 1.14 3152
 1217 4577 3151 86 24 1.10 1.14 3152
 1217 4561 3151 86 24 1.10 1.14 3152
 1233 4273 3195 86 49 1.10 1.14 3196
 1233 4369 3151 86 26 1.10 1.14 3152
 1233 4481 3151 86 21 1.10 1.14 3152
 1233 4497 3151 86 24 1.10 1.14 3152
 1233 4513 3151 86 27 1.10 1.14 3152
 1233 4529 3196 4 13 1.10 1.14 3197
 1233 4753 3151 86 23 1.10 1.14 3152
 1233 4673 3151 86 23 1.10 1.14 3152
 1233 4657 3151 86 23 1.10 1.14 3152
 1233 4641 3151 86 20 1.10 1.14 3152
 1233 4529 3151 80 2 -8.90 -8.86 3152
 1233 4609 3151 80 1 -8.90 -8.86 3152
 1249 4369 3151 86 26 1.10 1.14 3152
 1249 4433 3196 4 10 1.10 1.14 3197
 1249 4753 3151 86 23 1.10 1.14 3152
 1249 4673 3151 86 23 1.10 1.14 3152
 1249 4657 3151 86 23 1.10 1.14 3152
 1249 4641 3151 86 20 1.10 1.14 3152
 1265 4369 3151 86 29 1.10 1.14 3152
 1265 4385 3151 86 40 1.10 1.14 3152
 1265 4753 3151 86 23 1.10 1.14 3152
 1265 4737 3151 86 23 1.10 1.14 3152
 1265 4721 3151 86 31 1.10 1.14 3152
 1265 4705 3151 86 24 1.10 1.14 3152
 1265 4689 3151 86 24 1.10 1.14 3152
 1265 4673 3151 86 24 1.10 1.14 3152
 1265 4657 3151 86 24 1.10 1.14 3152
 1265 4641 3151 86 21 1.10 1.14 3152
 1265 4593 3151 86 25 1.10 1.14 3152
 1265 4577 3151 86 22 1.10 1.14 3152
 1265 4561 3151 86 19 1.10 1.14 3152
 1281 4369 3151 86 23 1.10 1.14 3152
 1281 4385 3151 86 29 1.10 1.14 3152
 1281 4401 3151 86 22 1.10 1.14 3152
 1281 4417 3151 86 22 1.10 1.14 3152
 1281 4433 3151 86 22 1.10 1.14 3152
 1281 4449 3151 86 22 1.10 1.14 3152
 1281 4465 3151 86 22 1.10 1.14 3152
 1281 4481 3151 86 22 1.10 1.14 3152
 1281 4497 3151 86 22 1.10 1.14 3152
 1281 4513 3151 86 25 1.10 1.14 3152
 1281 4753 3151 86 23 1.10 1.14 3152
 1281 4737 3151 86 31 1.10 1.14 3152
 1281 4721 3151 86 33 1.10 1.14 3152
 1281 4593 3151 86 26 1.10 1.14 3152
 1281 4577 3151 86 23 1.10 1.14 3152
 1281 4561 3151 86 20 1.10 1.14 3152
 1297 4369 3195 86 49 1.10 1.14 3196
 1297 4465 3151 86 23 1.10 1.14 3152
 1297 4481 3151 86 23 1.10 1.14 3152
 1297 4497 3151 86 23 1.10 1.14 3152
 1297 4513 3151 86 26 1.10 1.14 3152
 1297 4753 3151 86 23 1.10 1.14 3152
 1297 4737 3151 86 38 1.10 1.14 3152
 1297 4689 3151 67 1 1.10 1.14 3152
 1297 4593 3151 86 26 1.10 1.14 3152
 1297 4577 3151 86 23 1.10 1.14 3152
 1297 4561 3151 86 20 1.10 1.14 3152
 1313 4465 3151 86 23 1.10 1.14 3152
 1313 4481 3151 86 23 1.10 1.14 3152
 1313 4497 3151 86 23 1.10 1.14 3152
 1313 4513 3151 86 26 1.10 1.14 3152
 1313 4753 3151 86 37 1.10 1.14 3152
 1313 4737 3151 86 39 1.10 1.14 3152
 1313 4673 3151 86 40 1.10 1.14 3152
 1313 4657 3151 86 22 1.10 1.14 3152
 1313 4641 3151 86 19 1.10 1.14 3152
 1313 4593 3151 86 26 1.10 1.14 3152
 1313 4577 3151 86 23 1.10 1.14 3152
 1313 4561 3151 86 20 1.10 1.14 3152
 1329 4305 3693 86 48 1.10 1.14 3694
 1329 4465 3151 86 23 1.10 1.14 3152
 1329 4481 3151 86 23 1.10 1.14 3152
 1329 4497 3151 86 23 1.10 1.14 3152
 1329 4513 3151 86 26 1.10 1.14 3152
 1329 4753 3151 86 20 1.10 1.14 3152
 1329 4737 3151 67 1 1.10 1.14 3152
 1329 4689 3151 86 42 1.10 1.14 3152
 1329 4673 3151 86 44 1.10 1.14 3152
 1329 4657 3151 86 23 1.10 1.14 3152
 1329 4641 3151 86 20 1.10 1.14 3152
 1329 4593 3151 86 26 1.10 1.14 3152
 1329 4577 3151 86 23 1.10 1.14 3152
 1329 4561 3151 86 20 1.10 1.14 3152
 1345 4465 3151 86 23 1.10 1.14 3152
 1345 4481 3151 86 23 1.10 1.14 3152
 1345 4497 3151 86 23 1.10 1.14 3152
 1345 4513 3151 86 26 1.10 1.14 3152
 1345 4753 3151 86 20 1.10 1.14 3152
 1345 4689 3151 86 43 1.10 1.14 3152
 1345 4673 3151 86 23 1.10 1.14 3152
 1345 4657 3151 86 31 1.10 1.14 3152
 1345 4641 3151 86 21 1.10 1.14 3152
 1345 4593 3151 86 27 1.10 1.14 3152
 1345 4577 3151 86 24 1.10 1.14 3152
 1345 4561 3151 86 21 1.10 1.14 3152
 1361 4465 3151 86 23 1.10 1.14 3152
 1361 4481 3151 86 23 1.10 1.14 3152
 1361 4497 3151 86 23 1.10 1.14 3152
 1361 4513 3151 86 26 1.10 1.14 3152
 1361 4753 3151 86 20 1.10 1.14 3152
 1361 4689 3151 86 26 1.10 1.14 3152
 1361 4673 3151 86 23 1.10 1.14 3152
 1361 4657 3151 86 20 1.10 1.14 3152
 1361 4609 3196 4 13 1.10 1.14 3197
 1361 4529 3151 80 3 -8.90 -8.86 3152
 1361 4609 3151 80 4 -8.90 -8.86 3152
 1377 4465 3151 86 23 1.10 1.14 3152
 1377 4481 3151 86 23 1.10 1.14 3152
 1377 4497 3151 86 23 1.10 1.14 3152
 1377 4513 3151 86 26 1.10 1.14 3152
 1377 4753 3151 86 20 1.10 1.14 3152
 1377 4689 3151 86 26 1.10 1.14 3152
 1377 4673 3151 86 23 1.10 1.14 3152
 1377 4657 3151 86 20 1.10 1.14 3152
 1393 4353 3693 86 48 1.10 1.14 3694
 1393 4513 3151 86 29 1.10 1.14 3152
 1393 4529 3151 86 22 1.10 1.14 3152
 1393 4753 3151 86 20 1.10 1.14 3152
 1393 4705 3151 67 1 1.10 1.14 3152
 1393 4689 3151 86 26 1.10 1.14 3152
 1393 4673 3151 86 23 1.10 1.14 3152
 1393 4657 3151 86 30 1.10 1.14 3152
 1393 4641 3151 86 22 1.10 1.14 3152
 1393 4625 3151 86 22 1.10 1.14 3152
 1393 4609 3151 86 19 1.10 1.14 3152
 1393 4417 3195 86 49 1.10 1.14 3196
 1393 4545 3196 4 18 1.10 1.14 3197
 1409 4513 3151 86 23 1.10 1.14 3152
 1409 4529 3151 86 23 1.10 1.14 3152
 1409 4753 3151 86 20 1.10 1.14 3152
 1409 4689 3151 86 26 1.10 1.14 3152
 1409 4673 3151 86 23 1.10 1.14 3152
 1409 4657 3151 86 23 1.10 1.14 3152
 1409 4641 3151 86 23 1.10 1.14 3152
 1409 4625 3151 86 23 1.10 1.14 3152
 1409 4609 3151 86 20 1.10 1.14 3152
 1425 4513 3151 86 23 1.10 1.14 3152
 1425 4529 3151 86 23 1.10 1.14 3152
 1425 4545 3151 86 23 1.10 1.14 3152
 1425 4753 3151 86 20 1.10 1.14 3152
 1425 4689 3151 86 26 1.10 1.14 3152
 1425 4673 3151 86 23 1.10 1.14 3152
 1425 4657 3151 86 23 1.10 1.14 3152
 1425 4641 3151 86 23 1.10 1.14 3152
 1425 4625 3151 86 23 1.10 1.14 3152
 1425 4609 3151 86 30 1.10 1.14 3152
 1425 4593 3151 86 22 1.10 1.14 3152
 1425 4577 3151 86 22 1.10 1.14 3152
 1425 4561 3151 86 29 1.10 1.14 3152
 1441 4513 3151 86 23 1.10 1.14 3152
 1441 4529 3151 86 23 1.10 1.14 3152
 1441 4545 3151 86 23 1.10 1.14 3152
 1441 4753 3151 86 20 1.10 1.14 3152
 1441 4689 3151 86 26 1.10 1.14 3152
 1441 4673 3151 86 23 1.10 1.14 3152
 1441 4657 3151 86 23 1.10 1.14 3152
 1441 4641 3151 86 23 1.10 1.14 3152
 1441 4625 3151 86 23 1.10 1.14 3152
 1441 4609 3151 86 23 1.10 1.14 3152
 1441 4593 3151 86 23 1.10 1.14 3152
 1441 4577 3151 86 23 1.10 1.14 3152
 1441 4561 3151 86 23 1.10 1.14 3152
 1457 4513 3151 86 23 1.10 1.14 3152
 1457 4529 3151 86 23 1.10 1.14 3152
 1457 4545 3151 86 23 1.10 1.14 3152
 1457 4753 3151 86 20 1.10 1.14 3152
 1457 4737 3151 67 1 1.10 1.14 3152
 1457 4689 3151 86 27 1.10 1.14 3152
 1457 4673 3151 86 24 1.10 1.14 3152
 1457 4657 3151 86 24 1.10 1.14 3152
 1457 4641 3151 86 24 1.10 1.14 3152
 1457 4625 3151 86 24 1.10 1.14 3152
 1457 4609 3151 86 28 1.10 1.14 3152
 1457 4593 3151 86 23 1.10 1.14 3152
 1457 4577 3151 86 23 1.10 1.14 3152
 1457 4561 3151 86 23 1.10 1.14 3152
 1473 4513 3151 86 23 1.10 1.14 3152
 1473 4529 3151 86 23 1.10 1.14 3152
 1473 4545 3151 86 23 1.10 1.14 3152
 1473 4753 3151 86 20 1.10 1.14 3152
 1473 4609 3151 86 41 1.10 1.14 3152
 1473 4593 3151 86 28 1.10 1.14 3152
 1473 4577 3151 86 23 1.10 1.14 3152
 1473 4561 3151 86 23 1.10 1.14 3152
 1489 4753 3151 86 20 1.10 1.14 3152
 1489 4689 3151 67 1 1.10 1.14 3152
 1489 4593 3151 86 46 1.10 1.14 3152
 1489 4577 3151 86 23 1.10 1.14 3152
 1489 4561 3151 86 23 1.10 1.14 3152
 1489 4465 3195 86 49 1.10 1.14 3196
 1505 4753 3151 86 20 1.10 1.14 3152
 1505 4593 3151 86 47 1.10 1.14 3152
 1505 4577 3151 86 45 1.10 1.14 3152
 1505 4561 3151 86 23 1.10 1.14 3152
 1521 4753 3151 86 20 1.10 1.14 3152
 1521 4577 3151 86 46 1.10 1.14 3152
 1521 4609 3151 67 1 1.10 1.14 3152
 1521 4561 3151 86 23 1.10 1.14 3152
 1537 4561 3151 86 45 1.10 1.14 3152
 1537 4577 3151 86 47 1.10 1.14 3152
 1537 4753 3151 86 20 1.10 1.14 3152
 1537 4625 3151 4 16 1.10 1.14 3152
 1553 4561 3151 86 26 1.10 1.14 3152
 1553 4753 3151 86 36 1.10 1.14 3152
 1553 4737 3151 86 34 1.10 1.14 3152
 1553 4705 3151 67 1 1.10 1.14 3152
 1553 4657 3151 67 1 1.10 1.14 3152
 1569 4561 3151 86 26 1.10 1.14 3152
 1569 4753 3151 86 23 1.10 1.14 3152
 1569 4737 3151 86 35 1.10 1.14 3152
 1585 4561 3151 86 26 1.10 1.14 3152
 1585 4753 3151 86 23 1.10 1.14 3152
 1585 4737 3151 86 36 1.10 1.14 3152
 1585 4721 3151 86 34 1.10 1.14 3152
 1585 4465 3195 86 49 1.10 1.14 3196
 1601 4561 3151 86 26 1.10 1.14 3152
 1601 4753 3151 86 23 1.10 1.14 3152
 1601 4737 3151 86 23 1.10 1.14 3152
 1601 4721 3151 86 35 1.10 1.14 3152
 1617 4561 3151 86 26 1.10 1.14 3152
 1617 4753 3151 86 23 1.10 1.14 3152
 1617 4737 3151 86 23 1.10 1.14 3152
 1617 4721 3151 86 20 1.10 1.14 3152
 1617 4657 3151 67 1 1.10 1.14 3152
 1633 4561 3151 86 44 1.10 1.14 3152
 1633 4577 3151 86 42 1.10 1.14 3152
 1633 4753 3151 86 23 1.10 1.14 3152
 1633 4737 3151 86 23 1.10 1.14 3152
 1633 4721 3151 86 20 1.10 1.14 3152
 1633 4609 3151 67 1 1.10 1.14 3152
 1649 4561 3151 86 23 1.10 1.14 3152
 1649 4577 3151 86 43 1.10 1.14 3152
 1649 4753 3151 86 23 1.10 1.14 3152
 1649 4737 3151 86 23 1.10 1.14 3152
 1649 4721 3151 86 20 1.10 1.14 3152
 1665 4561 3151 86 23 1.10 1.14 3152
 1665 4577 3151 86 26 1.10 1.14 3152
 1665 4753 3151 86 23 1.10 1.14 3152
 1665 4737 3151 86 23 1.10 1.14 3152
 1665 4721 3151 86 36 1.10 1.14 3152
 1665 4705 3151 86 34 1.10 1.14 3152
 1681 4449 3195 86 49 1.10 1.14 3196
 1681 4545 3151 86 23 1.10 1.14 3152
 1681 4561 3151 86 28 1.10 1.14 3152
 1681 4577 3151 86 41 1.10 1.14 3152
 1681 4753 3151 86 23 1.10 1.14 3152
 1681 4737 3151 86 23 1.10 1.14 3152
 1681 4721 3151 86 23 1.10 1.14 3152
 1681 4705 3151 86 35 1.10 1.14 3152
 1681 4657 3151 67 1 1.10 1.14 3152
 1697 4545 3151 86 23 1.10 1.14 3152
 1697 4561 3151 86 46 1.10 1.14 3152
 1697 4753 3151 86 23 1.10 1.14 3152
 1697 4689 3151 86 34 1.10 1.14 3152
 1697 4737 3151 86 23 1.10 1.14 3152
 1697 4721 3151 86 23 1.10 1.14 3152
 1697 4705 3151 86 36 1.10 1.14 3152
 1697 4593 3151 67 1 1.10 1.14 3152
 1713 4705 3693 86 48 1.10 1.14 3694
 1713 4545 3151 86 28 1.10 1.14 3152
 1713 4561 3151 86 47 1.10 1.14 3152
 1713 4689 3151 86 35 1.10 1.14 3152
 1729 4545 3151 86 26 1.10 1.14 3152
 1729 4673 3151 86 32 1.10 1.14 3152
 1729 4689 3151 86 30 1.10 1.14 3152
 1745 4545 3151 86 29 1.10 1.14 3152
 1745 4561 3151 86 40 1.10 1.14 3152
 1745 4657 3151 86 32 1.10 1.14 3152
 1745 4673 3151 86 30 1.10 1.14 3152
 1745 4689 3151 86 23 1.10 1.14 3152
 1745 4625 3151 67 1 1.10 1.14 3152
 1761 4545 3151 86 23 1.10 1.14 3152
 1761 4561 3151 86 29 1.10 1.14 3152
 1761 4577 3151 86 42 1.10 1.14 3152
 1761 4641 3151 86 32 1.10 1.14 3152
 1761 4657 3151 86 30 1.10 1.14 3152
 1761 4673 3151 86 23 1.10 1.14 3152
 1761 4689 3151 86 23 1.10 1.14 3152
 1777 4481 3195 86 49 1.10 1.14 3196
 1777 4577 3151 86 43 1.10 1.14 3152
 1777 4641 3151 86 20 1.10 1.14 3152
 1777 4657 3151 86 23 1.10 1.14 3152
 1777 4673 3195 86 49 1.10 1.14 3196
 1793 4577 3151 86 26 1.10 1.14 3152
 1793 4641 3151 86 20 1.10 1.14 3152
 1793 4657 3151 86 23 1.10 1.14 3152
 1809 4577 3151 86 26 1.10 1.14 3152
 1809 4641 3151 86 20 1.10 1.14 3152
 1809 4657 3151 86 23 1.10 1.14 3152
 1809 4593 3151 67 1 1.10 1.14 3152
 1825 4577 3151 86 26 1.10 1.14 3152
 1825 4625 3151 86 34 1.10 1.14 3152
 1825 4641 3151 86 36 1.10 1.14 3152
 1825 4657 3151 86 23 1.10 1.14 3152
 1841 4577 3151 86 26 1.10 1.14 3152
 1841 4625 3151 86 35 1.10 1.14 3152
 1841 4641 3151 86 23 1.10 1.14 3152
 1841 4657 3151 86 23 1.10 1.14 3152
 1857 4577 3151 86 26 1.10 1.14 3152
 1857 4625 3151 86 20 1.10 1.14 3152
 1857 4641 3151 86 23 1.10 1.14 3152
 1857 4657 3151 86 23 1.10 1.14 3152
 1857 4609 3151 67 1 1.10 1.14 3152
 1873 4481 3195 86 49 1.10 1.14 3196
 1873 4577 3151 86 26 1.10 1.14 3152
 1873 4625 3151 86 20 1.10 1.14 3152
 1873 4753 3151 86 23 1.10 1.14 3152
 1873 4737 3151 86 23 1.10 1.14 3152
 1873 4641 3195 86 49 1.10 1.14 3196
 1889 4577 3151 86 26 1.10 1.14 3152
 1889 4625 3151 86 20 1.10 1.14 3152
 1889 4753 3151 86 23 1.10 1.14 3152
 1889 4737 3151 86 23 1.10 1.14 3152
 1889 4593 3192 70 11 1.10 -4.86 3193
 1905 4577 3151 86 26 1.10 1.14 3152
 1905 4625 3151 86 20 1.10 1.14 3152
 1905 4753 3151 86 23 1.10 1.14 3152
 1905 4737 3151 86 23 1.10 1.14 3152
 1905 4593 3192 69 12 1.10 -4.86 3193
 1921 4577 3151 86 26 1.10 1.14 3152
 1921 4625 3151 86 20 1.10 1.14 3152
 1921 4753 3151 86 23 1.10 1.14 3152
 1921 4737 3151 86 23 1.10 1.14 3152
 1921 4593 3192 70 12 1.10 -4.86 3193 34 1
 1937 4593 3151 81 1 -999998.90 -18.86 3152
