 -10 1257 829 0.42 1 1 1 1 1 2 2 301 0.42 1
-1
-1
-1
-1
-1
-1
-1
-1
-1
-1
-1
-1
-1
-1
-1
-1
-1
-1
-1
-1
-1
-1
y0
Area 2
 1 4753 3151 74 42 1.10 1.14 3152
 1 4737 3151 74 36 1.10 1.14 3152
 17 4753 3151 74 42 1.10 1.14 3152
 17 4737 3151 74 36 1.10 1.14 3152
 33 4753 3151 74 42 1.10 1.14 3152
 33 4737 3151 74 36 1.10 1.14 3152
 33 4705 3192 51 1 1.10 1.14 3193 1
 49 4753 3151 74 42 1.10 1.14 3152
 49 4737 3151 74 36 1.10 1.14 3152
 65 4753 3151 74 42 1.10 1.14 3152
 65 4737 3151 74 36 1.10 1.14 3152
 81 4753 3151 74 42 1.10 1.14 3152
 81 4737 3151 74 36 1.10 1.14 3152
 97 4753 3151 74 42 1.10 1.14 3152
 97 4737 3151 74 36 1.10 1.14 3152
 97 4385 3151 84 2 6.10 6.14 3152
 97 4321 3151 67 1 1.10 1.14 3152
 113 4753 3151 74 42 1.10 1.14 3152
 113 4737 3151 74 39 1.10 1.14 3152
 113 4721 3151 74 49 1.10 1.14 3152
 113 4385 3151 84 2 6.10 6.14 3152
 113 4321 3151 67 1 1.10 1.14 3152
 129 4753 3151 74 42 1.10 1.14 3152
 129 4737 3151 74 39 1.10 1.14 3152
 129 4721 3151 74 50 1.10 1.14 3152
 129 4385 3151 84 2 6.10 6.14 3152
 129 4321 3151 67 1 1.10 1.14 3152
 145 4753 3151 74 42 1.10 1.14 3152
 145 4737 3151 74 39 1.10 1.14 3152
 145 4721 3151 74 36 1.10 1.14 3152
 145 4673 3151 59 1 1.10 1.14 3152
 145 4385 3151 84 2 6.10 6.14 3152
 145 4321 3151 67 1 1.10 1.14 3152
 161 4705 3151 83 49 1300001.10 1300001.14 3152
 161 4689 3151 83 46 1300001.10 1300001.14 3152
 161 4673 3151 83 43 1300001.10 1300001.14 3152
 161 4753 3151 74 42 1.10 1.14 3152
 161 4737 3151 74 39 1.10 1.14 3152
 161 4721 3151 74 36 1.10 1.14 3152
 161 4625 3151 59 1 1.10 1.14 3152
 161 4385 3151 84 2 6.10 6.14 3152
 161 4321 3151 67 1 1.10 1.14 3152
 177 4705 3151 83 50 1300001.10 1300001.14 3152
 177 4689 3151 83 47 1300001.10 1300001.14 3152
 177 4673 3151 83 44 1300001.10 1300001.14 3152
 177 4657 3151 83 49 1300001.10 1300001.14 3152
 177 4641 3151 83 46 1300001.10 1300001.14 3152
 177 4625 3151 83 43 1300001.10 1300001.14 3152
 177 4753 3151 74 42 1.10 1.14 3152
 177 4737 3151 74 39 1.10 1.14 3152
 177 4721 3151 74 36 1.10 1.14 3152
 177 4561 3151 59 6 1.10 1.14 3152
 177 4385 3151 84 2 6.10 6.14 3152
 177 4321 3151 67 1 1.10 1.14 3152
 193 4705 3151 83 50 1300001.10 1300001.14 3152
 193 4689 3151 83 47 1300001.10 1300001.14 3152
 193 4673 3151 83 44 1300001.10 1300001.14 3152
 193 4657 3151 83 50 1300001.10 1300001.14 3152
 193 4641 3151 83 47 1300001.10 1300001.14 3152
 193 4625 3151 83 44 1300001.10 1300001.14 3152
 193 4753 3151 74 42 1.10 1.14 3152
 193 4737 3151 74 39 1.10 1.14 3152
 193 4721 3151 74 36 1.10 1.14 3152
 193 4385 3151 84 2 6.10 6.14 3152
 193 4321 3151 67 1 1.10 1.14 3152
 209 4705 3151 83 50 1300001.10 1300001.14 3152
 209 4689 3151 83 47 1300001.10 1300001.14 3152
 209 4673 3151 83 44 1300001.10 1300001.14 3152
 209 4657 3151 83 50 1300001.10 1300001.14 3152
 209 4641 3151 83 47 1300001.10 1300001.14 3152
 209 4625 3151 83 44 1300001.10 1300001.14 3152
 209 4609 3151 83 49 1300001.10 1300001.14 3152
 209 4593 3151 83 46 1300001.10 1300001.14 3152
 209 4577 3151 83 46 1300001.10 1300001.14 3152
 209 4561 3151 83 43 1300001.10 1300001.14 3152
 209 4753 3151 74 42 1.10 1.14 3152
 209 4737 3151 74 39 1.10 1.14 3152
 209 4721 3151 74 36 1.10 1.14 3152
 209 4385 3151 84 2 6.10 6.14 3152
 209 4321 3151 67 1 1.10 1.14 3152
 225 4705 3151 83 50 1300001.10 1300001.14 3152
 225 4689 3151 83 47 1300001.10 1300001.14 3152
 225 4673 3151 83 44 1300001.10 1300001.14 3152
 225 4657 3151 83 50 1300001.10 1300001.14 3152
 225 4641 3151 83 47 1300001.10 1300001.14 3152
 225 4625 3151 83 44 1300001.10 1300001.14 3152
 225 4609 3151 83 50 1300001.10 1300001.14 3152
 225 4593 3151 83 47 1300001.10 1300001.14 3152
 225 4577 3151 83 47 1300001.10 1300001.14 3152
 225 4561 3151 83 44 1300001.10 1300001.14 3152
 225 4753 3151 74 42 1.10 1.14 3152
 225 4737 3151 74 39 1.10 1.14 3152
 225 4721 3151 74 36 1.10 1.14 3152
 225 4705 3151 53 2 1.10 1.14 3152
 225 4385 3151 84 2 6.10 6.14 3152
 225 4321 3151 67 1 1.10 1.14 3152
 225 4481 3151 59 1 1.10 1.14 3152
 241 4705 3151 83 50 1300001.10 1300001.14 3152
 241 4689 3151 83 47 1300001.10 1300001.14 3152
 241 4673 3151 83 44 1300001.10 1300001.14 3152
 241 4657 3151 83 50 1300001.10 1300001.14 3152
 241 4641 3151 83 47 1300001.10 1300001.14 3152
 241 4625 3151 83 44 1300001.10 1300001.14 3152
 241 4609 3151 83 50 1300001.10 1300001.14 3152
 241 4593 3151 83 47 1300001.10 1300001.14 3152
 241 4577 3151 83 47 1300001.10 1300001.14 3152
 241 4561 3151 83 44 1300001.10 1300001.14 3152
 241 4753 3151 74 42 1.10 1.14 3152
 241 4737 3151 74 39 1.10 1.14 3152
 241 4721 3151 74 36 1.10 1.14 3152
 241 4385 3151 84 2 6.10 6.14 3152
 241 4321 3151 67 1 1.10 1.14 3152
 241 4545 3151 66 3 1.10 1.14 3152
 257 4705 3151 83 51 1300001.10 1300001.14 3152
 257 4689 3151 83 48 1300001.10 1300001.14 3152
 257 4673 3151 83 45 1300001.10 1300001.14 3152
 257 4657 3151 83 50 1300001.10 1300001.14 3152
 257 4641 3151 83 47 1300001.10 1300001.14 3152
 257 4625 3151 83 44 1300001.10 1300001.14 3152
 257 4609 3151 83 50 1300001.10 1300001.14 3152
 257 4593 3151 83 47 1300001.10 1300001.14 3152
 257 4577 3151 83 47 1300001.10 1300001.14 3152
 257 4561 3151 83 44 1300001.10 1300001.14 3152
 257 4753 3151 74 42 1.10 1.14 3152
 257 4737 3151 74 39 1.10 1.14 3152
 257 4721 3151 74 36 1.10 1.14 3152
 273 4705 3151 83 49 1300001.10 1300001.14 3152
 273 4689 3151 83 46 1300001.10 1300001.14 3152
 273 4673 3151 83 43 1300001.10 1300001.14 3152
 273 4657 3151 83 51 1300001.10 1300001.14 3152
 273 4641 3151 83 48 1300001.10 1300001.14 3152
 273 4625 3151 83 45 1300001.10 1300001.14 3152
 273 4609 3151 83 51 1300001.10 1300001.14 3152
 273 4593 3151 83 48 1300001.10 1300001.14 3152
 273 4577 3151 83 48 1300001.10 1300001.14 3152
 273 4561 3151 83 45 1300001.10 1300001.14 3152
 273 4753 3151 74 42 1.10 1.14 3152
 273 4737 3151 74 39 1.10 1.14 3152
 273 4721 3151 74 36 1.10 1.14 3152
 289 4545 3151 83 43 1300001.10 1300001.14 3152
 289 4705 3151 83 50 1300001.10 1300001.14 3152
 289 4689 3151 83 47 1300001.10 1300001.14 3152
 289 4673 3151 83 44 1300001.10 1300001.14 3152
 289 4657 3151 83 49 1300001.10 1300001.14 3152
 289 4641 3151 83 46 1300001.10 1300001.14 3152
 289 4625 3151 83 46 1300001.10 1300001.14 3152
 289 4609 3151 83 46 1300001.10 1300001.14 3152
 289 4593 3151 83 46 1300001.10 1300001.14 3152
 289 4577 3151 83 46 1300001.10 1300001.14 3152
 289 4561 3151 83 46 1300001.10 1300001.14 3152
 289 4465 3151 59 1 1.10 1.14 3152
 289 4753 3151 74 42 1.10 1.14 3152
 289 4737 3151 74 39 1.10 1.14 3152
 289 4721 3151 74 36 1.10 1.14 3152
 305 4545 3151 83 44 1300001.10 1300001.14 3152
 305 4705 3151 83 50 1300001.10 1300001.14 3152
 305 4689 3151 83 47 1300001.10 1300001.14 3152
 305 4673 3151 83 44 1300001.10 1300001.14 3152
 305 4657 3151 83 50 1300001.10 1300001.14 3152
 305 4641 3151 83 47 1300001.10 1300001.14 3152
 305 4625 3151 83 47 1300001.10 1300001.14 3152
 305 4609 3151 83 47 1300001.10 1300001.14 3152
 305 4593 3151 83 47 1300001.10 1300001.14 3152
 305 4577 3151 83 47 1300001.10 1300001.14 3152
 305 4561 3151 83 47 1300001.10 1300001.14 3152
 305 4353 3151 84 2 6.10 6.14 3152
 305 4753 3151 74 42 1.10 1.14 3152
 305 4737 3151 74 39 1.10 1.14 3152
 305 4721 3151 74 36 1.10 1.14 3152
 305 4593 3151 59 2 1.10 1.14 3152
 321 4545 3151 83 44 1300001.10 1300001.14 3152
 321 4705 3151 83 50 1300001.10 1300001.14 3152
 321 4689 3151 83 47 1300001.10 1300001.14 3152
 321 4673 3151 83 44 1300001.10 1300001.14 3152
 321 4657 3151 83 50 1300001.10 1300001.14 3152
 321 4641 3151 83 47 1300001.10 1300001.14 3152
 321 4625 3151 83 47 1300001.10 1300001.14 3152
 321 4609 3151 83 47 1300001.10 1300001.14 3152
 321 4593 3151 83 47 1300001.10 1300001.14 3152
 321 4577 3151 83 47 1300001.10 1300001.14 3152
 321 4561 3151 83 47 1300001.10 1300001.14 3152
 321 4353 3151 84 2 6.10 6.14 3152
 321 4753 3151 74 42 1.10 1.14 3152
 321 4737 3151 74 39 1.10 1.14 3152
 321 4721 3151 74 36 1.10 1.14 3152
 337 4545 3151 83 44 1300001.10 1300001.14 3152
 337 4705 3151 83 50 1300001.10 1300001.14 3152
 337 4689 3151 83 47 1300001.10 1300001.14 3152
 337 4673 3151 83 44 1300001.10 1300001.14 3152
 337 4657 3151 83 50 1300001.10 1300001.14 3152
 337 4641 3151 83 47 1300001.10 1300001.14 3152
 337 4625 3151 83 47 1300001.10 1300001.14 3152
 337 4609 3151 83 47 1300001.10 1300001.14 3152
 337 4593 3151 83 47 1300001.10 1300001.14 3152
 337 4577 3151 83 47 1300001.10 1300001.14 3152
 337 4561 3151 83 47 1300001.10 1300001.14 3152
 337 4353 3151 84 2 6.10 6.14 3152
 337 4753 3151 74 42 1.10 1.14 3152
 337 4737 3151 74 39 1.10 1.14 3152
 337 4721 3151 74 36 1.10 1.14 3152
 337 4593 3151 59 1 1.10 1.14 3152
 353 4545 3151 83 45 1300001.10 1300001.14 3152
 353 4705 3151 83 50 1300001.10 1300001.14 3152
 353 4689 3151 83 47 1300001.10 1300001.14 3152
 353 4673 3151 83 44 1300001.10 1300001.14 3152
 353 4657 3151 83 51 1300001.10 1300001.14 3152
 353 4641 3151 83 48 1300001.10 1300001.14 3152
 353 4625 3151 83 48 1300001.10 1300001.14 3152
 353 4609 3151 83 48 1300001.10 1300001.14 3152
 353 4593 3151 83 48 1300001.10 1300001.14 3152
 353 4577 3151 83 48 1300001.10 1300001.14 3152
 353 4561 3151 83 48 1300001.10 1300001.14 3152
 353 4353 3151 84 2 6.10 6.14 3152
 353 4753 3151 74 42 1.10 1.14 3152
 353 4737 3151 74 39 1.10 1.14 3152
 353 4465 3151 59 1 1.10 1.14 3152
 353 4721 3151 74 36 1.10 1.14 3152
 353 4657 3151 54 6 1.10 1.14 3152
 369 4705 3151 83 51 1300001.10 1300001.14 3152
 369 4689 3151 83 48 1300001.10 1300001.14 3152
 369 4673 3151 83 45 1300001.10 1300001.14 3152
 369 4657 3151 83 49 1300001.10 1300001.14 3152
 369 4641 3151 83 46 1300001.10 1300001.14 3152
 369 4625 3151 83 43 1300001.10 1300001.14 3152
 369 4609 3151 83 49 1300001.10 1300001.14 3152
 369 4593 3151 83 46 1300001.10 1300001.14 3152
 369 4577 3151 83 46 1300001.10 1300001.14 3152
 369 4561 3151 83 43 1300001.10 1300001.14 3152
 369 4353 3151 84 2 6.10 6.14 3152
 369 4289 3151 59 18 1.10 1.14 3152
 369 4753 3151 74 42 1.10 1.14 3152
 369 4737 3151 74 39 1.10 1.14 3152
 369 4721 3151 74 36 1.10 1.14 3152
 385 4705 3151 83 49 1300001.10 1300001.14 3152
 385 4689 3151 83 46 1300001.10 1300001.14 3152
 385 4673 3151 83 43 1300001.10 1300001.14 3152
 385 4657 3151 83 50 1300001.10 1300001.14 3152
 385 4641 3151 83 47 1300001.10 1300001.14 3152
 385 4625 3151 83 44 1300001.10 1300001.14 3152
 385 4609 3151 83 50 1300001.10 1300001.14 3152
 385 4593 3151 83 47 1300001.10 1300001.14 3152
 385 4577 3151 83 47 1300001.10 1300001.14 3152
 385 4561 3151 83 44 1300001.10 1300001.14 3152
 385 4353 3151 84 2 6.10 6.14 3152
 385 4753 3151 74 42 1.10 1.14 3152
 385 4737 3151 74 39 1.10 1.14 3152
 385 4721 3151 74 36 1.10 1.14 3152
 401 4705 3151 83 50 1300001.10 1300001.14 3152
 401 4689 3151 83 47 1300001.10 1300001.14 3152
 401 4673 3151 83 44 1300001.10 1300001.14 3152
 401 4657 3151 83 50 1300001.10 1300001.14 3152
 401 4641 3151 83 47 1300001.10 1300001.14 3152
 401 4625 3151 83 44 1300001.10 1300001.14 3152
 401 4609 3151 83 50 1300001.10 1300001.14 3152
 401 4593 3151 83 47 1300001.10 1300001.14 3152
 401 4577 3151 83 47 1300001.10 1300001.14 3152
 401 4561 3151 83 44 1300001.10 1300001.14 3152
 401 4353 3151 84 2 6.10 6.14 3152
 401 4753 3151 74 42 1.10 1.14 3152
 401 4737 3151 74 39 1.10 1.14 3152
 401 4721 3151 74 36 1.10 1.14 3152
 417 4705 3151 83 50 1300001.10 1300001.14 3152
 417 4689 3151 83 47 1300001.10 1300001.14 3152
 417 4673 3151 83 44 1300001.10 1300001.14 3152
 417 4657 3151 83 50 1300001.10 1300001.14 3152
 417 4641 3151 83 47 1300001.10 1300001.14 3152
 417 4625 3151 83 44 1300001.10 1300001.14 3152
 417 4609 3151 83 50 1300001.10 1300001.14 3152
 417 4593 3151 83 47 1300001.10 1300001.14 3152
 417 4577 3151 83 47 1300001.10 1300001.14 3152
 417 4561 3151 83 44 1300001.10 1300001.14 3152
 417 4353 3151 84 2 6.10 6.14 3152
 417 4753 3151 74 42 1.10 1.14 3152
 417 4737 3151 74 39 1.10 1.14 3152
 417 4721 3151 74 36 1.10 1.14 3152
 417 4481 3151 59 19 1.10 1.14 3152
 433 4705 3151 83 50 1300001.10 1300001.14 3152
 433 4689 3151 83 47 1300001.10 1300001.14 3152
 433 4673 3151 83 44 1300001.10 1300001.14 3152
 433 4657 3151 83 50 1300001.10 1300001.14 3152
 433 4641 3151 83 47 1300001.10 1300001.14 3152
 433 4625 3151 83 44 1300001.10 1300001.14 3152
 433 4609 3151 83 50 1300001.10 1300001.14 3152
 433 4593 3151 83 47 1300001.10 1300001.14 3152
 433 4577 3151 83 47 1300001.10 1300001.14 3152
 433 4561 3151 83 44 1300001.10 1300001.14 3152
 433 4353 3151 84 2 6.10 6.14 3152
 433 4753 3151 74 42 1.10 1.14 3152
 433 4737 3151 74 39 1.10 1.14 3152
 433 4721 3151 74 36 1.10 1.14 3152
 433 4657 3151 53 2 1.10 1.14 3152
 449 4705 3151 83 50 1300001.10 1300001.14 3152
 449 4689 3151 83 47 1300001.10 1300001.14 3152
 449 4673 3151 83 44 1300001.10 1300001.14 3152
 449 4657 3151 83 50 1300001.10 1300001.14 3152
 449 4641 3151 83 47 1300001.10 1300001.14 3152
 449 4625 3151 83 44 1300001.10 1300001.14 3152
 449 4609 3151 83 51 1300001.10 1300001.14 3152
 449 4593 3151 83 48 1300001.10 1300001.14 3152
 449 4577 3151 83 48 1300001.10 1300001.14 3152
 449 4561 3151 83 45 1300001.10 1300001.14 3152
 449 4753 3151 74 42 1.10 1.14 3152
 449 4737 3151 74 39 1.10 1.14 3152
 449 4721 3151 74 36 1.10 1.14 3152
 465 4705 3151 83 50 1300001.10 1300001.14 3152
 465 4689 3151 83 47 1300001.10 1300001.14 3152
 465 4673 3151 83 44 1300001.10 1300001.14 3152
 465 4657 3151 83 51 1300001.10 1300001.14 3152
 465 4641 3151 83 48 1300001.10 1300001.14 3152
 465 4625 3151 83 45 1300001.10 1300001.14 3152
 465 4753 3151 74 42 1.10 1.14 3152
 465 4737 3151 74 39 1.10 1.14 3152
 465 4721 3151 74 36 1.10 1.14 3152
 465 4561 3151 59 1 1.10 1.14 3152
 481 4705 3151 83 51 1300001.10 1300001.14 3152
 481 4689 3151 83 48 1300001.10 1300001.14 3152
 481 4673 3151 83 45 1300001.10 1300001.14 3152
 481 4753 3151 74 42 1.10 1.14 3152
 481 4737 3151 74 39 1.10 1.14 3152
 481 4721 3151 74 36 1.10 1.14 3152
 481 4625 3151 59 1 1.10 1.14 3152
 497 4753 3151 74 42 1.10 1.14 3152
 497 4737 3151 74 39 1.10 1.14 3152
 497 4721 3151 74 36 1.10 1.14 3152
 497 4673 3151 59 1 1.10 1.14 3152
 513 4753 3151 74 42 1.10 1.14 3152
 513 4737 3151 74 39 1.10 1.14 3152
 513 4721 3151 74 36 1.10 1.14 3152
 529 4753 3151 74 42 1.10 1.14 3152
 529 4737 3151 74 39 1.10 1.14 3152
 529 4721 3151 74 36 1.10 1.14 3152
 545 4753 3151 74 42 1.10 1.14 3152
 545 4737 3151 74 39 1.10 1.14 3152
 545 4721 3151 74 36 1.10 1.14 3152
 561 4753 3151 74 42 1.10 1.14 3152
 561 4737 3151 74 39 1.10 1.14 3152
 561 4721 3151 74 36 1.10 1.14 3152
 577 4753 3151 74 42 1.10 1.14 3152
 577 4737 3151 74 39 1.10 1.14 3152
 577 4721 3151 74 36 1.10 1.14 3152
 593 4753 3151 74 42 1.10 1.14 3152
 593 4737 3151 74 39 1.10 1.14 3152
 593 4721 3151 74 36 1.10 1.14 3152
 609 4753 3151 74 42 1.10 1.14 3152
 609 4737 3151 74 39 1.10 1.14 3152
 609 4721 3151 74 36 1.10 1.14 3152
 609 4689 3192 53 9 1.10 1.14 3193
 625 4753 3151 74 42 1.10 1.14 3152
 625 4737 3151 74 39 1.10 1.14 3152
 625 4721 3151 74 37 1.10 1.14 3152
 641 4753 3151 63 24 1.10 1.14 3152
 641 4737 3151 63 23 1.10 1.14 3152
 657 4753 3151 63 24 1.10 1.14 3152
 657 4737 3151 63 23 1.10 1.14 3152
 673 4753 3151 63 24 1.10 1.14 3152
 673 4737 3151 63 23 1.10 1.14 3152
 689 4753 3151 63 24 1.10 1.14 3152
 689 4737 3151 63 23 1.10 1.14 3152
 705 4753 3151 63 24 1.10 1.14 3152
 705 4737 3151 63 23 1.10 1.14 3152
 721 4753 3151 63 24 1.10 1.14 3152
 721 4737 3151 63 23 1.10 1.14 3152
 737 4753 3151 74 42 1.10 1.14 3152
 737 4737 3151 74 39 1.10 1.14 3152
 737 4721 3151 74 35 1.10 1.14 3152
 753 4753 3151 74 42 1.10 1.14 3152
 753 4737 3151 74 39 1.10 1.14 3152
 753 4721 3151 74 36 1.10 1.14 3152
 769 4753 3151 74 42 1.10 1.14 3152
 769 4737 3151 74 39 1.10 1.14 3152
 769 4721 3151 74 48 1.10 1.14 3152
 785 4753 3151 74 42 1.10 1.14 3152
 785 4737 3151 74 36 1.10 1.14 3152
 801 4753 3151 74 42 1.10 1.14 3152
 801 4737 3151 74 36 1.10 1.14 3152
 817 4753 3151 74 42 1.10 1.14 3152
 817 4737 3151 74 36 1.10 1.14 3152
 833 4753 3151 74 42 1.10 1.14 3152
 833 4737 3151 74 36 1.10 1.14 3152
 849 4753 3151 74 42 1.10 1.14 3152
 849 4737 3151 74 36 1.10 1.14 3152
 865 4753 3151 63 24 1.10 1.14 3152
 865 4737 3151 63 23 1.10 1.14 3152
 881 4753 3151 63 24 1.10 1.14 3152
 881 4737 3151 63 23 1.10 1.14 3152
 897 4753 3151 63 24 1.10 1.14 3152
 897 4737 3151 63 23 1.10 1.14 3152
 897 4705 3196 55 18 1.10 1.14 3197
 913 4753 3151 63 24 1.10 1.14 3152
 913 4737 3151 63 23 1.10 1.14 3152
 929 4753 3151 63 24 1.10 1.14 3152
 929 4737 3151 63 23 1.10 1.14 3152
 945 4753 3151 63 24 1.10 1.14 3152
 945 4737 3151 63 23 1.10 1.14 3152
 961 4753 3151 74 42 1.10 1.14 3152
 961 4737 3151 74 39 1.10 1.14 3152
 961 4721 3151 74 38 1.10 1.14 3152
 961 4705 3151 74 38 1.10 1.14 3152
 961 4689 3151 74 35 1.10 1.14 3152
 977 4753 3151 74 42 1.10 1.14 3152
 977 4737 3151 74 39 1.10 1.14 3152
 977 4721 3151 74 39 1.10 1.14 3152
 977 4705 3151 74 39 1.10 1.14 3152
 977 4689 3151 74 36 1.10 1.14 3152
 993 4753 3151 74 42 1.10 1.14 3152
 993 4737 3151 74 39 1.10 1.14 3152
 993 4721 3151 74 39 1.10 1.14 3152
 993 4705 3151 74 39 1.10 1.14 3152
 993 4689 3151 74 36 1.10 1.14 3152
 1009 4753 3151 74 42 1.10 1.14 3152
 1009 4737 3151 74 39 1.10 1.14 3152
 1009 4721 3151 74 39 1.10 1.14 3152
 1009 4705 3151 74 39 1.10 1.14 3152
 1009 4689 3151 74 51 1.10 1.14 3152
 1025 4753 3151 74 42 1.10 1.14 3152
 1025 4737 3151 74 39 1.10 1.14 3152
 1025 4721 3151 74 39 1.10 1.14 3152
 1025 4705 3151 74 39 1.10 1.14 3152
 1025 4689 3151 74 52 1.10 1.14 3152
 1041 4753 3151 74 42 1.10 1.14 3152
 1041 4737 3151 74 39 1.10 1.14 3152
 1041 4721 3151 74 39 1.10 1.14 3152
 1041 4705 3151 74 51 1.10 1.14 3152
 1057 4753 3151 74 42 1.10 1.14 3152
 1057 4737 3151 74 39 1.10 1.14 3152
 1057 4721 3151 74 39 1.10 1.14 3152
 1057 4705 3151 74 52 1.10 1.14 3152
 1073 4753 3151 74 42 1.10 1.14 3152
 1073 4737 3151 74 39 1.10 1.14 3152
 1073 4721 3151 74 51 1.10 1.14 3152
 1089 4753 3151 74 42 1.10 1.14 3152
 1089 4737 3151 74 39 1.10 1.14 3152
 1089 4721 3151 74 52 1.10 1.14 3152
 1105 4753 3151 74 42 1.10 1.14 3152
 1105 4737 3151 74 36 1.10 1.14 3152
 1121 4753 3151 74 42 1.10 1.14 3152
 1121 4737 3151 74 36 1.10 1.14 3152
 1137 4753 3151 74 42 1.10 1.14 3152
 1137 4737 3151 74 36 1.10 1.14 3152
 1137 4721 3151 55 6 1.10 1.14 3152
 1137 4513 3151 67 1 1.10 1.14 3152
 1153 4753 3151 74 42 1.10 1.14 3152
 1153 4737 3151 74 36 1.10 1.14 3152
 1153 4513 3151 67 1 1.10 1.14 3152
 1169 4721 3151 83 49 1300001.10 1300001.14 3152
 1169 4705 3151 83 46 1300001.10 1300001.14 3152
 1169 4689 3151 83 46 1300001.10 1300001.14 3152
 1169 4673 3151 83 46 1300001.10 1300001.14 3152
 1169 4657 3151 83 46 1300001.10 1300001.14 3152
 1169 4641 3151 83 46 1300001.10 1300001.14 3152
 1169 4625 3151 83 43 1300001.10 1300001.14 3152
 1169 4753 3151 74 42 1.10 1.14 3152
 1169 4737 3151 74 36 1.10 1.14 3152
 1169 4609 3151 63 10 1.10 1.14 3152
 1169 4513 3151 67 1 1.10 1.14 3152
 1185 4721 3151 83 50 1300001.10 1300001.14 3152
 1185 4705 3151 83 47 1300001.10 1300001.14 3152
 1185 4689 3151 83 47 1300001.10 1300001.14 3152
 1185 4673 3151 83 47 1300001.10 1300001.14 3152
 1185 4657 3151 83 47 1300001.10 1300001.14 3152
 1185 4641 3151 83 47 1300001.10 1300001.14 3152
 1185 4625 3151 83 44 1300001.10 1300001.14 3152
 1185 4609 3151 83 49 1300001.10 1300001.14 3152
 1185 4593 3151 83 46 1300001.10 1300001.14 3152
 1185 4577 3151 83 46 1300001.10 1300001.14 3152
 1185 4561 3151 83 43 1300001.10 1300001.14 3152
 1185 4753 3151 74 42 1.10 1.14 3152
 1185 4737 3151 74 36 1.10 1.14 3152
 1185 4545 3151 63 10 1.10 1.14 3152
 1185 4449 3151 67 1 1.10 1.14 3152
 1201 4721 3151 83 50 1300001.10 1300001.14 3152
 1201 4705 3151 83 47 1300001.10 1300001.14 3152
 1201 4689 3151 83 47 1300001.10 1300001.14 3152
 1201 4673 3151 83 47 1300001.10 1300001.14 3152
 1201 4657 3151 83 47 1300001.10 1300001.14 3152
 1201 4641 3151 83 47 1300001.10 1300001.14 3152
 1201 4625 3151 83 44 1300001.10 1300001.14 3152
 1201 4609 3151 83 50 1300001.10 1300001.14 3152
 1201 4593 3151 83 47 1300001.10 1300001.14 3152
 1201 4577 3151 83 47 1300001.10 1300001.14 3152
 1201 4561 3151 83 44 1300001.10 1300001.14 3152
 1201 4753 3151 74 42 1.10 1.14 3152
 1201 4737 3151 74 36 1.10 1.14 3152
 1201 4449 3151 67 1 1.10 1.14 3152
 1217 4721 3151 83 50 1300001.10 1300001.14 3152
 1217 4705 3151 83 47 1300001.10 1300001.14 3152
 1217 4689 3151 83 47 1300001.10 1300001.14 3152
 1217 4673 3151 83 47 1300001.10 1300001.14 3152
 1217 4657 3151 83 47 1300001.10 1300001.14 3152
 1217 4641 3151 83 47 1300001.10 1300001.14 3152
 1217 4625 3151 83 44 1300001.10 1300001.14 3152
 1217 4609 3151 83 51 1300001.10 1300001.14 3152
 1217 4593 3151 83 48 1300001.10 1300001.14 3152
 1217 4577 3151 83 48 1300001.10 1300001.14 3152
 1217 4561 3151 83 45 1300001.10 1300001.14 3152
 1217 4753 3151 74 42 1.10 1.14 3152
 1217 4737 3151 74 36 1.10 1.14 3152
 1217 4561 3151 59 3 1.10 1.14 3152
 1217 4417 3151 61 5 1.10 1.14 3152
 1217 4449 3151 67 1 1.10 1.14 3152
 1217 4497 3151 61 5 1.10 1.14 3152
 1233 4721 3151 83 50 1300001.10 1300001.14 3152
 1233 4705 3151 83 47 1300001.10 1300001.14 3152
 1233 4689 3151 83 47 1300001.10 1300001.14 3152
 1233 4673 3151 83 47 1300001.10 1300001.14 3152
 1233 4657 3151 83 47 1300001.10 1300001.14 3152
 1233 4641 3151 83 47 1300001.10 1300001.14 3152
 1233 4625 3151 83 44 1300001.10 1300001.14 3152
 1233 4609 3151 83 49 1300001.10 1300001.14 3152
 1233 4593 3151 83 46 1300001.10 1300001.14 3152
 1233 4577 3151 83 43 1300001.10 1300001.14 3152
 1233 4561 3151 83 49 1300001.10 1300001.14 3152
 1233 4545 3151 83 46 1300001.10 1300001.14 3152
 1233 4481 3151 83 43 1300001.10 1300001.14 3152
 1233 4497 3151 83 46 1300001.10 1300001.14 3152
 1233 4513 3151 83 46 1300001.10 1300001.14 3152
 1233 4529 3151 83 46 1300001.10 1300001.14 3152
 1233 4753 3151 74 42 1.10 1.14 3152
 1233 4737 3151 74 36 1.10 1.14 3152
 1233 4673 3151 67 1 1.10 1.14 3152
 1233 4465 3151 63 10 1.10 1.14 3152
 1249 4721 3151 83 50 1300001.10 1300001.14 3152
 1249 4705 3151 83 47 1300001.10 1300001.14 3152
 1249 4689 3151 83 47 1300001.10 1300001.14 3152
 1249 4673 3151 83 47 1300001.10 1300001.14 3152
 1249 4657 3151 83 47 1300001.10 1300001.14 3152
 1249 4641 3151 83 47 1300001.10 1300001.14 3152
 1249 4625 3151 83 44 1300001.10 1300001.14 3152
 1249 4609 3151 83 50 1300001.10 1300001.14 3152
 1249 4593 3151 83 47 1300001.10 1300001.14 3152
 1249 4577 3151 83 44 1300001.10 1300001.14 3152
 1249 4561 3151 83 50 1300001.10 1300001.14 3152
 1249 4545 3151 83 47 1300001.10 1300001.14 3152
 1249 4401 3151 83 43 1300001.10 1300001.14 3152
 1249 4417 3151 83 46 1300001.10 1300001.14 3152
 1249 4433 3151 83 46 1300001.10 1300001.14 3152
 1249 4449 3151 83 46 1300001.10 1300001.14 3152
 1249 4465 3151 83 49 1300001.10 1300001.14 3152
 1249 4481 3151 83 44 1300001.10 1300001.14 3152
 1249 4497 3151 83 47 1300001.10 1300001.14 3152
 1249 4513 3151 83 47 1300001.10 1300001.14 3152
 1249 4529 3151 83 47 1300001.10 1300001.14 3152
 1249 4753 3151 74 42 1.10 1.14 3152
 1249 4737 3151 74 36 1.10 1.14 3152
 1249 4705 3192 55 25 1.10 1.14 3193
 1249 4385 3151 63 10 1.10 1.14 3152
 1249 4673 3151 67 1 1.10 1.14 3152
 1249 4529 3151 67 1 1.10 1.14 3152
 1265 4721 3151 83 51 1300001.10 1300001.14 3152
 1265 4401 3151 83 44 1300001.10 1300001.14 3152
 1265 4705 3151 83 48 1300001.10 1300001.14 3152
 1265 4689 3151 83 48 1300001.10 1300001.14 3152
 1265 4673 3151 83 48 1300001.10 1300001.14 3152
 1265 4657 3151 83 48 1300001.10 1300001.14 3152
 1265 4641 3151 83 48 1300001.10 1300001.14 3152
 1265 4625 3151 83 45 1300001.10 1300001.14 3152
 1265 4609 3151 83 51 1300001.10 1300001.14 3152
 1265 4593 3151 83 48 1300001.10 1300001.14 3152
 1265 4577 3151 83 45 1300001.10 1300001.14 3152
 1265 4561 3151 83 50 1300001.10 1300001.14 3152
 1265 4545 3151 83 47 1300001.10 1300001.14 3152
 1265 4417 3151 83 47 1300001.10 1300001.14 3152
 1265 4433 3151 83 47 1300001.10 1300001.14 3152
 1265 4449 3151 83 47 1300001.10 1300001.14 3152
 1265 4465 3151 83 50 1300001.10 1300001.14 3152
 1265 4481 3151 83 44 1300001.10 1300001.14 3152
 1265 4497 3151 83 47 1300001.10 1300001.14 3152
 1265 4513 3151 83 47 1300001.10 1300001.14 3152
 1265 4529 3151 83 47 1300001.10 1300001.14 3152
 1265 4753 3151 74 42 1.10 1.14 3152
 1265 4737 3151 74 36 1.10 1.14 3152
 1265 4673 3151 67 1 1.10 1.14 3152
 1265 4529 3151 67 1 1.10 1.14 3152
 1265 4369 3694 70 5 1.10 -4.86 3695
 1265 4385 3694 70 6 1.10 -4.86 3695 24 1
 1281 4401 3151 83 44 1300001.10 1300001.14 3152
 1281 4417 3151 83 47 1300001.10 1300001.14 3152
 1281 4721 3151 83 49 1300001.10 1300001.14 3152
 1281 4705 3151 83 46 1300001.10 1300001.14 3152
 1281 4689 3151 83 46 1300001.10 1300001.14 3152
 1281 4673 3151 83 46 1300001.10 1300001.14 3152
 1281 4657 3151 83 46 1300001.10 1300001.14 3152
 1281 4641 3151 83 46 1300001.10 1300001.14 3152
 1281 4625 3151 83 43 1300001.10 1300001.14 3152
 1281 4609 3151 83 49 1300001.10 1300001.14 3152
 1281 4593 3151 83 46 1300001.10 1300001.14 3152
 1281 4577 3151 83 43 1300001.10 1300001.14 3152
 1281 4561 3151 83 50 1300001.10 1300001.14 3152
 1281 4545 3151 83 47 1300001.10 1300001.14 3152
 1281 4433 3151 83 47 1300001.10 1300001.14 3152
 1281 4449 3151 83 47 1300001.10 1300001.14 3152
 1281 4465 3151 83 50 1300001.10 1300001.14 3152
 1281 4481 3151 83 44 1300001.10 1300001.14 3152
 1281 4497 3151 83 47 1300001.10 1300001.14 3152
 1281 4513 3151 83 47 1300001.10 1300001.14 3152
 1281 4529 3151 83 47 1300001.10 1300001.14 3152
 1281 4753 3151 74 42 1.10 1.14 3152
 1281 4737 3151 74 36 1.10 1.14 3152
 1281 4673 3151 67 1 1.10 1.14 3152
 1281 4529 3151 67 1 1.10 1.14 3152
 1297 4401 3151 83 45 1300001.10 1300001.14 3152
 1297 4417 3151 83 48 1300001.10 1300001.14 3152
 1297 4433 3151 83 48 1300001.10 1300001.14 3152
 1297 4545 3151 83 47 1300001.10 1300001.14 3152
 1297 4449 3151 83 48 1300001.10 1300001.14 3152
 1297 4465 3151 83 51 1300001.10 1300001.14 3152
 1297 4481 3151 83 44 1300001.10 1300001.14 3152
 1297 4497 3151 83 47 1300001.10 1300001.14 3152
 1297 4513 3151 83 47 1300001.10 1300001.14 3152
 1297 4529 3151 83 47 1300001.10 1300001.14 3152
 1297 4721 3151 83 50 1300001.10 1300001.14 3152
 1297 4705 3151 83 47 1300001.10 1300001.14 3152
 1297 4689 3151 83 47 1300001.10 1300001.14 3152
 1297 4673 3151 83 47 1300001.10 1300001.14 3152
 1297 4657 3151 83 47 1300001.10 1300001.14 3152
 1297 4641 3151 83 47 1300001.10 1300001.14 3152
 1297 4625 3151 83 44 1300001.10 1300001.14 3152
 1297 4609 3151 83 50 1300001.10 1300001.14 3152
 1297 4593 3151 83 47 1300001.10 1300001.14 3152
 1297 4577 3151 83 44 1300001.10 1300001.14 3152
 1297 4561 3151 83 50 1300001.10 1300001.14 3152
 1297 4385 3151 63 10 1.10 1.14 3152
 1297 4529 3151 67 1 1.10 1.14 3152
 1297 4753 3151 74 42 1.10 1.14 3152
 1297 4737 3151 74 36 1.10 1.14 3152
 1297 4673 3151 67 1 1.10 1.14 3152
 1313 4545 3151 83 48 1300001.10 1300001.14 3152
 1313 4481 3151 83 45 1300001.10 1300001.14 3152
 1313 4497 3151 83 48 1300001.10 1300001.14 3152
 1313 4513 3151 83 48 1300001.10 1300001.14 3152
 1313 4529 3151 83 48 1300001.10 1300001.14 3152
 1313 4721 3151 83 50 1300001.10 1300001.14 3152
 1313 4705 3151 83 47 1300001.10 1300001.14 3152
 1313 4689 3151 83 47 1300001.10 1300001.14 3152
 1313 4673 3151 83 47 1300001.10 1300001.14 3152
 1313 4657 3151 83 47 1300001.10 1300001.14 3152
 1313 4641 3151 83 47 1300001.10 1300001.14 3152
 1313 4625 3151 83 44 1300001.10 1300001.14 3152
 1313 4609 3151 83 51 1300001.10 1300001.14 3152
 1313 4593 3151 83 48 1300001.10 1300001.14 3152
 1313 4577 3151 83 45 1300001.10 1300001.14 3152
 1313 4561 3151 83 51 1300001.10 1300001.14 3152
 1313 4465 3151 63 10 1.10 1.14 3152
 1313 4753 3151 74 42 1.10 1.14 3152
 1313 4737 3151 74 36 1.10 1.14 3152
 1313 4673 3151 67 1 1.10 1.14 3152
 1329 4721 3151 83 50 1300001.10 1300001.14 3152
 1329 4705 3151 83 47 1300001.10 1300001.14 3152
 1329 4689 3151 83 47 1300001.10 1300001.14 3152
 1329 4673 3151 83 47 1300001.10 1300001.14 3152
 1329 4657 3151 83 47 1300001.10 1300001.14 3152
 1329 4641 3151 83 47 1300001.10 1300001.14 3152
 1329 4625 3151 83 44 1300001.10 1300001.14 3152
 1329 4609 3151 83 49 1300001.10 1300001.14 3152
 1329 4593 3151 83 46 1300001.10 1300001.14 3152
 1329 4577 3151 83 46 1300001.10 1300001.14 3152
 1329 4561 3151 83 43 1300001.10 1300001.14 3152
 1329 4753 3151 74 42 1.10 1.14 3152
 1329 4737 3151 74 36 1.10 1.14 3152
 1329 4497 3151 61 5 1.10 1.14 3152
 1329 4417 3151 61 5 1.10 1.14 3152
 1329 4449 3151 67 1 1.10 1.14 3152
 1345 4721 3151 83 50 1300001.10 1300001.14 3152
 1345 4705 3151 83 47 1300001.10 1300001.14 3152
 1345 4689 3151 83 47 1300001.10 1300001.14 3152
 1345 4673 3151 83 47 1300001.10 1300001.14 3152
 1345 4657 3151 83 47 1300001.10 1300001.14 3152
 1345 4641 3151 83 47 1300001.10 1300001.14 3152
 1345 4625 3151 83 44 1300001.10 1300001.14 3152
 1345 4609 3151 83 50 1300001.10 1300001.14 3152
 1345 4593 3151 83 47 1300001.10 1300001.14 3152
 1345 4577 3151 83 47 1300001.10 1300001.14 3152
 1345 4561 3151 83 44 1300001.10 1300001.14 3152
 1345 4753 3151 74 42 1.10 1.14 3152
 1345 4737 3151 74 36 1.10 1.14 3152
 1345 4449 3151 67 1 1.10 1.14 3152
 1361 4721 3151 83 50 1300001.10 1300001.14 3152
 1361 4705 3151 83 47 1300001.10 1300001.14 3152
 1361 4689 3151 83 47 1300001.10 1300001.14 3152
 1361 4673 3151 83 47 1300001.10 1300001.14 3152
 1361 4657 3151 83 47 1300001.10 1300001.14 3152
 1361 4641 3151 83 47 1300001.10 1300001.14 3152
 1361 4625 3151 83 44 1300001.10 1300001.14 3152
 1361 4609 3151 83 51 1300001.10 1300001.14 3152
 1361 4593 3151 83 48 1300001.10 1300001.14 3152
 1361 4577 3151 83 48 1300001.10 1300001.14 3152
 1361 4561 3151 83 45 1300001.10 1300001.14 3152
 1361 4753 3151 74 42 1.10 1.14 3152
 1361 4737 3151 74 36 1.10 1.14 3152
 1361 4545 3151 63 10 1.10 1.14 3152
 1361 4449 3151 67 1 1.10 1.14 3152
 1377 4721 3151 83 51 1300001.10 1300001.14 3152
 1377 4705 3151 83 48 1300001.10 1300001.14 3152
 1377 4689 3151 83 48 1300001.10 1300001.14 3152
 1377 4673 3151 83 48 1300001.10 1300001.14 3152
 1377 4657 3151 83 48 1300001.10 1300001.14 3152
 1377 4641 3151 83 48 1300001.10 1300001.14 3152
 1377 4625 3151 83 45 1300001.10 1300001.14 3152
 1377 4753 3151 74 42 1.10 1.14 3152
 1377 4737 3151 74 36 1.10 1.14 3152
 1377 4609 3151 63 10 1.10 1.14 3152
 1377 4513 3151 67 1 1.10 1.14 3152
 1393 4753 3151 74 42 1.10 1.14 3152
 1393 4737 3151 74 36 1.10 1.14 3152
 1393 4513 3151 67 1 1.10 1.14 3152
 1409 4753 3151 74 42 1.10 1.14 3152
 1409 4737 3151 74 36 1.10 1.14 3152
 1409 4721 3151 54 22 1.10 1.14 3152
 1409 4513 3151 67 1 1.10 1.14 3152
 1425 4753 3151 74 42 1.10 1.14 3152
 1425 4737 3151 74 36 1.10 1.14 3152
 1441 4753 3151 74 42 1.10 1.14 3152
 1441 4737 3151 74 36 1.10 1.14 3152
 1457 4753 3151 74 42 1.10 1.14 3152
 1457 4737 3151 74 36 1.10 1.14 3152
 1473 4673 3192 51 1 1.10 1.14 3193 3
 1473 4753 3151 58 1 1.10 -4.86 3152
 1473 4737 3151 58 1 1.10 -4.86 3152
 1473 4721 3151 58 1 1.10 -4.86 3152
 1473 4705 3151 58 1 1.10 -4.86 3152
 1489 4753 3151 58 1 1.10 -4.86 3152
 1489 4737 3151 58 1 1.10 -4.86 3152
 1489 4721 3151 58 1 1.10 -4.86 3152
 1489 4705 3151 58 1 1.10 -4.86 3152
 1505 4753 3151 4 6 1400001.10 1400001.14 3152
 1505 4737 3151 4 6 1400001.10 1400001.14 3152
 1505 4721 3151 4 5 1400001.10 1400001.14 3152
 1521 4753 3151 4 6 1400001.10 1400001.14 3152
 1521 4737 3151 4 6 1400001.10 1400001.14 3152
 1521 4721 3151 4 5 1400001.10 1400001.14 3152
 1521 4673 3151 61 1 1.10 1.14 3152
 1521 4609 3151 67 1 1.10 1.14 3152
 1537 4753 3151 4 6 1400001.10 1400001.14 3152
 1537 4737 3151 4 6 1400001.10 1400001.14 3152
 1537 4721 3151 4 5 1400001.10 1400001.14 3152
 1553 4753 3151 4 6 1400001.10 1400001.14 3152
 1553 4737 3151 4 6 1400001.10 1400001.14 3152
 1553 4721 3151 4 5 1400001.10 1400001.14 3152
 1553 4657 3234 62 3 1.10 1.14 3235
 1569 4753 3151 4 6 1400001.10 1400001.14 3152
 1569 4737 3151 4 6 1400001.10 1400001.14 3152
 1569 4721 3151 4 5 1400001.10 1400001.14 3152
 1569 4609 3151 67 1 1.10 1.14 3152
 1585 4753 3151 4 6 1400001.10 1400001.14 3152
 1585 4737 3151 4 6 1400001.10 1400001.14 3152
 1585 4721 3151 4 5 1400001.10 1400001.14 3152
 1585 4737 3196 4 10 1.10 1.14 3197
 1601 4753 3151 4 6 1400001.10 1400001.14 3152
 1601 4721 3151 4 5 1400001.10 1400001.14 3152
 1601 4737 3151 4 6 1400001.10 1400001.14 3152
 1617 4753 3151 4 6 1400001.10 1400001.14 3152
 1617 4737 3151 4 6 1400001.10 1400001.14 3152
 1617 4721 3151 4 5 1400001.10 1400001.14 3152
 1617 4609 3151 67 1 1.10 1.14 3152
 1617 4673 3151 61 1 1.10 1.14 3152
 1633 4753 3151 4 6 1400001.10 1400001.14 3152
 1633 4737 3151 4 6 1400001.10 1400001.14 3152
 1633 4721 3151 4 5 1400001.10 1400001.14 3152
 1649 4753 3151 4 6 1400001.10 1400001.14 3152
 1649 4737 3151 4 6 1400001.10 1400001.14 3152
 1649 4721 3151 4 5 1400001.10 1400001.14 3152
 1649 4657 3234 62 3 1.10 1.14 3235
 1665 4753 3151 4 6 1400001.10 1400001.14 3152
 1665 4721 3151 4 5 1400001.10 1400001.14 3152
 1665 4737 3151 4 6 1400001.10 1400001.14 3152
 1665 4609 3151 67 1 1.10 1.14 3152
 1681 4753 3151 4 6 1400001.10 1400001.14 3152
 1681 4721 3151 4 5 1400001.10 1400001.14 3152
 1681 4737 3151 4 6 1400001.10 1400001.14 3152
 1697 4753 3151 4 6 1400001.10 1400001.14 3152
 1697 4721 3151 4 5 1400001.10 1400001.14 3152
 1697 4737 3151 4 6 1400001.10 1400001.14 3152
 1713 4753 3151 4 6 1400001.10 1400001.14 3152
 1713 4721 3151 4 5 1400001.10 1400001.14 3152
 1713 4737 3151 4 6 1400001.10 1400001.14 3152
 1713 4609 3151 67 1 1.10 1.14 3152
 1713 4673 3151 61 1 1.10 1.14 3152
 1729 4721 3151 4 5 1400001.10 1400001.14 3152
 1729 4737 3151 4 6 1400001.10 1400001.14 3152
 1729 4753 3151 4 6 1400001.10 1400001.14 3152
 1745 4721 3151 4 5 1400001.10 1400001.14 3152
 1745 4737 3151 4 6 1400001.10 1400001.14 3152
 1745 4753 3151 4 6 1400001.10 1400001.14 3152
 1745 4657 3234 62 3 1.10 1.14 3235
 1761 4721 3151 4 5 1400001.10 1400001.14 3152
 1761 4737 3151 4 6 1400001.10 1400001.14 3152
 1761 4753 3151 4 6 1400001.10 1400001.14 3152
 1761 4609 3151 67 1 1.10 1.14 3152
 1777 4721 3151 4 5 1400001.10 1400001.14 3152
 1777 4737 3151 4 6 1400001.10 1400001.14 3152
 1777 4753 3151 4 6 1400001.10 1400001.14 3152
 1793 4721 3151 4 5 1400001.10 1400001.14 3152
 1793 4737 3151 4 6 1400001.10 1400001.14 3152
 1793 4753 3151 4 6 1400001.10 1400001.14 3152
 1809 4721 3151 4 5 1400001.10 1400001.14 3152
 1809 4737 3151 4 6 1400001.10 1400001.14 3152
 1809 4753 3151 4 6 1400001.10 1400001.14 3152
 1809 4609 3151 67 1 1.10 1.14 3152
 1809 4673 3151 61 1 1.10 1.14 3152
 1825 4721 3151 4 5 1400001.10 1400001.14 3152
 1825 4737 3151 4 6 1400001.10 1400001.14 3152
 1825 4753 3151 4 6 1400001.10 1400001.14 3152
 1841 4705 3151 58 1 1.10 -4.86 3152
 1841 4721 3151 58 1 1.10 -4.86 3152
 1841 4737 3151 58 1 1.10 -4.86 3152
 1841 4753 3151 58 1 1.10 -4.86 3152
 1857 4705 3151 58 1 1.10 -4.86 3152
 1857 4721 3151 58 1 1.10 -4.86 3152
 1857 4753 3151 58 1 1.10 -4.86 3152
 1857 4737 3151 58 1 1.10 -4.86 3152
 1873 4737 3151 74 36 1.10 1.14 3152
 1873 4753 3151 74 42 1.10 1.14 3152
 1873 4721 3151 60 1 1.10 1.14 3152
 1873 4705 3151 60 8 1.10 1.14 3152
 1889 4737 3151 74 36 1.10 1.14 3152
 1889 4753 3151 74 42 1.10 1.14 3152
 1889 4721 3151 60 1 1.10 1.14 3152
 1905 4737 3151 74 36 1.10 1.14 3152
 1905 4753 3151 74 42 1.10 1.14 3152
 1921 4737 3151 74 36 1.10 1.14 3152
 1921 4753 3151 74 42 1.10 1.14 3152
 1937 4737 3151 74 36 1.10 1.14 3152
 1937 4753 3151 74 42 1.10 1.14 3152
 1953 4737 3151 74 36 1.10 1.14 3152
 1953 4753 3151 74 42 1.10 1.14 3152
 1969 4737 3151 74 36 1.10 1.14 3152
 1969 4753 3151 74 42 1.10 1.14 3152
 1985 4737 3151 74 36 1.10 1.14 3152
 1985 4753 3151 74 42 1.10 1.14 3152
 2001 4721 3151 74 49 1.10 1.14 3152
 2001 4737 3151 74 39 1.10 1.14 3152
 2001 4753 3151 74 42 1.10 1.14 3152
 2017 4721 3151 74 50 1.10 1.14 3152
 2017 4737 3151 74 39 1.10 1.14 3152
 2017 4753 3151 74 42 1.10 1.14 3152
 2033 4721 3151 74 51 1.10 1.14 3152
 2033 4737 3151 74 39 1.10 1.14 3152
 2033 4753 3151 74 42 1.10 1.14 3152
 2049 4753 3151 74 42 1.10 1.14 3152
 2049 4721 3151 74 52 1.10 1.14 3152
 2049 4737 3151 74 39 1.10 1.14 3152
 2065 4753 3151 63 24 1.10 1.14 3152
 2065 4737 3151 63 23 1.10 1.14 3152
 2065 4705 3151 80 2 -8.90 -8.86 3152
 2081 4753 3151 63 24 1.10 1.14 3152
 2081 4737 3151 63 23 1.10 1.14 3152
 2097 4753 3151 63 24 1.10 1.14 3152
 2097 4737 3151 63 23 1.10 1.14 3152
 2113 4753 3151 63 24 1.10 1.14 3152
 2113 4737 3151 63 23 1.10 1.14 3152
 2129 4753 3151 63 24 1.10 1.14 3152
 2129 4737 3151 63 23 1.10 1.14 3152
 2145 4753 3151 63 24 1.10 1.14 3152
 2145 4737 3151 63 23 1.10 1.14 3152
 2161 4753 3151 63 24 1.10 1.14 3152
 2161 4737 3151 63 23 1.10 1.14 3152
 2161 4689 3192 53 11 1.10 1.14 3193
 2161 4705 3151 80 4 -8.90 -8.86 3152
 2177 4753 3151 63 24 1.10 1.14 3152
 2177 4737 3151 63 23 1.10 1.14 3152
 2193 4753 3151 63 24 1.10 1.14 3152
 2193 4737 3151 63 23 1.10 1.14 3152
 2193 4705 3151 80 2 -8.90 -8.86 3152
 2209 4753 3151 63 24 1.10 1.14 3152
 2209 4737 3151 63 23 1.10 1.14 3152
 2225 4753 3151 63 24 1.10 1.14 3152
 2225 4737 3151 63 23 1.10 1.14 3152
 2241 4753 3151 63 24 1.10 1.14 3152
 2241 4737 3151 63 23 1.10 1.14 3152
 2257 4753 3151 63 24 1.10 1.14 3152
 2257 4737 3151 63 23 1.10 1.14 3152
 2273 4753 3151 63 24 1.10 1.14 3152
 2273 4737 3151 63 23 1.10 1.14 3152
 2289 4753 3151 63 24 1.10 1.14 3152
 2289 4737 3151 63 23 1.10 1.14 3152
 2289 4689 3192 53 11 1.10 1.14 3193
 2289 4705 3151 80 4 -8.90 -8.86 3152
 2305 4753 3151 63 24 1.10 1.14 3152
 2305 4737 3151 63 23 1.10 1.14 3152
 2321 4753 3151 74 42 1.10 1.14 3152
 2321 4737 3151 74 36 1.10 1.14 3152
 2337 4753 3151 74 42 1.10 1.14 3152
 2337 4737 3151 74 36 1.10 1.14 3152
 2337 4721 3151 67 1 1.10 1.14 3152
 2337 4705 3151 67 1 1.10 1.14 3152
 2337 4689 3151 67 1 1.10 1.14 3152
 2353 4753 3151 74 42 1.10 1.14 3152
 2353 4737 3151 74 39 1.10 1.14 3152
 2353 4689 3151 67 1 1.10 1.14 3152
 2353 4721 3694 70 6 1.10 -4.86 3695 23 2
 2353 4705 3694 70 5 1.10 -4.86 3695
 2369 4753 3151 74 42 1.10 1.14 3152
 2369 4737 3151 74 39 1.10 1.14 3152
 2369 4689 3151 67 1 1.10 1.14 3152
 2385 4753 3151 74 43 1.10 1.14 3152
 2385 4737 3151 74 37 1.10 1.14 3152
 2385 4689 3151 67 1 1.10 1.14 3152
 2385 4705 3151 67 1 1.10 1.14 3152
 2385 4721 3151 67 1 1.10 1.14 3152
 2641 4737 3151 74 35 1.10 1.14 3152
 2641 4753 3151 74 41 1.10 1.14 3152
 2657 4737 3151 74 36 1.10 1.14 3152
 2657 4753 3151 74 42 1.10 1.14 3152
 2673 4753 3151 74 42 1.10 1.14 3152
 2673 4737 3151 74 39 1.10 1.14 3152
 2673 4705 3694 69 5 1.10 -4.86 3695
 2673 4721 3694 70 21 1.10 -5.86 3695 2
 2689 4753 3151 74 42 1.10 1.14 3152
 2689 4737 3151 74 39 1.10 1.14 3152
 2705 4737 3151 74 36 1.10 1.14 3152
 2705 4753 3151 74 42 1.10 1.14 3152
 2721 4737 3151 74 36 1.10 1.14 3152
 2721 4753 3151 74 42 1.10 1.14 3152
 2737 4737 3151 74 36 1.10 1.14 3152
 2737 4753 3151 74 42 1.10 1.14 3152
 2753 4737 3151 74 36 1.10 1.14 3152
 2753 4753 3151 74 42 1.10 1.14 3152
 2769 4737 3151 74 36 1.10 1.14 3152
 2769 4753 3151 74 42 1.10 1.14 3152
 2785 4737 3151 74 36 1.10 1.14 3152
 2785 4753 3151 74 42 1.10 1.14 3152
 2801 4737 3151 74 36 1.10 1.14 3152
 2801 4753 3151 74 42 1.10 1.14 3152
 2817 4737 3151 74 36 1.10 1.14 3152
 2817 4753 3151 74 42 1.10 1.14 3152
 2833 4737 3151 74 36 1.10 1.14 3152
 2833 4753 3151 74 42 1.10 1.14 3152
 2849 4577 3645 68 1 1.10 11.14 3646
 2849 4737 3151 74 36 1.10 1.14 3152
 2849 4753 3151 74 42 1.10 1.14 3152
 2865 4737 3151 74 36 1.10 1.14 3152
 2865 4753 3151 74 42 1.10 1.14 3152
 2881 4737 3151 74 36 1.10 1.14 3152
 2881 4753 3151 74 42 1.10 1.14 3152
 2897 4737 3151 74 36 1.10 1.14 3152
 2897 4753 3151 74 42 1.10 1.14 3152
 2913 4737 3151 74 36 1.10 1.14 3152
 2913 4753 3151 74 42 1.10 1.14 3152
 2929 4641 3195 68 2 1.10 11.14 3196
 2929 4737 3151 74 36 1.10 1.14 3152
 2929 4753 3151 74 42 1.10 1.14 3152
 2945 4737 3151 74 36 1.10 1.14 3152
 2945 4753 3151 74 42 1.10 1.14 3152
 2961 4737 3151 74 36 1.10 1.14 3152
 2961 4753 3151 74 42 1.10 1.14 3152
 2977 4737 3151 74 36 1.10 1.14 3152
 2977 4753 3151 74 42 1.10 1.14 3152
 2993 4737 3151 74 36 1.10 1.14 3152
 2993 4753 3151 74 42 1.10 1.14 3152
 3009 4737 3151 74 36 1.10 1.14 3152
 3009 4753 3151 74 42 1.10 1.14 3152
 3025 4737 3151 74 36 1.10 1.14 3152
 3025 4753 3151 74 42 1.10 1.14 3152
 3041 4737 3151 74 36 1.10 1.14 3152
 3041 4753 3151 74 42 1.10 1.14 3152
 3057 4737 3151 74 36 1.10 1.14 3152
 3057 4753 3151 74 42 1.10 1.14 3152
 3073 4689 3151 81 1 -999998.90 -18.86 3152
