 -10 239 3434 0.42 1 1 2 1 1 2 2 301 0.42 1
-1
-1
-1
-1
-1
-1
-1
-1
-1
-1
-1
-1
-1
-1
-1
-1
-1
-1
-1
-1
-1
-1
y0
VoiD
 1 4753 3151 83 2 1.10 1.14 3152
 17 4721 3192 51 1 1.10 1.14 3193 1
 17 4753 3151 83 2 1.10 1.14 3152
 33 4753 3151 83 2 1.10 1.14 3152
 49 4753 3151 83 2 1.10 1.14 3152
 65 4737 3151 90 6 1.10 1.14 3152
 65 4753 3151 83 2 1.10 1.14 3152
 65 4737 3151 67 10 0.10 0.14 3152
 81 4753 3151 83 2 1.10 1.14 3152
 97 4753 3151 83 2 1.10 1.14 3152
 113 4753 3151 83 2 1.10 1.14 3152
 129 4689 3151 60 1 1.10 1.14 3152
 129 4753 3151 83 2 1.10 1.14 3152
 145 4689 3151 60 1 1.10 1.14 3152
 145 4753 3151 83 2 1.10 1.14 3152
 161 4689 3151 60 1 1.10 1.14 3152
 161 4721 3192 53 14 1.10 1.14 3193
 161 4753 3151 83 2 1.10 1.14 3152
 177 4689 3151 60 1 1.10 1.14 3152
 177 4753 3151 83 2 1.10 1.14 3152
 193 4689 3151 60 1 1.10 1.14 3152
 193 4657 3192 53 14 1.10 1.14 3193
 193 4753 3151 83 2 1.10 1.14 3152
 209 4689 3151 60 14 1.10 1.14 3152
 209 4753 3151 83 2 1.10 1.14 3152
 225 4753 3151 83 2 1.10 1.14 3152
 241 4753 3151 83 2 1.10 1.14 3152
 257 4657 3151 81 1 -999998.90 -18.86 3152
