 -10 240 691 0.42 1 1 1 1 1 2 2 301 0.42 1
-1
-1
-1
-1
-1
-1
-1
-1
-1
-1
-1
-1
-1
-1
-1
-1
-1
-1
-1
-1
-1
-1
y0
Area 3
 1 4721 3151 4 1 1400001.10 1400001.14 3152
 1 4737 3151 4 2 1400001.10 1400001.14 3152
 1 4753 3151 73 14 1.10 -4.86 3152
 17 4721 3151 4 1 1400001.10 1400001.14 3152
 17 4737 3151 4 2 1400001.10 1400001.14 3152
 17 4753 3151 73 14 1.10 -4.86 3152
 33 4721 3151 4 1 1400001.10 1400001.14 3152
 33 4737 3151 4 2 1400001.10 1400001.14 3152
 33 4753 3151 73 14 1.10 -4.86 3152
 49 4737 3151 4 2 1400001.10 1400001.14 3152
 49 4721 3151 4 1 1400001.10 1400001.14 3152
 49 4753 3151 73 14 1.10 -4.86 3152
 65 4721 3151 4 1 1400001.10 1400001.14 3152
 65 4737 3151 4 2 1400001.10 1400001.14 3152
 65 4753 3151 73 14 1.10 -4.86 3152
 81 4737 3151 4 2 1400001.10 1400001.14 3152
 81 4721 3151 4 1 1400001.10 1400001.14 3152
 81 4753 3151 73 14 1.10 -4.86 3152
 81 4705 3694 69 9 1.10 -4.86 3695
 81 4721 3694 69 10 1.10 -4.86 3695
 81 4737 3694 70 25 1.10 -5.86 3695 1
 97 4737 3151 4 2 1400001.10 1400001.14 3152
 97 4721 3151 4 1 1400001.10 1400001.14 3152
 97 4753 3151 73 14 1.10 -4.86 3152
 113 4721 3151 4 1 1400001.10 1400001.14 3152
 113 4737 3151 4 2 1400001.10 1400001.14 3152
 113 4753 3151 73 14 1.10 -4.86 3152
 129 4721 3151 4 1 1400001.10 1400001.14 3152
 129 4737 3151 4 2 1400001.10 1400001.14 3152
 129 4753 3151 73 14 1.10 -4.86 3152
 145 4721 3151 4 1 1400001.10 1400001.14 3152
 145 4737 3151 4 2 1400001.10 1400001.14 3152
 145 4753 3151 73 14 1.10 -4.86 3152
 161 4721 3151 4 1 1400001.10 1400001.14 3152
 161 4737 3151 4 2 1400001.10 1400001.14 3152
 161 4753 3151 73 14 1.10 -4.86 3152
 177 4721 3151 4 1 1400001.10 1400001.14 3152
 177 4737 3151 4 2 1400001.10 1400001.14 3152
 177 4753 3151 73 14 1.10 -4.86 3152
 193 4721 3151 4 1 1400001.10 1400001.14 3152
 193 4737 3151 4 2 1400001.10 1400001.14 3152
 193 4753 3151 73 14 1.10 -4.86 3152
 209 4721 3151 4 1 1400001.10 1400001.14 3152
 209 4737 3151 4 2 1400001.10 1400001.14 3152
 209 4753 3151 73 14 1.10 -4.86 3152
 225 4721 3151 4 1 1400001.10 1400001.14 3152
 225 4737 3151 4 2 1400001.10 1400001.14 3152
 225 4753 3151 73 14 1.10 -4.86 3152
 241 4721 3151 4 1 1400001.10 1400001.14 3152
 241 4737 3151 4 2 1400001.10 1400001.14 3152
 241 4753 3151 73 14 1.10 -4.86 3152
 257 4721 3151 4 1 1400001.10 1400001.14 3152
 257 4737 3151 4 2 1400001.10 1400001.14 3152
 257 4753 3151 73 14 1.10 -4.86 3152
 273 4721 3151 4 1 1400001.10 1400001.14 3152
 273 4737 3151 4 2 1400001.10 1400001.14 3152
 273 4753 3151 73 14 1.10 -4.86 3152
 289 4721 3151 4 1 1400001.10 1400001.14 3152
 289 4737 3151 4 2 1400001.10 1400001.14 3152
 289 4753 3151 73 14 1.10 -4.86 3152
 305 4689 3151 67 1 1.10 1.14 3152
 305 4753 3151 73 16 1.10 -4.86 3152
 305 4737 3151 73 16 1.10 -4.86 3152
 305 4721 3151 73 16 1.10 -4.86 3152
 305 4705 3151 73 13 1.10 -4.86 3152
 321 4721 3151 73 17 1.10 1.14 3152
 321 4737 3151 73 17 1.10 1.14 3152
 321 4753 3151 73 17 1.10 1.14 3152
 321 4689 3151 67 1 1.10 1.14 3152
 321 4705 3151 73 14 1.10 -4.86 3152
 337 4641 3151 59 13 1.10 1.14 3152
 337 4721 3151 73 17 1.10 1.14 3152
 337 4737 3151 73 17 1.10 1.14 3152
 337 4753 3151 73 17 1.10 1.14 3152
 337 4689 3151 67 1 1.10 1.14 3152
 337 4705 3151 73 14 1.10 -4.86 3152
 353 4721 3151 73 17 1.10 1.14 3152
 353 4737 3151 73 17 1.10 1.14 3152
 353 4753 3151 73 17 1.10 1.14 3152
 353 4689 3151 67 1 1.10 1.14 3152
 353 4705 3151 73 14 1.10 -4.86 3152
 369 4721 3151 73 17 1.10 1.14 3152
 369 4737 3151 73 17 1.10 1.14 3152
 369 4753 3151 73 17 1.10 1.14 3152
 369 4689 3151 67 1 1.10 1.14 3152
 369 4705 3151 73 14 1.10 -4.86 3152
 385 4689 3151 67 1 1.10 1.14 3152
 385 4753 3151 73 18 1.10 -4.86 3152
 385 4737 3151 73 18 1.10 -4.86 3152
 385 4721 3151 73 18 1.10 -4.86 3152
 385 4705 3151 73 15 1.10 -4.86 3152
 401 4737 3151 72 35 1.10 -4.86 3152
 401 4753 3151 72 35 1.10 -4.86 3152
 401 4721 3151 72 31 1.10 -4.86 3152
 417 4753 3151 73 16 1.10 -4.86 3152
 417 4737 3151 73 13 1.10 -4.86 3152
 433 4753 3151 73 17 1.10 1.14 3152
 433 4737 3151 73 14 1.10 -4.86 3152
 449 4753 3151 73 17 1.10 1.14 3152
 449 4737 3151 73 14 1.10 -4.86 3152
 465 4753 3151 73 17 1.10 1.14 3152
 465 4737 3151 73 14 1.10 -4.86 3152
 481 4753 3151 73 17 1.10 1.14 3152
 481 4737 3151 73 14 1.10 -4.86 3152
 497 4753 3151 73 17 1.10 1.14 3152
 497 4737 3151 73 14 1.10 -4.86 3152
 513 4577 3645 68 1 1.10 11.14 3646
 513 4753 3151 73 17 1.10 1.14 3152
 513 4737 3151 73 14 1.10 -4.86 3152
 529 4753 3151 73 17 1.10 1.14 3152
 529 4737 3151 73 14 1.10 -4.86 3152
 545 4753 3151 73 17 1.10 1.14 3152
 545 4737 3151 73 14 1.10 -4.86 3152
 561 4753 3151 73 17 1.10 1.14 3152
 561 4737 3151 73 14 1.10 -4.86 3152
 577 4753 3151 73 17 1.10 1.14 3152
 577 4737 3151 73 14 1.10 -4.86 3152
 593 4641 3195 68 2 1.10 11.14 3196
 593 4753 3151 73 17 1.10 1.14 3152
 593 4737 3151 73 14 1.10 -4.86 3152
 609 4753 3151 73 17 1.10 1.14 3152
 609 4737 3151 73 14 1.10 -4.86 3152
 625 4753 3151 73 17 1.10 1.14 3152
 625 4737 3151 73 14 1.10 -4.86 3152
 641 4753 3151 73 17 1.10 1.14 3152
 641 4737 3151 73 14 1.10 -4.86 3152
 657 4753 3151 73 17 1.10 1.14 3152
 657 4737 3151 73 14 1.10 -4.86 3152
 673 4753 3151 73 17 1.10 1.14 3152
 673 4737 3151 73 14 1.10 -4.86 3152
 689 4753 3151 73 17 1.10 1.14 3152
 689 4737 3151 73 14 1.10 -4.86 3152
 705 4753 3151 73 17 1.10 1.14 3152
 705 4737 3151 73 14 1.10 -4.86 3152
 721 4753 3151 73 17 1.10 1.14 3152
 721 4737 3151 73 14 1.10 -4.86 3152
 737 4689 3151 81 1 -999998.90 -18.86 3152
