 -10 269 3423 0.42 2 1 1 2 1 2 2 301 0.42 1
-1
-1
-1
-1
-1
-1
-1
-1
-1
-1
-1
-1
-1
-1
-1
-1
-1
-1
-1
-1
-1
-1
y0
Doom Ship
 65 4545 3151 88 7 1.10 1.14 3152
 81 4513 3192 51 1 1.10 1.14 3193 1
 81 4545 3151 88 2 1.10 1.14 3152
 81 4561 3151 88 8 1.10 1.14 3152
 97 4545 3151 88 3 1.10 1.14 3152
 97 4561 3151 88 9 1.10 1.14 3152
 113 4545 3151 88 2 1.10 1.14 3152
 113 4577 3151 88 8 1.10 1.14 3152
 113 4561 3151 88 2 1.10 1.14 3152
 129 4545 3151 88 3 1.10 1.14 3152
 129 4577 3151 88 9 1.10 1.14 3152
 129 4561 3151 88 2 1.10 1.14 3152
 145 4545 3151 88 2 1.10 1.14 3152
 145 4593 3151 88 8 1.10 1.14 3152
 145 4577 3151 88 2 1.10 1.14 3152
 145 4561 3151 88 5 1.10 1.14 3152
 161 4545 3151 88 3 1.10 1.14 3152
 161 4593 3151 88 9 1.10 1.14 3152
 161 4577 3151 88 2 1.10 1.14 3152
 161 4561 3151 88 2 1.10 1.14 3152
 177 4529 3151 57 4 1.10 1.14 3152
 177 4545 3151 88 2 1.10 1.14 3152
 177 4593 3151 88 2 1.10 1.14 3152
 177 4577 3151 88 2 1.10 1.14 3152
 177 4561 3151 88 2 1.10 1.14 3152
 193 4545 3151 88 2 1.10 1.14 3152
 193 4593 3151 88 3 1.10 1.14 3152
 193 4577 3151 88 2 1.10 1.14 3152
 193 4561 3151 88 5 1.10 1.14 3152
 209 4545 3151 88 2 1.10 1.14 3152
 209 4593 3151 88 2 1.10 1.14 3152
 209 4577 3151 88 2 1.10 1.14 3152
 209 4561 3151 88 2 1.10 1.14 3152
 225 4465 3151 59 6 1.10 1.14 3152
 225 4529 3151 57 4 1.10 1.14 3152
 225 4545 3151 88 2 1.10 1.14 3152
 225 4609 3151 88 10 1.10 1.14 3152
 225 4593 3151 88 3 1.10 1.14 3152
 225 4577 3151 88 2 1.10 1.14 3152
 225 4561 3151 88 2 1.10 1.14 3152
 241 4545 3151 88 2 1.10 1.14 3152
 241 4609 3151 88 11 1.10 1.14 3152
 241 4593 3151 88 2 1.10 1.14 3152
 241 4577 3151 88 2 1.10 1.14 3152
 241 4561 3151 88 2 1.10 1.14 3152
 257 4545 3151 88 19 1.10 1.14 3152
 257 4609 3151 88 12 1.10 1.14 3152
 257 4593 3151 88 25 1.10 1.14 3152
 257 4577 3151 88 23 1.10 1.14 3152
 257 4561 3151 88 21 1.10 1.14 3152
 273 4529 3151 88 32 1.10 1.14 3152
 273 4545 3151 88 20 1.10 1.14 3152
 273 4609 3151 88 12 1.10 1.14 3152
 273 4593 3151 88 26 1.10 1.14 3152
 273 4577 3151 88 24 1.10 1.14 3152
 273 4561 3151 88 22 1.10 1.14 3152
 289 4481 3151 88 32 1.10 1.14 3152
 289 4609 3151 88 12 1.10 1.14 3152
 289 4497 3151 88 15 1.10 1.14 3152
 289 4513 3151 88 18 1.10 1.14 3152
 289 4529 3151 88 33 1.10 1.14 3152
 289 4593 3151 88 1 1.10 1.14 3152
 289 4577 3151 88 1 1.10 1.14 3152
 289 4561 3151 88 3 1.10 1.14 3152
 305 4497 3151 88 52 1100001.10 1100001.14 3152
 305 4513 3151 88 55 1100001.10 1100001.14 3152
 305 4529 3151 88 55 1100001.10 1100001.14 3152
 305 4545 3151 88 55 1100001.10 1100001.14 3152
 305 4481 3151 88 2 1.10 1.14 3152
 305 4609 3151 88 12 1.10 1.14 3152
 305 4593 3151 88 2 1.10 1.14 3152
 305 4577 3151 88 2 1.10 1.14 3152
 305 4561 3151 88 4 1.10 1.14 3152
 321 4497 3151 88 53 1100001.10 1100001.14 3152
 321 4481 3151 88 3 1.10 1.14 3152
 321 4609 3151 88 12 1.10 1.14 3152
 321 4593 3151 88 3 1.10 1.14 3152
 321 4577 3151 88 3 1.10 1.14 3152
 321 4513 3151 59 21 1.10 1.14 3152
 337 4497 3151 88 53 1100001.10 1100001.14 3152
 337 4481 3151 88 2 1.10 1.14 3152
 337 4609 3151 88 12 1.10 1.14 3152
 337 4593 3151 88 2 1.10 1.14 3152
 337 4577 3151 88 2 1.10 1.14 3152
 353 4497 3151 88 54 1100001.10 1100001.14 3152
 353 4513 3151 88 56 1100001.10 1100001.14 3152
 353 4529 3151 88 56 1100001.10 1100001.14 3152
 353 4545 3151 88 56 1100001.10 1100001.14 3152
 353 4481 3151 88 4 1.10 1.14 3152
 353 4609 3151 88 12 1.10 1.14 3152
 353 4593 3151 88 3 1.10 1.14 3152
 353 4577 3151 88 3 1.10 1.14 3152
 353 4561 3151 88 1 1.10 1.14 3152
 369 4609 3151 88 12 1.10 1.14 3152
 369 4593 3151 88 2 1.10 1.14 3152
 369 4577 3151 88 2 1.10 1.14 3152
 369 4561 3151 88 2 1.10 1.14 3152
 385 4609 3151 88 12 1.10 1.14 3152
 385 4593 3151 88 3 1.10 1.14 3152
 385 4577 3151 88 3 1.10 1.14 3152
 385 4561 3151 88 3 1.10 1.14 3152
 401 4609 3151 88 12 1.10 1.14 3152
 401 4593 3151 88 2 1.10 1.14 3152
 401 4577 3151 88 2 1.10 1.14 3152
 401 4561 3151 88 2 1.10 1.14 3152
 417 4609 3151 88 12 1.10 1.14 3152
 417 4593 3151 88 3 1.10 1.14 3152
 417 4577 3151 88 3 1.10 1.14 3152
 417 4561 3151 88 3 1.10 1.14 3152
 433 4609 3151 88 12 1.10 1.14 3152
 433 4593 3151 88 2 1.10 1.14 3152
 433 4577 3151 88 2 1.10 1.14 3152
 433 4561 3151 88 2 1.10 1.14 3152
 449 4609 3151 88 12 1.10 1.14 3152
 449 4593 3151 88 3 1.10 1.14 3152
 449 4577 3151 88 3 1.10 1.14 3152
 449 4561 3151 88 3 1.10 1.14 3152
 465 4609 3151 88 12 1.10 1.14 3152
 465 4593 3151 88 2 1.10 1.14 3152
 465 4577 3151 88 2 1.10 1.14 3152
 465 4561 3151 88 2 1.10 1.14 3152
 481 4609 3151 88 14 1.10 1.14 3152
 481 4593 3151 88 3 1.10 1.14 3152
 481 4577 3151 88 3 1.10 1.14 3152
 481 4561 3151 88 3 1.10 1.14 3152
 497 4609 3151 88 67 1.10 1.14 3152
 497 4593 3151 88 4 1.10 1.14 3152
 497 4577 3151 88 3 1.10 1.14 3152
 497 4561 3151 88 3 1.10 1.14 3152
 513 4609 3151 88 66 11.10 11.14 3152
 513 4577 3151 88 4 1.10 1.14 3152
 513 4561 3151 88 3 1.10 1.14 3152
 529 4609 3151 88 62 11.10 11.14 3152
 529 4561 3151 88 4 1.10 1.14 3152
 593 4513 3151 88 7 1.10 1.14 3152
 609 4529 3151 57 13 1.10 1.14 3152
 609 4513 3151 88 2 1.10 1.14 3152
 625 4545 3151 88 7 1.10 1.14 3152
 625 4529 3151 88 2 1.10 1.14 3152
 625 4513 3151 88 2 1.10 1.14 3152
 641 4561 3151 88 8 1.10 1.14 3152
 641 4545 3151 88 2 1.10 1.14 3152
 641 4529 3151 88 2 1.10 1.14 3152
 641 4513 3151 88 2 1.10 1.14 3152
 657 4561 3151 88 9 1.10 1.14 3152
 657 4545 3151 88 2 1.10 1.14 3152
 657 4529 3151 88 2 1.10 1.14 3152
 657 4513 3151 88 2 1.10 1.14 3152
 673 4577 3151 88 8 1.10 1.14 3152
 673 4561 3151 88 2 1.10 1.14 3152
 673 4545 3151 88 2 1.10 1.14 3152
 673 4529 3151 88 2 1.10 1.14 3152
 673 4513 3151 88 2 1.10 1.14 3152
 689 4577 3151 88 9 1.10 1.14 3152
 689 4561 3151 88 2 1.10 1.14 3152
 689 4545 3151 88 2 1.10 1.14 3152
 689 4529 3151 88 2 1.10 1.14 3152
 689 4513 3151 88 2 1.10 1.14 3152
 705 4353 3151 88 1 1.10 1.14 3152
 705 4577 3151 88 2 1.10 1.14 3152
 705 4561 3151 88 2 1.10 1.14 3152
 705 4545 3151 88 2 1.10 1.14 3152
 705 4529 3151 88 2 1.10 1.14 3152
 705 4513 3151 88 2 1.10 1.14 3152
 705 4481 3192 57 2 1.10 1.14 3193
 721 4353 3151 88 2 1.10 1.14 3152
 721 4577 3151 88 2 1.10 1.14 3152
 721 4561 3151 88 2 1.10 1.14 3152
 721 4545 3151 88 2 1.10 1.14 3152
 721 4529 3151 88 2 1.10 1.14 3152
 721 4513 3151 88 2 1.10 1.14 3152
 737 4353 3151 88 3 1.10 1.14 3152
 737 4577 3151 88 2 1.10 1.14 3152
 737 4561 3151 88 2 1.10 1.14 3152
 737 4545 3151 88 2 1.10 1.14 3152
 737 4529 3151 88 2 1.10 1.14 3152
 737 4513 3151 88 4 1.10 1.14 3152
 753 4353 3151 88 2 1.10 1.14 3152
 753 4577 3151 88 2 1.10 1.14 3152
 753 4561 3151 88 2 1.10 1.14 3152
 753 4545 3151 88 2 1.10 1.14 3152
 753 4529 3151 88 2 1.10 1.14 3152
 753 4513 3151 57 9 1.10 1.14 3152
 769 4353 3151 88 3 1.10 1.14 3152
 769 4577 3151 88 2 1.10 1.14 3152
 769 4561 3151 88 2 1.10 1.14 3152
 769 4545 3151 88 2 1.10 1.14 3152
 769 4529 3151 88 2 1.10 1.14 3152
 785 4353 3151 88 3 1.10 1.14 3152
 785 4577 3151 88 2 1.10 1.14 3152
 785 4561 3151 88 2 1.10 1.14 3152
 785 4545 3151 88 2 1.10 1.14 3152
 785 4529 3151 88 2 1.10 1.14 3152
 801 4353 3151 88 2 1.10 1.14 3152
 801 4577 3151 88 2 1.10 1.14 3152
 801 4561 3151 88 2 1.10 1.14 3152
 801 4545 3151 88 2 1.10 1.14 3152
 801 4529 3151 88 2 1.10 1.14 3152
 817 4353 3151 88 3 1.10 1.14 3152
 817 4577 3151 88 2 1.10 1.14 3152
 817 4561 3151 88 2 1.10 1.14 3152
 817 4545 3151 88 2 1.10 1.14 3152
 817 4529 3151 88 2 1.10 1.14 3152
 833 4353 3151 88 2 1.10 1.14 3152
 833 4369 3151 88 1 1.10 1.14 3152
 833 4577 3151 88 2 1.10 1.14 3152
 833 4545 3151 88 2 1.10 1.14 3152
 833 4529 3151 88 2 1.10 1.14 3152
 833 4561 3151 88 2 1.10 1.14 3152
 849 4353 3151 88 2 1.10 1.14 3152
 849 4369 3151 88 2 1.10 1.14 3152
 849 4385 3151 57 7 1.10 1.14 3152
 849 4577 3151 88 2 1.10 1.14 3152
 849 4545 3151 88 2 1.10 1.14 3152
 849 4529 3151 88 2 1.10 1.14 3152
 849 4561 3151 88 2 1.10 1.14 3152
 865 4353 3151 88 3 1.10 1.14 3152
 865 4369 3151 88 3 1.10 1.14 3152
 865 4577 3151 88 2 1.10 1.14 3152
 865 4545 3151 88 2 1.10 1.14 3152
 865 4529 3151 88 2 1.10 1.14 3152
 865 4561 3151 88 2 1.10 1.14 3152
 881 4353 3151 88 2 1.10 1.14 3152
 881 4369 3151 88 2 1.10 1.14 3152
 881 4577 3151 88 4 1.10 1.14 3152
 881 4545 3151 88 2 1.10 1.14 3152
 881 4529 3151 88 2 1.10 1.14 3152
 881 4561 3151 88 2 1.10 1.14 3152
 897 4353 3151 88 3 1.10 1.14 3152
 897 4369 3151 88 3 1.10 1.14 3152
 897 4577 3151 88 67 1.10 1.14 3152
 897 4545 3151 88 2 1.10 1.14 3152
 897 4529 3151 88 2 1.10 1.14 3152
 897 4561 3151 88 2 1.10 1.14 3152
 913 4577 3151 88 66 11.10 11.14 3152
 913 4353 3151 88 19 1.10 1.14 3152
 913 4369 3151 88 21 1.10 1.14 3152
 913 4385 3151 88 23 1.10 1.14 3152
 913 4401 3151 88 25 1.10 1.14 3152
 913 4545 3151 88 2 1.10 1.14 3152
 913 4529 3151 88 2 1.10 1.14 3152
 913 4561 3151 88 4 1.10 1.14 3152
 913 4417 3196 57 12 1.10 1.14 3197
 929 4577 3151 88 66 11.10 11.14 3152
 929 4353 3151 88 20 1.10 1.14 3152
 929 4369 3151 88 22 1.10 1.14 3152
 929 4385 3151 88 24 1.10 1.14 3152
 929 4401 3151 88 26 1.10 1.14 3152
 929 4545 3151 88 2 1.10 1.14 3152
 929 4529 3151 88 2 1.10 1.14 3152
 945 4481 3151 88 34 1300001.10 1300001.14 3152
 945 4497 3151 88 37 1300001.10 1300001.14 3152
 945 4513 3151 88 40 1300001.10 1300001.14 3152
 945 4577 3151 88 66 11.10 11.14 3152
 945 4353 3151 88 3 1.10 1.14 3152
 945 4369 3151 88 2 1.10 1.14 3152
 945 4545 3151 88 4 1.10 1.14 3152
 945 4529 3151 88 2 1.10 1.14 3152
 961 4481 3151 88 35 1300001.10 1300001.14 3152
 961 4497 3151 88 38 1300001.10 1300001.14 3152
 961 4513 3151 88 41 1300001.10 1300001.14 3152
 961 4577 3151 88 62 11.10 11.14 3152
 961 4353 3151 88 2 1.10 1.14 3152
 961 4369 3151 88 3 1.10 1.14 3152
 961 4433 3151 59 1 1.10 1.14 3152
 961 4529 3151 88 2 1.10 1.14 3152
 977 4433 3151 88 34 1300001.10 1300001.14 3152
 977 4449 3151 88 37 1300001.10 1300001.14 3152
 977 4465 3151 88 40 1300001.10 1300001.14 3152
 977 4481 3151 88 36 1300001.10 1300001.14 3152
 977 4497 3151 88 39 1300001.10 1300001.14 3152
 977 4513 3151 88 42 1300001.10 1300001.14 3152
 977 4353 3151 88 4 1.10 1.14 3152
 977 4369 3151 88 2 1.10 1.14 3152
 977 4529 3151 88 2 1.10 1.14 3152
 993 4433 3151 88 35 1300001.10 1300001.14 3152
 993 4449 3151 88 38 1300001.10 1300001.14 3152
 993 4465 3151 88 41 1300001.10 1300001.14 3152
 993 4369 3151 88 3 1.10 1.14 3152
 993 4529 3151 88 2 1.10 1.14 3152
 1009 4369 3151 88 4 1.10 1.14 3152
 1009 4433 3151 88 36 1300001.10 1300001.14 3152
 1009 4449 3151 88 39 1300001.10 1300001.14 3152
 1009 4465 3151 88 42 1300001.10 1300001.14 3152
 1009 4481 3151 88 34 1300001.10 1300001.14 3152
 1009 4497 3151 88 37 1300001.10 1300001.14 3152
 1009 4513 3151 88 40 1300001.10 1300001.14 3152
 1009 4529 3151 88 2 1.10 1.14 3152
 1025 4481 3151 88 35 1300001.10 1300001.14 3152
 1025 4497 3151 88 38 1300001.10 1300001.14 3152
 1025 4513 3151 88 41 1300001.10 1300001.14 3152
 1025 4433 3151 59 6 1.10 1.14 3152
 1025 4529 3151 88 2 1.10 1.14 3152
 1041 4481 3151 88 36 1300001.10 1300001.14 3152
 1041 4497 3151 88 39 1300001.10 1300001.14 3152
 1041 4513 3151 88 42 1300001.10 1300001.14 3152
 1041 4545 3151 88 7 1.10 1.14 3152
 1041 4529 3151 88 2 1.10 1.14 3152
 1057 4545 3151 88 2 1.10 1.14 3152
 1057 4529 3151 88 2 1.10 1.14 3152
 1057 4561 3151 88 7 1.10 1.14 3152
 1073 4545 3151 88 3 1.10 1.14 3152
 1073 4529 3151 88 4 1.10 1.14 3152
 1073 4561 3151 88 2 1.10 1.14 3152
 1089 4545 3151 88 2 1.10 1.14 3152
 1089 4561 3151 88 2 1.10 1.14 3152
 1105 4609 3151 88 63 11.10 11.14 3152
 1105 4593 3151 88 64 11.10 11.14 3152
 1105 4577 3151 88 64 11.10 11.14 3152
 1105 4545 3151 88 3 1.10 1.14 3152
 1105 4561 3151 88 3 1.10 1.14 3152
 1121 4545 3151 88 2 1.10 1.14 3152
 1121 4561 3151 88 2 1.10 1.14 3152
 1137 4545 3151 88 3 1.10 1.14 3152
 1137 4561 3151 88 3 1.10 1.14 3152
 1153 4545 3151 88 2 1.10 1.14 3152
 1153 4561 3151 88 2 1.10 1.14 3152
 1153 4577 3151 88 7 1.10 1.14 3152
 1169 4593 3151 88 8 1.10 1.14 3152
 1169 4545 3151 88 3 1.10 1.14 3152
 1169 4561 3151 88 3 1.10 1.14 3152
 1169 4577 3151 88 2 1.10 1.14 3152
 1185 4593 3151 88 9 1.10 1.14 3152
 1185 4545 3151 88 2 1.10 1.14 3152
 1185 4561 3151 88 2 1.10 1.14 3152
 1185 4577 3151 88 3 1.10 1.14 3152
 1201 4609 3151 88 8 1.10 1.14 3152
 1201 4593 3151 88 2 1.10 1.14 3152
 1201 4577 3151 88 2 1.10 1.14 3152
 1201 4529 3151 88 19 1.10 1.14 3152
 1201 4545 3151 88 21 1.10 1.14 3152
 1201 4561 3151 88 25 1.10 1.14 3152
 1217 4609 3151 88 9 1.10 1.14 3152
 1217 4593 3151 88 3 1.10 1.14 3152
 1217 4577 3151 88 3 1.10 1.14 3152
 1217 4529 3151 88 20 1.10 1.14 3152
 1217 4545 3151 88 22 1.10 1.14 3152
 1217 4561 3151 88 26 1.10 1.14 3152
 1217 4513 3151 57 28 1.10 1.14 3152
 1233 4609 3151 88 2 1.10 1.14 3152
 1233 4593 3151 88 2 1.10 1.14 3152
 1233 4577 3151 88 2 1.10 1.14 3152
 1233 4545 3151 88 2 1.10 1.14 3152
 1233 4561 3151 88 2 1.10 1.14 3152
 1233 4529 3151 57 20 1.10 1.14 3152
 1249 4433 3151 57 25 1.10 1.14 3152
 1249 4609 3151 88 4 1.10 1.14 3152
 1249 4593 3151 88 4 1.10 1.14 3152
 1249 4577 3151 88 3 1.10 1.14 3152
 1249 4545 3151 88 3 1.10 1.14 3152
 1249 4561 3151 88 3 1.10 1.14 3152
 1265 4609 3151 88 67 1.10 1.14 3152
 1265 4577 3151 88 2 1.10 1.14 3152
 1265 4545 3151 88 2 1.10 1.14 3152
 1265 4561 3151 88 5 1.10 1.14 3152
 1281 4609 3151 88 66 11.10 11.14 3152
 1281 4577 3151 88 3 1.10 1.14 3152
 1281 4545 3151 88 3 1.10 1.14 3152
 1281 4561 3151 88 3 1.10 1.14 3152
 1297 4609 3151 88 62 11.10 11.14 3152
 1297 4577 3151 88 4 1.10 1.14 3152
 1297 4545 3151 88 2 1.10 1.14 3152
 1297 4561 3151 88 2 1.10 1.14 3152
 1313 4561 3151 88 3 1.10 1.14 3152
 1313 4545 3151 88 2 1.10 1.14 3152
 1329 4545 3151 88 2 1.10 1.14 3152
 1329 4561 3151 88 2 1.10 1.14 3152
 1345 4545 3151 88 3 1.10 1.14 3152
 1345 4561 3151 88 3 1.10 1.14 3152
 1361 4545 3151 88 2 1.10 1.14 3152
 1361 4561 3151 88 2 1.10 1.14 3152
 1377 4561 3151 88 3 1.10 1.14 3152
 1377 4545 3151 57 22 1.10 1.14 3152
 1393 4545 3151 88 2 1.10 1.14 3152
 1393 4561 3151 88 2 1.10 1.14 3152
 1393 4577 3151 88 7 1.10 1.14 3152
 1409 4593 3151 88 10 1.10 1.14 3152
 1409 4545 3151 88 2 1.10 1.14 3152
 1409 4561 3151 88 2 1.10 1.14 3152
 1409 4577 3151 88 2 1.10 1.14 3152
 1425 4449 3151 57 25 1.10 1.14 3152
 1425 4593 3151 88 11 1.10 1.14 3152
 1425 4545 3151 88 3 1.10 1.14 3152
 1425 4561 3151 88 3 1.10 1.14 3152
 1425 4577 3151 88 3 1.10 1.14 3152
 1441 4545 3151 88 2 1.10 1.14 3152
 1441 4593 3151 88 12 1.10 1.14 3152
 1441 4561 3196 57 11 1.10 1.14 3197
 1457 4545 3151 88 3 1.10 1.14 3152
 1457 4593 3151 88 13 1.10 1.14 3152
 1473 4497 3196 57 16 1.10 1.14 3197
 1473 4545 3151 88 3 1.10 1.14 3152
 1473 4561 3151 88 2 1.10 1.14 3152
 1473 4577 3151 88 2 1.10 1.14 3152
 1473 4593 3151 88 12 1.10 1.14 3152
 1489 4529 3151 88 2 1.10 1.14 3152
 1489 4545 3151 88 2 1.10 1.14 3152
 1489 4561 3151 88 3 1.10 1.14 3152
 1489 4577 3151 88 3 1.10 1.14 3152
 1489 4593 3151 88 13 1.10 1.14 3152
 1505 4497 3151 88 1 1.10 1.14 3152
 1505 4513 3151 88 1 1.10 1.14 3152
 1505 4529 3151 88 6 1.10 1.14 3152
 1505 4545 3151 88 3 1.10 1.14 3152
 1505 4561 3151 88 2 1.10 1.14 3152
 1505 4577 3151 88 2 1.10 1.14 3152
 1505 4593 3151 88 12 1.10 1.14 3152
 1521 4513 3151 88 3 1.10 1.14 3152
 1521 4497 3151 88 2 1.10 1.14 3152
 1521 4529 3151 88 2 1.10 1.14 3152
 1521 4545 3151 88 2 1.10 1.14 3152
 1521 4561 3151 88 3 1.10 1.14 3152
 1521 4577 3151 88 3 1.10 1.14 3152
 1521 4593 3151 88 13 1.10 1.14 3152
 1537 4513 3151 88 2 1.10 1.14 3152
 1537 4497 3151 88 2 1.10 1.14 3152
 1537 4529 3151 88 6 1.10 1.14 3152
 1537 4545 3151 88 3 1.10 1.14 3152
 1537 4561 3151 88 2 1.10 1.14 3152
 1537 4577 3151 88 2 1.10 1.14 3152
 1537 4593 3151 88 12 1.10 1.14 3152
 1553 4513 3151 88 3 1.10 1.14 3152
 1553 4497 3151 88 3 1.10 1.14 3152
 1553 4529 3151 88 2 1.10 1.14 3152
 1553 4545 3151 88 2 1.10 1.14 3152
 1553 4561 3151 88 3 1.10 1.14 3152
 1553 4577 3151 88 3 1.10 1.14 3152
 1553 4593 3151 88 13 1.10 1.14 3152
 1553 4465 3694 70 13 1.10 -4.86 3695
 1553 4481 3694 70 14 1.10 -4.86 3695 41 1
 1569 4513 3151 88 2 1.10 1.14 3152
 1569 4497 3151 88 2 1.10 1.14 3152
 1569 4529 3151 88 6 1.10 1.14 3152
 1569 4545 3151 88 3 1.10 1.14 3152
 1569 4561 3151 88 2 1.10 1.14 3152
 1569 4593 3151 88 14 1.10 1.14 3152
 1569 4577 3151 88 4 1.10 1.14 3152
 1585 4513 3151 88 3 1.10 1.14 3152
 1585 4497 3151 88 3 1.10 1.14 3152
 1585 4529 3151 88 2 1.10 1.14 3152
 1585 4593 3151 88 67 1.10 1.14 3152
 1585 4561 3151 88 4 1.10 1.14 3152
 1585 4545 3151 88 2 1.10 1.14 3152
 1601 4593 3151 88 66 11.10 11.14 3152
 1601 4513 3151 88 2 1.10 1.14 3152
 1601 4497 3151 88 3 1.10 1.14 3152
 1601 4529 3151 88 6 1.10 1.14 3152
 1601 4545 3151 88 4 1.10 1.14 3152
 1617 4593 3151 88 62 11.10 11.14 3152
 1617 4513 3151 88 4 1.10 1.14 3152
 1617 4497 3151 88 4 1.10 1.14 3152
 1617 4529 3151 88 4 1.10 1.14 3152
 1665 4449 3151 81 1 -999998.90 -18.86 3152
