 -10 1243 3429 0.42 1 1 1 1 1 2 2 301 0.42 1
-1
-1
-1
-1
-1
-1
-1
-1
-1
-1
-1
-1
-1
-1
-1
-1
-1
-1
-1
-1
-1
-1
y255.255.255
Fortress
 1 4753 3151 87 1 1.10 1.14 3152
 1 4737 3151 87 1 1.10 1.14 3152
 1 4353 3151 87 1 1.10 1.14 3152
 1 4369 3151 87 1 1.10 1.14 3152
 1 4385 3151 87 1 1.10 1.14 3152
 1 4401 3151 87 1 1.10 1.14 3152
 1 4417 3151 87 1 1.10 1.14 3152
 1 4433 3151 87 1 1.10 1.14 3152
 17 4753 3151 87 1 1.10 1.14 3152
 17 4737 3151 87 1 1.10 1.14 3152
 17 4353 3195 87 3 1.10 1.14 3196
 33 4753 3151 87 1 1.10 1.14 3152
 33 4737 3151 87 1 1.10 1.14 3152
 33 4705 3192 51 1 1.10 1.14 3193 1
 33 4657 3151 59 1 1.10 1.14 3152
 49 4753 3151 87 1 1.10 1.14 3152
 49 4737 3151 87 1 1.10 1.14 3152
 65 4753 3151 87 1 1.10 1.14 3152
 65 4737 3151 87 1 1.10 1.14 3152
 81 4753 3151 87 1 1.10 1.14 3152
 81 4737 3151 87 1 1.10 1.14 3152
 81 4721 3151 87 1 1.10 1.14 3152
 97 4753 3151 87 1 1.10 1.14 3152
 97 4737 3151 87 1 1.10 1.14 3152
 97 4721 3151 87 1 1.10 1.14 3152
 113 4753 3151 87 1 1.10 1.14 3152
 113 4737 3151 87 1 1.10 1.14 3152
 113 4721 3151 87 1 1.10 1.14 3152
 113 4353 3195 87 3 1.10 1.14 3196
 129 4753 3151 87 1 1.10 1.14 3152
 129 4737 3151 87 1 1.10 1.14 3152
 129 4721 3151 87 1 1.10 1.14 3152
 129 4705 3151 56 5 1.10 1.14 3152
 145 4753 3151 87 1 1.10 1.14 3152
 145 4737 3151 87 1 1.10 1.14 3152
 145 4721 3151 87 1 1.10 1.14 3152
 161 4753 3151 87 1 1.10 1.14 3152
 161 4737 3151 87 1 1.10 1.14 3152
 161 4721 3151 87 1 1.10 1.14 3152
 161 4705 3151 87 1 1.10 1.14 3152
 177 4753 3151 87 1 1.10 1.14 3152
 177 4737 3151 87 1 1.10 1.14 3152
 177 4721 3151 87 1 1.10 1.14 3152
 177 4705 3151 87 1 1.10 1.14 3152
 177 4689 3151 87 1 1.10 1.14 3152
 193 4753 3151 63 16 1.10 1.14 3152
 193 4737 3151 63 16 1.10 1.14 3152
 193 4721 3151 63 14 1.10 1.14 3152
 209 4753 3151 63 16 1.10 1.14 3152
 209 4737 3151 63 16 1.10 1.14 3152
 209 4721 3151 63 14 1.10 1.14 3152
 209 4353 3195 87 3 1.10 1.14 3196
 225 4753 3151 63 16 1.10 1.14 3152
 225 4737 3151 63 16 1.10 1.14 3152
 225 4721 3151 63 14 1.10 1.14 3152
 241 4753 3151 63 16 1.10 1.14 3152
 241 4737 3151 63 16 1.10 1.14 3152
 241 4721 3151 63 15 1.10 1.14 3152
 257 4753 3151 63 16 1.10 1.14 3152
 257 4737 3151 63 16 1.10 1.14 3152
 257 4721 3151 63 14 1.10 1.14 3152
 273 4753 3151 63 16 1.10 1.14 3152
 273 4737 3151 63 16 1.10 1.14 3152
 273 4721 3151 63 14 1.10 1.14 3152
 289 4753 3151 87 1 1.10 1.14 3152
 289 4737 3151 87 1 1.10 1.14 3152
 289 4721 3151 87 1 1.10 1.14 3152
 289 4705 3151 87 1 1.10 1.14 3152
 289 4689 3151 87 1 1.10 1.14 3152
 289 4673 3151 87 1 1.10 1.14 3152
 305 4353 3195 87 3 1.10 1.14 3196
 305 4753 3151 87 1 1.10 1.14 3152
 305 4737 3151 87 1 1.10 1.14 3152
 305 4721 3151 87 1 1.10 1.14 3152
 305 4705 3151 87 1 1.10 1.14 3152
 305 4689 3151 87 1 1.10 1.14 3152
 305 4673 3151 87 1 1.10 1.14 3152
 321 4753 3151 87 1 1.10 1.14 3152
 321 4737 3151 87 1 1.10 1.14 3152
 321 4721 3151 87 1 1.10 1.14 3152
 321 4705 3151 87 1 1.10 1.14 3152
 321 4689 3151 87 1 1.10 1.14 3152
 321 4673 3151 87 1 1.10 1.14 3152
 337 4721 3151 63 14 1.10 1.14 3152
 337 4737 3151 63 16 1.10 1.14 3152
 337 4753 3151 63 16 1.10 1.14 3152
 353 4737 3151 63 16 1.10 1.14 3152
 353 4753 3151 63 16 1.10 1.14 3152
 353 4721 3151 63 15 1.10 1.14 3152
 369 4721 3151 63 14 1.10 1.14 3152
 369 4737 3151 63 16 1.10 1.14 3152
 369 4753 3151 63 16 1.10 1.14 3152
 385 4737 3151 63 16 1.10 1.14 3152
 385 4753 3151 63 16 1.10 1.14 3152
 385 4721 3151 63 15 1.10 1.14 3152
 401 4353 3195 87 3 1.10 1.14 3196
 401 4721 3151 63 14 1.10 1.14 3152
 401 4737 3151 63 16 1.10 1.14 3152
 401 4753 3151 63 16 1.10 1.14 3152
 417 4753 3151 87 1 1.10 1.14 3152
 417 4737 3151 87 1 1.10 1.14 3152
 417 4721 3151 87 1 1.10 1.14 3152
 417 4705 3151 87 1 1.10 1.14 3152
 433 4753 3151 87 1 1.10 1.14 3152
 433 4737 3151 87 1 1.10 1.14 3152
 433 4721 3151 87 1 1.10 1.14 3152
 449 4753 3151 87 1 1.10 1.14 3152
 449 4737 3151 87 1 1.10 1.14 3152
 465 4753 3151 87 1 1.10 1.14 3152
 465 4737 3151 87 1 1.10 1.14 3152
 481 4753 3151 87 1 1.10 1.14 3152
 481 4737 3151 87 1 1.10 1.14 3152
 497 4353 3195 87 3 1.10 1.14 3196
 497 4753 3151 87 1 1.10 1.14 3152
 497 4737 3151 87 1 1.10 1.14 3152
 497 4673 3151 56 11 -3.90 -6.86 3152
 513 4753 3151 87 1 1.10 1.14 3152
 513 4737 3151 87 1 1.10 1.14 3152
 529 4753 3151 87 1 1.10 1.14 3152
 529 4737 3151 87 1 1.10 1.14 3152
 545 4753 3151 87 1 1.10 1.14 3152
 545 4737 3151 87 1 1.10 1.14 3152
 561 4753 3151 87 1 1.10 1.14 3152
 561 4737 3151 87 1 1.10 1.14 3152
 561 4721 3151 87 1 1.10 1.14 3152
 577 4753 3151 87 1 1.10 1.14 3152
 577 4737 3151 87 1 1.10 1.14 3152
 577 4721 3151 87 1 1.10 1.14 3152
 577 4705 3151 87 1 1.10 1.14 3152
 593 4353 3195 87 3 1.10 1.14 3196
 593 4753 3151 63 16 1.10 1.14 3152
 593 4737 3151 63 16 1.10 1.14 3152
 593 4721 3151 63 16 1.10 1.14 3152
 593 4705 3151 63 14 1.10 1.14 3152
 609 4753 3151 63 16 1.10 1.14 3152
 609 4737 3151 63 16 1.10 1.14 3152
 609 4721 3151 63 16 1.10 1.14 3152
 609 4705 3151 63 14 1.10 1.14 3152
 625 4753 3151 63 16 1.10 1.14 3152
 625 4737 3151 63 16 1.10 1.14 3152
 625 4721 3151 63 16 1.10 1.14 3152
 625 4705 3151 63 14 1.10 1.14 3152
 641 4753 3151 63 16 1.10 1.14 3152
 641 4737 3151 63 16 1.10 1.14 3152
 641 4721 3151 63 16 1.10 1.14 3152
 641 4705 3151 63 14 1.10 1.14 3152
 657 4753 3151 63 16 1.10 1.14 3152
 657 4737 3151 63 16 1.10 1.14 3152
 657 4721 3151 63 16 1.10 1.14 3152
 657 4705 3151 63 15 1.10 1.14 3152
 673 4689 3151 87 1 1.10 1.14 3152
 673 4673 3151 87 1 1.10 1.14 3152
 673 4705 3693 87 2 1.10 1.14 3694
 689 4353 3195 87 3 1.10 1.14 3196
 689 4689 3151 87 1 1.10 1.14 3152
 721 4625 3151 59 1 1.10 1.14 3152
 737 4625 3151 59 3 1.10 1.14 3152
 737 4705 3693 87 2 1.10 1.14 3694
 769 4689 3151 87 1 1.10 1.14 3152
 785 4353 3195 87 3 1.10 1.14 3196
 785 4673 3151 87 1 1.10 1.14 3152
 785 4689 3151 87 1 1.10 1.14 3152
 801 4753 3151 63 16 1.10 1.14 3152
 801 4737 3151 63 16 1.10 1.14 3152
 801 4721 3151 63 14 1.10 1.14 3152
 801 4689 3151 87 1 1.10 1.14 3152
 801 4705 3151 87 1 1.10 1.14 3152
 817 4753 3151 63 16 1.10 1.14 3152
 817 4737 3151 63 16 1.10 1.14 3152
 817 4721 3151 63 14 1.10 1.14 3152
 833 4753 3151 63 16 1.10 1.14 3152
 833 4737 3151 63 16 1.10 1.14 3152
 833 4721 3151 63 14 1.10 1.14 3152
 849 4753 3151 63 16 1.10 1.14 3152
 849 4737 3151 63 16 1.10 1.14 3152
 849 4721 3151 63 14 1.10 1.14 3152
 865 4753 3151 63 16 1.10 1.14 3152
 865 4737 3151 63 16 1.10 1.14 3152
 865 4721 3151 63 14 1.10 1.14 3152
 881 4353 3195 87 3 1.10 1.14 3196
 881 4753 3151 63 16 1.10 1.14 3152
 881 4737 3151 63 16 1.10 1.14 3152
 881 4721 3151 63 14 1.10 1.14 3152
 881 4641 3151 67 1 1.10 1.14 3152
 881 4609 3151 67 1 1.10 1.14 3152
 881 4673 3151 67 1 1.10 1.14 3152
 881 4689 3194 62 2 1.10 1.14 3195
 897 4753 3151 63 16 1.10 1.14 3152
 897 4737 3151 63 16 1.10 1.14 3152
 897 4721 3151 63 14 1.10 1.14 3152
 897 4641 3151 67 1 1.10 1.14 3152
 897 4609 3151 67 1 1.10 1.14 3152
 897 4673 3151 67 1 1.10 1.14 3152
 913 4753 3151 63 16 1.10 1.14 3152
 913 4737 3151 63 16 1.10 1.14 3152
 913 4721 3151 63 14 1.10 1.14 3152
 913 4641 3151 67 1 1.10 1.14 3152
 913 4609 3151 67 1 1.10 1.14 3152
 913 4673 3151 67 1 1.10 1.14 3152
 929 4753 3151 63 16 1.10 1.14 3152
 929 4737 3151 63 16 1.10 1.14 3152
 929 4721 3151 63 14 1.10 1.14 3152
 945 4753 3151 63 16 1.10 1.14 3152
 945 4737 3151 63 16 1.10 1.14 3152
 945 4721 3151 63 14 1.10 1.14 3152
 961 4753 3151 63 16 1.10 1.14 3152
 961 4721 3151 63 14 1.10 1.14 3152
 961 4737 3151 63 16 1.10 1.14 3152
 977 4353 3195 87 3 1.10 1.14 3196
 977 4721 3151 63 14 1.10 1.14 3152
 977 4753 3151 63 16 1.10 1.14 3152
 977 4737 3151 63 16 1.10 1.14 3152
 993 4449 3195 87 3 1.10 1.14 3196
 993 4705 3693 87 2 1.10 1.14 3694
 993 4545 3195 87 3 1.10 1.14 3196
 1057 4705 3693 87 2 1.10 1.14 3694
 1073 4353 3195 87 3 1.10 1.14 3196
 1089 4449 3195 87 3 1.10 1.14 3196
 1089 4545 3195 87 3 1.10 1.14 3196
 1121 4705 3693 87 2 1.10 1.14 3694
 1169 4353 3195 87 3 1.10 1.14 3196
 1185 4705 3693 87 2 1.10 1.14 3694
 1201 4689 3151 87 1 1.10 1.14 3152
 1217 4673 3151 87 1 1.10 1.14 3152
 1217 4689 3151 87 1 1.10 1.14 3152
 1217 4625 3151 56 16 1.10 1.14 3152
 1233 4673 3151 87 1 1.10 1.14 3152
 1233 4689 3151 87 1 1.10 1.14 3152
 1249 4753 3151 87 1 1.10 1.14 3152
 1249 4737 3151 87 1 1.10 1.14 3152
 1249 4721 3151 87 1 1.10 1.14 3152
 1249 4705 3151 87 1 1.10 1.14 3152
 1249 4673 3151 87 1 1.10 1.14 3152
 1249 4689 3151 87 1 1.10 1.14 3152
 1265 4657 3151 64 1 6.10 6.14 3152
 1265 4673 3151 64 2 6.10 6.14 3152
 1265 4353 3195 87 3 1.10 1.14 3196
 1281 4657 3151 64 1 6.10 6.14 3152
 1281 4673 3151 64 2 6.10 6.14 3152
 1297 4657 3151 64 1 6.10 6.14 3152
 1297 4673 3151 64 2 6.10 6.14 3152
 1313 4657 3151 64 1 6.10 6.14 3152
 1313 4673 3151 64 2 6.10 6.14 3152
 1329 4657 3151 64 1 6.10 6.14 3152
 1329 4673 3151 64 2 6.10 6.14 3152
 1345 4657 3151 64 1 6.10 6.14 3152
 1345 4673 3151 64 2 6.10 6.14 3152
 1345 4593 3151 67 1 1.10 1.14 3152
 1361 4657 3151 64 1 6.10 6.14 3152
 1361 4673 3151 64 2 6.10 6.14 3152
 1361 4353 3195 87 3 1.10 1.14 3196
 1377 4657 3151 64 1 6.10 6.14 3152
 1377 4673 3151 64 2 6.10 6.14 3152
 1393 4657 3151 64 1 6.10 6.14 3152
 1393 4673 3151 64 2 6.10 6.14 3152
 1409 4753 3151 87 1 1.10 1.14 3152
 1409 4737 3151 87 1 1.10 1.14 3152
 1409 4721 3151 87 1 1.10 1.14 3152
 1409 4705 3151 87 1 1.10 1.14 3152
 1409 4673 3151 87 1 1.10 1.14 3152
 1409 4689 3151 87 1 1.10 1.14 3152
 1409 4657 3151 57 4 1.10 1.14 3152
 1409 4577 3192 56 6 1.10 1.14 3193
 1425 4657 3151 64 1 6.10 6.14 3152
 1425 4673 3151 64 2 6.10 6.14 3152
 1441 4657 3151 64 1 6.10 6.14 3152
 1441 4673 3151 64 2 6.10 6.14 3152
 1457 4657 3151 64 1 6.10 6.14 3152
 1457 4673 3151 64 2 6.10 6.14 3152
 1457 4353 3195 87 3 1.10 1.14 3196
 1473 4657 3151 64 1 6.10 6.14 3152
 1473 4673 3151 64 2 6.10 6.14 3152
 1473 4593 3151 67 1 1.10 1.14 3152
 1489 4657 3151 64 1 6.10 6.14 3152
 1489 4673 3151 64 2 6.10 6.14 3152
 1505 4657 3151 64 1 6.10 6.14 3152
 1505 4673 3151 64 2 6.10 6.14 3152
 1521 4657 3151 64 1 6.10 6.14 3152
 1521 4673 3151 64 2 6.10 6.14 3152
 1537 4657 3151 64 1 6.10 6.14 3152
 1537 4673 3151 64 2 6.10 6.14 3152
 1553 4657 3151 64 1 6.10 6.14 3152
 1553 4673 3151 64 2 6.10 6.14 3152
 1553 4353 3195 87 3 1.10 1.14 3196
 1569 4753 3151 87 1 1.10 1.14 3152
 1569 4737 3151 87 1 1.10 1.14 3152
 1569 4721 3151 87 1 1.10 1.14 3152
 1569 4673 3151 87 1 1.10 1.14 3152
 1569 4689 3151 87 1 1.10 1.14 3152
 1569 4705 3151 87 1 1.10 1.14 3152
 1569 4657 3151 57 8 1.10 1.14 3152
 1585 4753 3151 87 1 1.10 1.14 3152
 1585 4737 3151 87 1 1.10 1.14 3152
 1585 4721 3151 87 1 1.10 1.14 3152
 1585 4689 3151 87 1 1.10 1.14 3152
 1585 4705 3151 87 1 1.10 1.14 3152
 1601 4753 3151 87 1 1.10 1.14 3152
 1601 4737 3151 87 1 1.10 1.14 3152
 1601 4721 3151 87 1 1.10 1.14 3152
 1601 4705 3151 87 1 1.10 1.14 3152
 1617 4705 3151 64 2 6.10 6.14 3152
 1617 4689 3151 64 1 6.10 6.14 3152
 1633 4705 3151 64 2 6.10 6.14 3152
 1633 4689 3151 64 1 6.10 6.14 3152
 1633 4625 3151 67 1 1.10 1.14 3152
 1649 4705 3151 64 2 6.10 6.14 3152
 1649 4689 3151 64 1 6.10 6.14 3152
 1649 4353 3195 87 3 1.10 1.14 3196
 1665 4705 3151 64 2 6.10 6.14 3152
 1665 4689 3151 64 1 6.10 6.14 3152
 1681 4705 3151 64 2 6.10 6.14 3152
 1681 4689 3151 64 1 6.10 6.14 3152
 1697 4705 3151 64 2 6.10 6.14 3152
 1697 4689 3151 64 1 6.10 6.14 3152
 1713 4705 3151 64 2 6.10 6.14 3152
 1713 4689 3151 64 1 6.10 6.14 3152
 1729 4705 3151 64 2 6.10 6.14 3152
 1729 4689 3151 64 1 6.10 6.14 3152
 1729 4673 3192 56 4 1.10 1.14 3193
 1745 4705 3151 64 2 6.10 6.14 3152
 1745 4689 3151 64 1 6.10 6.14 3152
 1745 4353 3195 87 3 1.10 1.14 3196
 1745 4625 3151 67 1 1.10 1.14 3152
 1761 4705 3151 64 2 6.10 6.14 3152
 1761 4689 3151 64 1 6.10 6.14 3152
 1777 4705 3151 87 1 1.10 1.14 3152
 1777 4721 3151 87 1 1.10 1.14 3152
 1793 4753 3151 87 1 1.10 1.14 3152
 1793 4737 3151 87 1 1.10 1.14 3152
 1793 4705 3196 57 11 1.10 1.14 3197
 1809 4753 3151 87 1 1.10 1.14 3152
 1809 4737 3151 87 1 1.10 1.14 3152
 1825 4721 3151 87 1 1.10 1.14 3152
 1825 4705 3151 87 1 1.10 1.14 3152
 1841 4689 3151 64 1 6.10 6.14 3152
 1841 4705 3151 64 2 6.10 6.14 3152
 1841 4353 3195 87 3 1.10 1.14 3196
 1857 4689 3151 64 1 6.10 6.14 3152
 1857 4705 3151 64 2 6.10 6.14 3152
 1857 4625 3151 67 1 1.10 1.14 3152
 1873 4689 3151 64 1 6.10 6.14 3152
 1873 4705 3151 64 2 6.10 6.14 3152
 1889 4689 3151 64 1 6.10 6.14 3152
 1889 4705 3151 64 2 6.10 6.14 3152
 1905 4689 3151 64 1 6.10 6.14 3152
 1905 4705 3151 64 2 6.10 6.14 3152
 1921 4689 3151 64 1 6.10 6.14 3152
 1921 4705 3151 64 2 6.10 6.14 3152
 1937 4689 3151 64 1 6.10 6.14 3152
 1937 4705 3151 64 2 6.10 6.14 3152
 1937 4353 3195 87 3 1.10 1.14 3196
 1953 4705 3151 64 2 6.10 6.14 3152
 1953 4689 3151 64 1 6.10 6.14 3152
 1969 4753 3151 87 1 1.10 1.14 3152
 1969 4737 3151 87 1 1.10 1.14 3152
 1969 4721 3151 87 1 1.10 1.14 3152
 1969 4705 3151 87 1 1.10 1.14 3152
 1985 4753 3151 87 1 1.10 1.14 3152
 1985 4737 3151 87 1 1.10 1.14 3152
 1985 4721 3151 87 1 1.10 1.14 3152
 1985 4705 3151 87 1 1.10 1.14 3152
 1985 4689 3151 87 1 1.10 1.14 3152
 2001 4609 3151 67 1 1.10 1.14 3152
 2001 4753 3151 87 1 1.10 1.14 3152
 2001 4737 3151 87 1 1.10 1.14 3152
 2001 4721 3151 87 1 1.10 1.14 3152
 2001 4705 3151 87 1 1.10 1.14 3152
 2001 4689 3151 87 1 1.10 1.14 3152
 2001 4673 3151 87 1 1.10 1.14 3152
 2017 4753 3151 63 11 1.10 1.14 3152
 2017 4737 3151 63 11 1.10 1.14 3152
 2017 4721 3151 63 11 1.10 1.14 3152
 2017 4705 3151 62 6 1.10 1.14 3152
 2017 4689 3151 63 11 1.10 1.14 3152
 2017 4673 3151 63 11 1.10 1.14 3152
 2033 4353 3195 87 3 1.10 1.14 3196
 2033 4705 3151 62 6 1.10 1.14 3152
 2049 4705 3151 62 6 1.10 1.14 3152
 2065 4705 3151 62 6 1.10 1.14 3152
 2081 4705 3151 62 6 1.10 1.14 3152
 2097 4705 3151 62 6 1.10 1.14 3152
 2113 4753 3151 63 13 1.10 1.14 3152
 2113 4737 3151 63 13 1.10 1.14 3152
 2113 4721 3151 63 13 1.10 1.14 3152
 2113 4705 3151 62 6 1.10 1.14 3152
 2129 4353 3195 87 3 1.10 1.14 3196
 2129 4449 3151 87 1 1.10 1.14 3152
 2129 4465 3151 87 1 1.10 1.14 3152
 2129 4481 3151 87 1 1.10 1.14 3152
 2129 4497 3151 87 1 1.10 1.14 3152
 2129 4513 3151 87 1 1.10 1.14 3152
 2129 4529 3151 87 1 1.10 1.14 3152
 2129 4753 3151 87 1 1.10 1.14 3152
 2129 4737 3151 87 1 1.10 1.14 3152
 2129 4721 3151 87 1 1.10 1.14 3152
 2129 4705 3151 87 1 1.10 1.14 3152
 2129 4689 3151 63 10 1.10 1.14 3152
 2129 4545 3196 57 12 1.10 1.14 3197
 2145 4449 3151 87 1 1.10 1.14 3152
 2145 4465 3151 87 1 1.10 1.14 3152
 2145 4481 3151 87 1 1.10 1.14 3152
 2145 4497 3151 87 1 1.10 1.14 3152
 2145 4513 3151 87 1 1.10 1.14 3152
 2145 4529 3151 87 1 1.10 1.14 3152
 2145 4625 3151 67 1 1.10 1.14 3152
 2145 4753 3151 63 11 1.10 1.14 3152
 2145 4737 3151 63 11 1.10 1.14 3152
 2145 4721 3151 63 11 1.10 1.14 3152
 2145 4705 3151 62 5 1.10 1.14 3152
 2161 4705 3151 62 5 1.10 1.14 3152
 2177 4705 3151 62 5 1.10 1.14 3152
 2193 4705 3151 62 5 1.10 1.14 3152
 2209 4705 3151 62 5 1.10 1.14 3152
 2225 4353 3195 87 3 1.10 1.14 3196
 2225 4705 3151 62 5 1.10 1.14 3152
 2241 4753 3151 63 13 1.10 1.14 3152
 2241 4737 3151 63 13 1.10 1.14 3152
 2241 4721 3151 63 13 1.10 1.14 3152
 2241 4705 3151 62 5 1.10 1.14 3152
 2241 4689 3151 63 13 1.10 1.14 3152
 2241 4673 3151 63 13 1.10 1.14 3152
 2257 4753 3151 87 1 1.10 1.14 3152
 2257 4737 3151 87 1 1.10 1.14 3152
 2257 4721 3151 87 1 1.10 1.14 3152
 2257 4705 3151 87 1 1.10 1.14 3152
 2257 4689 3151 87 1 1.10 1.14 3152
 2257 4673 3151 87 1 1.10 1.14 3152
 2273 4753 3151 87 1 1.10 1.14 3152
 2273 4737 3151 87 1 1.10 1.14 3152
 2273 4721 3151 87 1 1.10 1.14 3152
 2273 4705 3151 87 1 1.10 1.14 3152
 2273 4689 3151 87 1 1.10 1.14 3152
 2289 4753 3151 87 1 1.10 1.14 3152
 2289 4737 3151 87 1 1.10 1.14 3152
 2289 4721 3151 87 1 1.10 1.14 3152
 2289 4705 3151 87 1 1.10 1.14 3152
 2305 4705 3151 87 1 1.10 1.14 3152
 2305 4737 3151 63 14 1.10 1.14 3152
 2305 4753 3151 63 16 1.10 1.14 3152
 2321 4353 3195 87 3 1.10 1.14 3196
 2321 4753 3151 87 1 1.10 1.14 3152
 2321 4737 3151 87 1 1.10 1.14 3152
 2321 4721 3151 87 1 1.10 1.14 3152
 2321 4705 3151 87 1 1.10 1.14 3152
 2321 4641 3151 67 1 1.10 1.14 3152
 2337 4753 3151 63 16 1.10 1.14 3152
 2337 4737 3151 63 14 1.10 1.14 3152
 2337 4705 3151 87 1 1.10 1.14 3152
 2353 4753 3151 87 1 1.10 1.14 3152
 2353 4737 3151 87 1 1.10 1.14 3152
 2353 4721 3151 87 1 1.10 1.14 3152
 2353 4705 3151 87 1 1.10 1.14 3152
 2369 4753 3151 63 16 1.10 1.14 3152
 2369 4737 3151 63 14 1.10 1.14 3152
 2369 4705 3151 87 1 1.10 1.14 3152
 2385 4753 3151 87 1 1.10 1.14 3152
 2385 4737 3151 87 1 1.10 1.14 3152
 2385 4721 3151 87 1 1.10 1.14 3152
 2385 4705 3151 87 1 1.10 1.14 3152
 2401 4753 3151 63 16 1.10 1.14 3152
 2401 4737 3151 63 14 1.10 1.14 3152
 2401 4705 3151 87 1 1.10 1.14 3152
 2401 4625 3196 57 16 1.10 1.14 3197
 2417 4353 3195 87 3 1.10 1.14 3196
 2417 4753 3151 87 1 1.10 1.14 3152
 2417 4737 3151 87 1 1.10 1.14 3152
 2417 4721 3151 87 1 1.10 1.14 3152
 2417 4705 3151 87 1 1.10 1.14 3152
 2433 4449 3151 79 57 4.24 4.14 0
 2433 4465 3151 79 57 4.24 4.14 0
 2433 4481 3151 79 57 4.24 4.14 0
 2433 4497 3151 79 57 4.24 4.14 0
 2433 4513 3151 79 57 4.24 4.14 0
 2433 4529 3151 79 57 4.24 4.14 0
 2433 4545 3151 79 57 4.24 4.14 0
 2433 4577 3151 79 57 4.24 4.14 0
 2433 4561 3151 79 57 4.24 4.14 0
 2433 4593 3151 79 57 4.24 4.14 0
 2433 4609 3151 79 57 4.24 4.14 0
 2433 4753 3151 63 16 1.10 1.14 3152
 2433 4737 3151 63 14 1.10 1.14 3152
 2433 4705 3151 87 1 1.10 1.14 3152
 2433 4641 3151 87 1 1.10 1.14 3152
 2433 4625 3151 87 1 1.10 1.14 3152
 2449 4449 3151 79 57 4.24 4.14 0
 2449 4465 3151 79 57 4.24 4.14 0
 2449 4481 3151 79 57 4.24 4.14 0
 2449 4497 3151 79 57 4.24 4.14 0
 2449 4513 3151 79 57 4.24 4.14 0
 2449 4529 3151 79 57 4.24 4.14 0
 2449 4545 3151 79 57 4.24 4.14 0
 2449 4561 3151 79 57 4.24 4.14 0
 2449 4577 3151 79 57 4.24 4.14 0
 2449 4593 3151 79 57 4.24 4.14 0
 2449 4609 3151 79 57 4.24 4.14 0
 2449 4753 3151 87 1 1.10 1.14 3152
 2449 4737 3151 87 1 1.10 1.14 3152
 2449 4721 3151 87 1 1.10 1.14 3152
 2449 4705 3151 87 1 1.10 1.14 3152
 2449 4641 3151 87 1 1.10 1.14 3152
 2449 4625 3151 87 1 1.10 1.14 3152
 2449 4577 3151 67 1 1.10 1.14 3152
 2465 4753 3151 63 16 1.10 1.14 3152
 2465 4737 3151 63 14 1.10 1.14 3152
 2465 4705 3151 87 1 1.10 1.14 3152
 2465 4673 3192 56 4 1.10 1.14 3193
 2481 4753 3151 87 1 1.10 1.14 3152
 2481 4737 3151 87 1 1.10 1.14 3152
 2481 4721 3151 87 1 1.10 1.14 3152
 2481 4705 3151 87 1 1.10 1.14 3152
 2497 4753 3151 63 16 1.10 1.14 3152
 2497 4737 3151 63 14 1.10 1.14 3152
 2497 4705 3151 87 1 1.10 1.14 3152
 2513 4353 3195 87 3 1.10 1.14 3196
 2513 4753 3151 87 1 1.10 1.14 3152
 2513 4737 3151 87 1 1.10 1.14 3152
 2513 4721 3151 87 1 1.10 1.14 3152
 2513 4705 3151 87 1 1.10 1.14 3152
 2513 4657 3196 57 16 1.10 1.14 3197
 2529 4753 3151 63 16 1.10 1.14 3152
 2529 4737 3151 63 14 1.10 1.14 3152
 2529 4705 3151 87 1 1.10 1.14 3152
 2545 4449 3151 79 57 4.24 4.14 0
 2545 4465 3151 79 57 4.24 4.14 0
 2545 4481 3151 79 57 4.24 4.14 0
 2545 4497 3151 79 57 4.24 4.14 0
 2545 4513 3151 79 57 4.24 4.14 0
 2545 4529 3151 79 57 4.24 4.14 0
 2545 4545 3151 79 57 4.24 4.14 0
 2545 4641 3151 79 57 4.24 4.14 0
 2545 4577 3151 79 57 4.24 4.14 0
 2545 4561 3151 79 57 4.24 4.14 0
 2545 4593 3151 79 57 4.24 4.14 0
 2545 4625 3151 79 57 4.24 4.14 0
 2545 4753 3151 87 1 1.10 1.14 3152
 2545 4737 3151 87 1 1.10 1.14 3152
 2545 4721 3151 87 1 1.10 1.14 3152
 2545 4705 3151 87 1 1.10 1.14 3152
 2545 4673 3151 87 1 1.10 1.14 3152
 2545 4657 3151 87 1 1.10 1.14 3152
 2545 4609 3151 59 1 1.10 1.14 3152
 2561 4449 3151 79 57 4.24 4.14 0
 2561 4465 3151 79 57 4.24 4.14 0
 2561 4481 3151 79 57 4.24 4.14 0
 2561 4497 3151 79 57 4.24 4.14 0
 2561 4513 3151 79 57 4.24 4.14 0
 2561 4529 3151 79 57 4.24 4.14 0
 2561 4545 3151 79 57 4.24 4.14 0
 2561 4641 3151 79 57 4.24 4.14 0
 2561 4561 3151 79 57 4.24 4.14 0
 2561 4577 3151 79 57 4.24 4.14 0
 2561 4593 3151 79 57 4.24 4.14 0
 2561 4609 3151 79 57 4.24 4.14 0
 2561 4625 3151 79 57 4.24 4.14 0
 2561 4753 3151 63 16 1.10 1.14 3152
 2561 4737 3151 63 14 1.10 1.14 3152
 2561 4705 3151 87 1 1.10 1.14 3152
 2561 4673 3151 87 1 1.10 1.14 3152
 2561 4657 3151 87 1 1.10 1.14 3152
 2577 4753 3151 87 1 1.10 1.14 3152
 2577 4737 3151 87 1 1.10 1.14 3152
 2577 4721 3151 87 1 1.10 1.14 3152
 2577 4705 3151 87 1 1.10 1.14 3152
 2593 4753 3151 63 16 1.10 1.14 3152
 2593 4737 3151 63 14 1.10 1.14 3152
 2593 4705 3151 87 1 1.10 1.14 3152
 2609 4353 3195 87 3 1.10 1.14 3196
 2609 4753 3151 87 1 1.10 1.14 3152
 2609 4737 3151 87 1 1.10 1.14 3152
 2609 4721 3151 87 1 1.10 1.14 3152
 2609 4705 3151 87 1 1.10 1.14 3152
 2625 4753 3151 63 16 1.10 1.14 3152
 2625 4737 3151 63 15 1.10 1.14 3152
 2641 4753 3151 87 1 1.10 1.14 3152
 2641 4737 3151 87 1 1.10 1.14 3152
 2641 4721 3151 87 1 1.10 1.14 3152
 2641 4705 3151 87 1 1.10 1.14 3152
 2657 4753 3151 63 16 1.10 1.14 3152
 2657 4737 3151 63 14 1.10 1.14 3152
 2657 4705 3151 87 1 1.10 1.14 3152
 2673 4753 3151 87 1 1.10 1.14 3152
 2673 4737 3151 87 1 1.10 1.14 3152
 2673 4721 3151 87 1 1.10 1.14 3152
 2673 4705 3151 87 1 1.10 1.14 3152
 2689 4753 3151 63 16 1.10 1.14 3152
 2689 4737 3151 63 14 1.10 1.14 3152
 2689 4705 3151 87 1 1.10 1.14 3152
 2689 4641 3151 59 1 1.10 1.14 3152
 2705 4753 3151 87 1 1.10 1.14 3152
 2705 4737 3151 87 1 1.10 1.14 3152
 2705 4721 3151 87 1 1.10 1.14 3152
 2705 4705 3151 87 1 1.10 1.14 3152
 2705 4353 3195 87 3 1.10 1.14 3196
 2721 4753 3151 63 16 1.10 1.14 3152
 2721 4737 3151 63 14 1.10 1.14 3152
 2721 4705 3151 87 1 1.10 1.14 3152
 2737 4753 3151 87 1 1.10 1.14 3152
 2737 4737 3151 87 1 1.10 1.14 3152
 2737 4721 3151 87 1 1.10 1.14 3152
 2737 4705 3151 87 1 1.10 1.14 3152
 2737 4625 3151 59 3 1.10 1.14 3152
 2753 4753 3151 63 16 1.10 1.14 3152
 2753 4737 3151 63 14 1.10 1.14 3152
 2753 4705 3151 87 1 1.10 1.14 3152
 2769 4753 3151 87 1 1.10 1.14 3152
 2769 4737 3151 87 1 1.10 1.14 3152
 2769 4721 3151 87 1 1.10 1.14 3152
 2769 4705 3151 87 1 1.10 1.14 3152
 2785 4641 3151 67 1 1.10 1.14 3152
 2785 4705 3151 87 1 1.10 1.14 3152
 2785 4737 3151 63 14 1.10 1.14 3152
 2785 4753 3151 63 16 1.10 1.14 3152
 2801 4689 3151 66 3 1.10 1.14 3152
 2801 4705 3151 87 1 1.10 1.14 3152
 2801 4721 3151 87 1 1.10 1.14 3152
 2801 4737 3151 87 1 1.10 1.14 3152
 2801 4753 3151 87 1 1.10 1.14 3152
 2801 4353 3195 87 3 1.10 1.14 3196
 2897 4353 3195 87 3 1.10 1.14 3196
 2993 4753 3151 87 1 1.10 1.14 3152
 2993 4737 3151 87 1 1.10 1.14 3152
 2993 4641 3151 87 1 1.10 1.14 3152
 2993 4353 3151 87 1 1.10 1.14 3152
 2993 4369 3151 87 1 1.10 1.14 3152
 2993 4385 3151 87 1 1.10 1.14 3152
 2993 4401 3151 87 1 1.10 1.14 3152
 2993 4417 3151 87 1 1.10 1.14 3152
 2993 4433 3151 87 1 1.10 1.14 3152
 2993 4529 3151 87 1 1.10 1.14 3152
 2993 4545 3151 87 1 1.10 1.14 3152
 3009 4753 3151 87 1 1.10 1.14 3152
 3009 4737 3151 87 1 1.10 1.14 3152
 3009 4721 3151 87 1 1.10 1.14 3152
 3009 4657 3151 87 1 1.10 1.14 3152
 3009 4641 3151 87 1 1.10 1.14 3152
 3009 4625 3151 87 1 1.10 1.14 3152
 3009 4609 3151 67 13 1.10 1.14 3152
 3009 4561 3151 87 1 1.10 1.14 3152
 3009 4353 3151 87 1 1.10 1.14 3152
 3009 4369 3151 87 1 1.10 1.14 3152
 3009 4385 3151 87 1 1.10 1.14 3152
 3009 4401 3151 87 1 1.10 1.14 3152
 3009 4417 3151 87 1 1.10 1.14 3152
 3009 4433 3151 87 1 1.10 1.14 3152
 3009 4449 3151 87 1 1.10 1.14 3152
 3009 4497 3151 67 13 1.10 1.14 3152
 3009 4513 3151 87 1 1.10 1.14 3152
 3009 4529 3151 87 1 1.10 1.14 3152
 3009 4545 3151 87 1 1.10 1.14 3152
 3025 4753 3151 87 1 1.10 1.14 3152
 3025 4737 3151 87 1 1.10 1.14 3152
 3025 4721 3151 87 1 1.10 1.14 3152
 3025 4657 3151 87 1 1.10 1.14 3152
 3025 4641 3151 87 1 1.10 1.14 3152
 3025 4625 3151 87 1 1.10 1.14 3152
 3025 4561 3693 87 2 1.10 1.14 3694
 3025 4337 3693 87 2 1.10 1.14 3694
 3025 4401 3693 87 2 1.10 1.14 3694
 3025 4465 3693 87 2 1.10 1.14 3694
 3025 4529 3151 87 1 1.10 1.14 3152
 3025 4545 3151 87 1 1.10 1.14 3152
 3041 4753 3151 87 1 1.10 1.14 3152
 3041 4737 3151 87 1 1.10 1.14 3152
 3041 4721 3151 87 1 1.10 1.14 3152
 3041 4657 3151 87 1 1.10 1.14 3152
 3041 4641 3151 87 1 1.10 1.14 3152
 3041 4625 3151 87 1 1.10 1.14 3152
 3041 4529 3151 87 1 1.10 1.14 3152
 3041 4545 3151 87 1 1.10 1.14 3152
 3057 4753 3151 87 1 1.10 1.14 3152
 3057 4737 3151 87 1 1.10 1.14 3152
 3057 4721 3151 87 1 1.10 1.14 3152
 3057 4657 3151 87 1 1.10 1.14 3152
 3057 4641 3151 87 1 1.10 1.14 3152
 3057 4625 3151 87 1 1.10 1.14 3152
 3057 4529 3151 87 1 1.10 1.14 3152
 3057 4545 3151 87 1 1.10 1.14 3152
 3073 4753 3151 87 1 1.10 1.14 3152
 3073 4737 3151 87 1 1.10 1.14 3152
 3073 4721 3151 87 1 1.10 1.14 3152
 3073 4657 3151 87 1 1.10 1.14 3152
 3073 4641 3151 87 1 1.10 1.14 3152
 3073 4625 3151 87 1 1.10 1.14 3152
 3073 4545 3151 87 1 1.10 1.14 3152
 3073 4529 3151 87 1 1.10 1.14 3152
 3089 4753 3151 87 1 1.10 1.14 3152
 3089 4737 3151 87 1 1.10 1.14 3152
 3089 4721 3151 87 1 1.10 1.14 3152
 3089 4641 3694 70 13 1.10 -4.86 3695
 3089 4625 3694 69 14 1.10 -4.86 3695
 3089 4609 3694 70 14 1.10 -4.86 3695 36 1
 3089 4593 3694 69 14 1.10 -4.86 3695
 3089 4577 3694 69 14 1.10 -4.86 3695
 3089 4561 3694 69 14 1.10 -4.86 3695
 3089 4353 3694 69 14 1.10 -4.86 3695
 3089 4337 3694 69 14 1.10 -4.86 3695
 3089 4369 3694 69 14 1.10 -4.86 3695
 3089 4385 3694 69 14 1.10 -4.86 3695
 3089 4401 3694 69 14 1.10 -4.86 3695
 3089 4417 3694 69 14 1.10 -4.86 3695
 3089 4433 3694 69 14 1.10 -4.86 3695
 3089 4449 3694 69 14 1.10 -4.86 3695
 3089 4465 3694 69 14 1.10 -4.86 3695
 3089 4481 3694 69 14 1.10 -4.86 3695
 3089 4497 3694 69 14 1.10 -4.86 3695
 3089 4545 3694 69 14 1.10 -4.86 3695
 3089 4529 3694 69 14 1.10 -4.86 3695
 3089 4513 3694 69 14 1.10 -4.86 3695
 3105 4753 3151 87 1 1.10 1.14 3152
 3105 4737 3151 87 1 1.10 1.14 3152
 3105 4721 3151 87 1 1.10 1.14 3152
 3121 4673 3195 87 3 1.10 1.14 3196
 3121 4577 3195 87 3 1.10 1.14 3196
 3121 4481 3195 87 3 1.10 1.14 3196
 3121 4289 3195 87 3 1.10 1.14 3196
 3121 4385 3195 87 3 1.10 1.14 3196
 3217 4673 3151 81 1 -999998.90 -18.86 3152
