 -10 278 3446 0.42 1 1 2 1 1 2 2 301 0.42 1
-1
-1
-1
-1
-1
-1
-1
-1
-1
-1
-1
-1
-1
-1
-1
-1
-1
-1
-1
-1
-1
-1
y0
VoiD
 1 4545 3151 85 10 1.10 1.14 3152
 1 4753 3151 85 13 1.10 1.14 3152
 1 4737 3151 85 6 1.10 1.14 3152
 1 4721 3151 85 6 1.10 1.14 3152
 1 4689 3151 85 6 1.10 1.14 3152
 1 4705 3151 85 6 1.10 1.14 3152
 1 4657 3151 85 6 1.10 1.14 3152
 1 4673 3151 85 6 1.10 1.14 3152
 1 4641 3151 85 6 1.10 1.14 3152
 1 4609 3151 85 6 1.10 1.14 3152
 1 4625 3151 85 6 1.10 1.14 3152
 1 4593 3151 85 6 1.10 1.14 3152
 1 4577 3151 85 6 1.10 1.14 3152
 1 4561 3151 85 6 1.10 1.14 3152
 17 4545 3151 85 8 1.10 1.14 3152
 17 4753 3151 85 2 1.10 1.14 3152
 33 4545 3151 85 8 1.10 1.14 3152
 33 4721 3192 51 1 1.10 1.14 3193 1
 33 4753 3151 85 2 1.10 1.14 3152
 49 4545 3151 85 8 1.10 1.14 3152
 49 4753 3151 85 2 1.10 1.14 3152
 49 4561 3151 67 27 1.10 1.14 3152
 65 4545 3151 85 8 1.10 1.14 3152
 65 4753 3151 85 2 1.10 1.14 3152
 65 4737 3151 67 17 1.10 1.14 3152
 65 4577 3151 67 27 1.10 1.14 3152
 81 4545 3151 85 8 1.10 1.14 3152
 81 4753 3151 85 2 1.10 1.14 3152
 81 4641 3151 85 1 1.10 1.14 3152
 81 4657 3151 85 7 1.10 1.14 3152
 81 4593 3151 67 27 1.10 1.14 3152
 97 4545 3151 85 8 1.10 1.14 3152
 97 4753 3151 85 2 1.10 1.14 3152
 97 4641 3151 85 2 1.10 1.14 3152
 97 4657 3151 85 8 1.10 1.14 3152
 97 4737 3151 67 27 1.10 1.14 3152
 97 4609 3151 67 27 1.10 1.14 3152
 113 4545 3151 85 8 1.10 1.14 3152
 113 4753 3151 85 2 1.10 1.14 3152
 113 4641 3151 85 2 1.10 1.14 3152
 113 4657 3151 85 8 1.10 1.14 3152
 113 4721 3151 67 27 1.10 1.14 3152
 113 4625 3151 67 27 1.10 1.14 3152
 129 4545 3151 85 8 1.10 1.14 3152
 129 4753 3151 85 2 1.10 1.14 3152
 129 4641 3151 85 2 1.10 1.14 3152
 129 4657 3151 85 8 1.10 1.14 3152
 129 4705 3151 67 27 1.10 1.14 3152
 129 4609 3151 67 27 1.10 1.14 3152
 145 4545 3151 85 8 1.10 1.14 3152
 145 4753 3151 85 2 1.10 1.14 3152
 145 4641 3151 85 2 1.10 1.14 3152
 145 4657 3151 85 8 1.10 1.14 3152
 145 4689 3151 67 27 1.10 1.14 3152
 145 4593 3151 67 27 1.10 1.14 3152
 161 4545 3151 85 8 1.10 1.14 3152
 161 4753 3151 85 2 1.10 1.14 3152
 161 4641 3151 85 2 1.10 1.14 3152
 161 4657 3151 85 8 1.10 1.14 3152
 161 4673 3151 67 27 1.10 1.14 3152
 161 4577 3151 67 27 1.10 1.14 3152
 177 4545 3151 85 8 1.10 1.14 3152
 177 4753 3151 85 2 1.10 1.14 3152
 177 4641 3151 85 2 1.10 1.14 3152
 177 4657 3151 85 8 1.10 1.14 3152
 177 4689 3151 67 27 1.10 1.14 3152
 177 4561 3151 67 27 1.10 1.14 3152
 193 4545 3151 85 8 1.10 1.14 3152
 193 4753 3151 85 2 1.10 1.14 3152
 193 4641 3151 85 2 1.10 1.14 3152
 193 4657 3151 85 8 1.10 1.14 3152
 193 4705 3151 67 27 1.10 1.14 3152
 193 4577 3151 67 27 1.10 1.14 3152
 209 4545 3151 85 8 1.10 1.14 3152
 209 4753 3151 85 2 1.10 1.14 3152
 209 4641 3151 85 2 1.10 1.14 3152
 209 4657 3151 85 8 1.10 1.14 3152
 209 4721 3151 67 27 1.10 1.14 3152
 209 4593 3151 67 27 1.10 1.14 3152
 225 4545 3151 85 8 1.10 1.14 3152
 225 4753 3151 85 2 1.10 1.14 3152
 225 4641 3151 85 2 1.10 1.14 3152
 225 4657 3151 85 8 1.10 1.14 3152
 225 4737 3151 67 27 1.10 1.14 3152
 225 4609 3151 67 27 1.10 1.14 3152
 241 4545 3151 85 8 1.10 1.14 3152
 241 4753 3151 85 2 1.10 1.14 3152
 241 4641 3151 85 2 1.10 1.14 3152
 241 4657 3151 85 8 1.10 1.14 3152
 241 4721 3151 67 27 1.10 1.14 3152
 241 4625 3151 67 27 1.10 1.14 3152
 257 4545 3151 85 8 1.10 1.14 3152
 257 4753 3151 85 2 1.10 1.14 3152
 257 4641 3151 85 2 1.10 1.14 3152
 257 4657 3151 85 8 1.10 1.14 3152
 257 4705 3151 67 27 1.10 1.14 3152
 257 4609 3151 67 27 1.10 1.14 3152
 273 4545 3151 85 8 1.10 1.14 3152
 273 4753 3151 85 2 1.10 1.14 3152
 273 4641 3151 85 2 1.10 1.14 3152
 273 4657 3151 85 8 1.10 1.14 3152
 273 4689 3151 67 27 1.10 1.14 3152
 273 4593 3151 67 27 1.10 1.14 3152
 289 4545 3151 85 8 1.10 1.14 3152
 289 4753 3151 85 2 1.10 1.14 3152
 289 4641 3151 85 2 1.10 1.14 3152
 289 4657 3151 85 8 1.10 1.14 3152
 289 4673 3151 67 27 1.10 1.14 3152
 289 4577 3151 67 27 1.10 1.14 3152
 305 4545 3151 85 8 1.10 1.14 3152
 305 4753 3151 85 2 1.10 1.14 3152
 305 4641 3151 85 2 1.10 1.14 3152
 305 4657 3151 85 8 1.10 1.14 3152
 305 4689 3151 67 27 1.10 1.14 3152
 305 4561 3151 67 27 1.10 1.14 3152
 321 4545 3151 85 8 1.10 1.14 3152
 321 4753 3151 85 2 1.10 1.14 3152
 321 4641 3151 85 2 1.10 1.14 3152
 321 4657 3151 85 8 1.10 1.14 3152
 321 4705 3151 67 27 1.10 1.14 3152
 321 4577 3151 67 27 1.10 1.14 3152
 337 4545 3151 85 8 1.10 1.14 3152
 337 4753 3151 85 2 1.10 1.14 3152
 337 4641 3151 85 2 1.10 1.14 3152
 337 4657 3151 85 8 1.10 1.14 3152
 337 4721 3151 67 27 1.10 1.14 3152
 337 4593 3151 67 27 1.10 1.14 3152
 353 4545 3151 85 8 1.10 1.14 3152
 353 4753 3151 85 2 1.10 1.14 3152
 353 4641 3151 85 3 1.10 1.14 3152
 353 4657 3151 85 9 1.10 1.14 3152
 353 4737 3151 67 27 1.10 1.14 3152
 353 4609 3151 67 27 1.10 1.14 3152
 369 4545 3151 85 8 1.10 1.14 3152
 369 4753 3151 85 2 1.10 1.14 3152
 369 4721 3151 67 27 1.10 1.14 3152
 369 4625 3151 67 27 1.10 1.14 3152
 385 4545 3151 85 8 1.10 1.14 3152
 385 4753 3151 85 2 1.10 1.14 3152
 385 4705 3151 67 27 1.10 1.14 3152
 385 4641 3151 67 27 1.10 1.14 3152
 401 4545 3151 85 8 1.10 1.14 3152
 401 4753 3151 85 2 1.10 1.14 3152
 401 4689 3151 67 27 1.10 1.14 3152
 401 4657 3151 67 27 1.10 1.14 3152
 401 4721 3192 70 11 1.10 -4.86 3193
 417 4545 3151 85 8 1.10 1.14 3152
 417 4753 3151 85 2 1.10 1.14 3152
 417 4673 3151 67 27 1.10 1.14 3152
 417 4721 3192 69 12 1.10 -4.86 3193
 433 4545 3151 85 11 1.10 1.14 3152
 433 4561 3151 85 4 1.10 1.14 3152
 433 4577 3151 85 4 1.10 1.14 3152
 433 4593 3151 85 4 1.10 1.14 3152
 433 4609 3151 85 4 1.10 1.14 3152
 433 4625 3151 85 4 1.10 1.14 3152
 433 4641 3151 85 4 1.10 1.14 3152
 433 4657 3151 85 4 1.10 1.14 3152
 433 4673 3151 85 4 1.10 1.14 3152
 433 4689 3151 85 4 1.10 1.14 3152
 433 4753 3151 85 2 1.10 1.14 3152
 433 4705 3151 85 7 1.10 1.14 3152
 433 4721 3192 69 12 1.10 -4.86 3193
 449 4753 3151 85 2 1.10 1.14 3152
 449 4705 3151 85 8 1.10 1.14 3152
 449 4609 3195 85 15 1.10 1.14 3196
 449 4513 3195 85 15 1.10 1.14 3196
 449 4721 3192 69 12 1.10 -4.86 3193
 465 4753 3151 85 2 1.10 1.14 3152
 465 4705 3151 85 8 1.10 1.14 3152
 465 4721 3192 69 12 1.10 -4.86 3193
 481 4753 3151 85 2 1.10 1.14 3152
 481 4705 3151 85 8 1.10 1.14 3152
 481 4721 3192 69 12 1.10 -4.86 3193
 497 4753 3151 85 2 1.10 1.14 3152
 497 4705 3151 85 8 1.10 1.14 3152
 497 4721 3192 69 12 1.10 -4.86 3193
 513 4753 3151 85 2 1.10 1.14 3152
 513 4705 3151 85 8 1.10 1.14 3152
 513 4721 3192 69 12 1.10 -4.86 3193
 529 4753 3151 85 2 1.10 1.14 3152
 529 4705 3151 85 8 1.10 1.14 3152
 529 4721 3192 69 12 1.10 -4.86 3193
 545 4753 3151 85 2 1.10 1.14 3152
 545 4705 3151 85 8 1.10 1.14 3152
 545 4609 3195 85 15 1.10 1.14 3196
 545 4513 3195 85 15 1.10 1.14 3196
 545 4721 3192 69 12 1.10 -4.86 3193
 561 4753 3151 85 2 1.10 1.14 3152
 561 4705 3151 85 8 1.10 1.14 3152
 561 4721 3192 69 12 1.10 -4.86 3193
 577 4753 3151 85 2 1.10 1.14 3152
 577 4705 3151 85 8 1.10 1.14 3152
 577 4721 3192 69 12 1.10 -4.86 3193
 593 4753 3151 85 2 1.10 1.14 3152
 593 4705 3151 85 8 1.10 1.14 3152
 593 4721 3192 69 12 1.10 -4.86 3193
 609 4753 3151 85 2 1.10 1.14 3152
 609 4705 3151 85 8 1.10 1.14 3152
 609 4721 3192 69 12 1.10 -4.86 3193
 625 4753 3151 85 2 1.10 1.14 3152
 625 4705 3151 85 8 1.10 1.14 3152
 625 4721 3192 69 12 1.10 -4.86 3193
 641 4753 3151 85 2 1.10 1.14 3152
 641 4705 3151 85 9 1.10 1.14 3152
 641 4689 3151 85 6 1.10 1.14 3152
 641 4673 3151 85 6 1.10 1.14 3152
 641 4657 3151 85 6 1.10 1.14 3152
 641 4641 3151 85 6 1.10 1.14 3152
 641 4625 3151 85 6 1.10 1.14 3152
 641 4609 3151 85 10 1.10 1.14 3152
 641 4545 3693 85 14 1.10 1.14 3694
 641 4721 3192 69 12 1.10 -4.86 3193
 657 4753 3151 85 2 1.10 1.14 3152
 657 4609 3151 85 8 1.10 1.14 3152
 657 4721 3192 70 11 1.10 -4.86 3193
 673 4753 3151 85 2 1.10 1.14 3152
 673 4609 3151 85 8 1.10 1.14 3152
 689 4753 3151 85 2 1.10 1.14 3152
 689 4609 3151 85 8 1.10 1.14 3152
 705 4753 3151 85 2 1.10 1.14 3152
 705 4609 3151 85 8 1.10 1.14 3152
 705 4545 3693 85 14 1.10 1.14 3694
 721 4753 3151 85 2 1.10 1.14 3152
 721 4609 3151 85 8 1.10 1.14 3152
 737 4753 3151 85 2 1.10 1.14 3152
 737 4609 3151 85 8 1.10 1.14 3152
 737 4721 3196 90 10 1.10 1.14 3197
 753 4753 3151 85 2 1.10 1.14 3152
 753 4609 3151 85 8 1.10 1.14 3152
 769 4753 3151 85 2 1.10 1.14 3152
 769 4609 3151 85 8 1.10 1.14 3152
 769 4545 3693 85 14 1.10 1.14 3694
 785 4753 3151 85 2 1.10 1.14 3152
 785 4609 3151 85 8 1.10 1.14 3152
 801 4753 3151 85 12 1.10 1.14 3152
 801 4737 3151 85 4 1.10 1.14 3152
 801 4721 3151 85 4 1.10 1.14 3152
 801 4705 3151 85 4 1.10 1.14 3152
 801 4689 3151 85 4 1.10 1.14 3152
 801 4673 3151 85 4 1.10 1.14 3152
 801 4657 3151 85 4 1.10 1.14 3152
 801 4641 3151 85 4 1.10 1.14 3152
 801 4625 3151 85 4 1.10 1.14 3152
 801 4609 3151 85 11 1.10 1.14 3152
 817 4689 3151 81 1 -999998.90 -18.86 3152
