 -10 1244 684 0.42 1 1 2 1 1 2 2 301 0.42 1
-1
-1
-1
-1
-1
-1
-1
-1
-1
-1
-1
-1
-1
-1
-1
-1
-1
-1
-1
-1
-1
-1
y0
Fortress
 1 4753 3151 87 31 1.10 1.14 3152
 17 4753 3151 87 31 1.10 1.14 3152
 33 4721 3192 51 1 1.10 1.14 3193 1
 33 4753 3151 87 31 1.10 1.14 3152
 33 4673 3151 61 7 1.10 1.14 3152 PAY CLOSE ATTENTION TO THE DETAILS OF THIS FORTRESS OR YOU WILL FIND YOURSELF GOING IN CIRCLES!
 49 4753 3151 87 31 1.10 1.14 3152
 65 4753 3151 87 31 1.10 1.14 3152
 81 4753 3151 87 31 1.10 1.14 3152
 97 4753 3151 87 31 1.10 1.14 3152
 113 4753 3151 87 31 1.10 1.14 3152
 113 4705 3151 87 30 1.10 1.14 3152
 113 4721 3151 87 33 1.10 1.14 3152
 113 4737 3151 87 36 1.10 1.14 3152
 113 4641 3151 59 3 1.10 1.14 3152
 129 4753 3151 87 31 1.10 1.14 3152
 129 4705 3151 87 31 1.10 1.14 3152
 129 4721 3151 87 34 1.10 1.14 3152
 129 4737 3151 87 37 1.10 1.14 3152
 145 4753 3151 87 31 1.10 1.14 3152
 145 4705 3151 87 31 1.10 1.14 3152
 145 4721 3151 87 34 1.10 1.14 3152
 145 4737 3151 87 37 1.10 1.14 3152
 161 4753 3151 87 31 1.10 1.14 3152
 161 4705 3151 87 31 1.10 1.14 3152
 161 4721 3151 87 34 1.10 1.14 3152
 161 4737 3151 87 37 1.10 1.14 3152
 177 4561 3151 79 57 4.10 4.14 0
 177 4577 3151 79 56 4.10 4.14 0
 177 4593 3151 79 54 4.10 4.14 0
 177 4753 3151 87 31 1.10 1.14 3152
 177 4705 3151 87 31 1.10 1.14 3152
 177 4721 3151 87 34 1.10 1.14 3152
 177 4737 3151 87 37 1.10 1.14 3152
 177 4673 3192 71 6 1.10 1.14 3193 31 1
 177 4545 3151 79 57 4.10 4.14 0
 193 4753 3151 87 31 1.10 1.14 3152
 193 4705 3151 87 31 1.10 1.14 3152
 193 4721 3151 87 34 1.10 1.14 3152
 193 4737 3151 87 37 1.10 1.14 3152
 209 4753 3151 87 31 1.10 1.14 3152
 209 4705 3151 87 32 1.10 1.14 3152
 209 4721 3151 87 35 1.10 1.14 3152
 209 4737 3151 87 38 1.10 1.14 3152
 225 4753 3151 87 31 1.10 1.14 3152
 241 4753 3151 87 31 1.10 1.14 3152
 257 4753 3151 87 31 1.10 1.14 3152
 273 4753 3151 87 31 1.10 1.14 3152
 289 4753 3151 87 31 1.10 1.14 3152
 289 4721 3151 87 30 1.10 1.14 3152
 289 4737 3151 87 36 1.10 1.14 3152
 305 4753 3151 87 31 1.10 1.14 3152
 305 4721 3151 87 31 1.10 1.14 3152
 305 4737 3151 87 37 1.10 1.14 3152
 321 4753 3151 87 31 1.10 1.14 3152
 321 4721 3151 87 31 1.10 1.14 3152
 321 4737 3151 87 37 1.10 1.14 3152
 337 4753 3151 87 31 1.10 1.14 3152
 337 4721 3151 87 31 1.10 1.14 3152
 337 4737 3151 87 37 1.10 1.14 3152
 353 4545 3151 79 57 4.10 4.14 0
 353 4561 3151 79 57 4.10 4.14 0
 353 4593 3151 79 53 4.10 4.14 0
 353 4577 3151 79 52 4.10 4.14 0
 353 4753 3151 87 31 1.10 1.14 3152
 353 4721 3151 87 31 1.10 1.14 3152
 353 4737 3151 87 37 1.10 1.14 3152
 353 4689 3192 71 6 1.10 1.14 3193 29 1
 369 4753 3151 87 31 1.10 1.14 3152
 369 4721 3151 87 31 1.10 1.14 3152
 369 4737 3151 87 37 1.10 1.14 3152
 385 4753 3151 87 31 1.10 1.14 3152
 385 4721 3151 87 32 1.10 1.14 3152
 385 4737 3151 87 38 1.10 1.14 3152
 401 4753 3151 87 31 1.10 1.14 3152
 417 4753 3151 87 31 1.10 1.14 3152
 433 4753 3151 87 31 1.10 1.14 3152
 449 4753 3151 87 31 1.10 1.14 3152
 465 4753 3151 87 31 1.10 1.14 3152
 481 4753 3151 87 31 1.10 1.14 3152
 481 4689 15496 87 43 1.10 1.14 15497
 497 4753 3151 87 31 1.10 1.14 3152
 513 4753 3151 87 31 1.10 1.14 3152
 529 4753 3151 87 31 1.10 1.14 3152
 545 4753 3151 87 31 1.10 1.14 3152
 545 4657 3192 53 5 1.10 1.14 3193
 561 4561 3151 79 57 4.10 4.14 0
 561 4577 3151 79 56 4.10 4.14 0
 561 4593 3151 79 54 4.10 4.14 0
 561 4545 3151 79 57 4.10 4.14 0
 561 4753 3151 87 31 1.10 1.14 3152
 561 4657 3192 71 6 1.10 1.14 3193 30 1
 577 4753 3151 87 31 1.10 1.14 3152
 593 4753 3151 87 31 1.10 1.14 3152
 609 4753 3151 87 31 1.10 1.14 3152
 625 4753 3151 87 31 1.10 1.14 3152
 641 4753 3151 87 31 1.10 1.14 3152
 657 4753 3151 87 31 1.10 1.14 3152
 673 4705 3151 81 1 -999998.90 -18.86 3152
