 -10 242 691 0.42 1 1 1 1 1 2 2 301 0.42 1
-1
-1
-1
-1
-1
-1
-1
-1
-1
-1
-1
-1
-1
-1
-1
-1
-1
-1
-1
-1
-1
-1
y0
Area 1
 1 4497 3151 58 1 1.10 -4.86 3152
 1 4513 3151 58 1 1.10 -4.86 3152
 1 4529 3151 58 1 1.10 -4.86 3152
 1 4545 3151 58 1 1.10 -4.86 3152
 1 4705 3151 58 1 1.10 -4.86 3152
 1 4689 3151 58 1 1.10 -4.86 3152
 1 4673 3151 58 1 1.10 -4.86 3152
 1 4657 3151 58 1 1.10 -4.86 3152
 1 4577 3151 58 1 1.10 -4.86 3152
 1 4593 3151 58 1 1.10 -4.86 3152
 1 4609 3151 58 1 1.10 -4.86 3152
 1 4641 3151 58 1 1.10 -4.86 3152
 1 4625 3151 58 1 1.10 -4.86 3152
 1 4561 3151 58 1 1.10 -4.86 3152
 1 3761 3151 60 1 1.10 1.14 3152
 1 3777 3151 60 1 1.10 1.14 3152
 1 4033 3151 60 1 1.10 1.14 3152
 1 4017 3151 60 1 1.10 1.14 3152
 1 4001 3151 60 1 1.10 1.14 3152
 1 3921 3151 60 1 1.10 1.14 3152
 1 4097 3151 58 1 1.10 -4.86 3152
 1 4113 3151 58 1 1.10 -4.86 3152
 1 4129 3151 58 1 1.10 -4.86 3152
 1 4145 3151 58 1 1.10 -4.86 3152
 1 4161 3151 58 1 1.10 -4.86 3152
 1 4177 3151 58 1 1.10 -4.86 3152
 1 4193 3151 58 1 1.10 -4.86 3152
 1 4209 3151 58 1 1.10 -4.86 3152
 1 4225 3151 58 1 1.10 -4.86 3152
 1 4241 3151 58 1 1.10 -4.86 3152
 1 4257 3151 58 1 1.10 -4.86 3152
 1 4273 3151 58 1 1.10 -4.86 3152
 1 4289 3151 58 1 1.10 -4.86 3152
 1 4305 3151 58 1 1.10 -4.86 3152
 1 4321 3151 58 1 1.10 -4.86 3152
 1 4337 3151 58 1 1.10 -4.86 3152
 1 4353 3151 58 1 1.10 -4.86 3152
 1 4369 3151 58 1 1.10 -4.86 3152
 1 4385 3151 58 1 1.10 -4.86 3152
 1 4081 3151 58 1 1.10 -4.86 3152
 1 4481 3151 58 1 1.10 -4.86 3152
 1 4465 3151 58 1 1.10 -4.86 3152
 1 4449 3151 58 1 1.10 -4.86 3152
 1 4433 3151 58 1 1.10 -4.86 3152
 1 4417 3151 58 1 1.10 -4.86 3152
 1 4401 3151 58 1 1.10 -4.86 3152
 17 4497 3151 61 9 1.10 1.14 3152
 17 4513 3151 58 1 1.10 -4.86 3152
 17 4705 3151 58 1 1.10 -4.86 3152
 17 4689 3151 58 1 1.10 -4.86 3152
 17 4673 3151 58 1 1.10 -4.86 3152
 17 4657 3151 58 1 1.10 -4.86 3152
 17 4609 3151 58 1 1.10 -4.86 3152
 17 4641 3151 58 1 1.10 -4.86 3152
 17 4625 3151 58 1 1.10 -4.86 3152
 17 4193 3151 63 12 1.10 1.14 3152
 17 4289 3151 61 9 1.10 1.14 3152
 17 4305 3151 61 9 1.10 1.14 3152
 17 4321 3151 61 9 1.10 1.14 3152
 17 4337 3151 61 9 1.10 1.14 3152
 17 4353 3151 61 9 1.10 1.14 3152
 17 4369 3151 61 9 1.10 1.14 3152
 17 3761 3151 60 1 1.10 1.14 3152
 17 3777 3151 60 1 1.10 1.14 3152
 17 3953 3151 60 1 1.10 1.14 3152
 17 3937 3151 60 1 1.10 1.14 3152
 17 3921 3151 60 1 1.10 1.14 3152
 17 4481 3151 61 9 1.10 1.14 3152
 17 4465 3151 61 9 1.10 1.14 3152
 17 4449 3151 61 9 1.10 1.14 3152
 17 4097 3151 58 1 1.10 -4.86 3152
 17 4113 3151 58 1 1.10 -4.86 3152
 17 4129 3151 58 1 1.10 -4.86 3152
 17 4145 3151 58 1 1.10 -4.86 3152
 17 4161 3151 58 1 1.10 -4.86 3152
 17 4177 3151 58 1 1.10 -4.86 3152
 17 4257 3151 58 1 1.10 -4.86 3152
 17 4273 3151 58 1 1.10 -4.86 3152
 17 4385 3151 58 1 1.10 -4.86 3152
 17 4081 3151 58 1 1.10 -4.86 3152
 17 4433 3151 58 1 1.10 -4.86 3152
 17 4417 3151 58 1 1.10 -4.86 3152
 17 4401 3151 58 1 1.10 -4.86 3152
 33 4497 3151 67 1 1.10 1.14 3152
 33 4513 3151 58 1 1.10 -4.86 3152
 33 4705 3151 58 1 1.10 -4.86 3152
 33 4689 3151 58 1 1.10 -4.86 3152
 33 4673 3151 58 1 1.10 -4.86 3152
 33 4657 3151 58 1 1.10 -4.86 3152
 33 4641 3151 58 1 1.10 -4.86 3152
 33 4625 3151 58 1 1.10 -4.86 3152
 33 4609 3151 58 1 1.10 -4.86 3152
 33 4193 3151 63 12 1.10 1.14 3152
 33 4289 3151 61 9 1.10 1.14 3152
 33 4305 3151 61 9 1.10 1.14 3152
 33 4321 3151 67 1 1.10 1.14 3152
 33 4337 3151 61 9 1.10 1.14 3152
 33 4353 3151 61 9 1.10 1.14 3152
 33 4369 3151 61 9 1.10 1.14 3152
 33 4385 3151 61 9 1.10 1.14 3152
 33 3761 3151 60 1 1.10 1.14 3152
 33 3777 3151 60 1 1.10 1.14 3152
 33 4065 3151 60 1 1.10 1.14 3152
 33 3937 3151 60 1 1.10 1.14 3152
 33 3921 3151 60 1 1.10 1.14 3152
 33 4481 3151 61 9 1.10 1.14 3152
 33 4465 3151 61 9 1.10 1.14 3152
 33 4449 3151 61 9 1.10 1.14 3152
 33 4433 3151 61 9 1.10 1.14 3152
 33 4097 3151 58 1 1.10 -4.86 3152
 33 4113 3151 58 1 1.10 -4.86 3152
 33 4129 3151 58 1 1.10 -4.86 3152
 33 4145 3151 58 1 1.10 -4.86 3152
 33 4161 3151 58 1 1.10 -4.86 3152
 33 4177 3151 58 1 1.10 -4.86 3152
 33 4257 3151 58 1 1.10 -4.86 3152
 33 4273 3151 58 1 1.10 -4.86 3152
 33 4081 3151 58 1 1.10 -4.86 3152
 33 4417 3151 58 1 1.10 -4.86 3152
 33 4401 3151 58 1 1.10 -4.86 3152
 49 4497 3151 61 9 1.10 1.14 3152
 49 4513 3151 58 1 1.10 -4.86 3152
 49 4705 3151 58 1 1.10 -4.86 3152
 49 4689 3151 58 1 1.10 -4.86 3152
 49 4673 3151 58 1 1.10 -4.86 3152
 49 4657 3151 58 1 1.10 -4.86 3152
 49 4641 3151 58 1 1.10 -4.86 3152
 49 4625 3151 58 1 1.10 -4.86 3152
 49 4609 3151 58 1 1.10 -4.86 3152
 49 4193 3151 63 12 1.10 1.14 3152
 49 4257 3151 61 9 1.10 1.14 3152
 49 4273 3151 61 9 1.10 1.14 3152
 49 4289 3151 61 9 1.10 1.14 3152
 49 4305 3151 61 9 1.10 1.14 3152
 49 4321 3151 61 9 1.10 1.14 3152
 49 4337 3151 61 9 1.10 1.14 3152
 49 4353 3151 61 9 1.10 1.14 3152
 49 4369 3151 61 9 1.10 1.14 3152
 49 4385 3151 61 9 1.10 1.14 3152
 49 3761 3151 60 1 1.10 1.14 3152
 49 3777 3151 60 1 1.10 1.14 3152
 49 3793 3151 60 1 1.10 1.14 3152
 49 3809 3151 60 1 1.10 1.14 3152
 49 3889 3151 60 1 1.10 1.14 3152
 49 4065 3151 60 1 1.10 1.14 3152
 49 4049 3151 60 1 1.10 1.14 3152
 49 3937 3151 60 1 1.10 1.14 3152
 49 3921 3151 60 1 1.10 1.14 3152
 49 3905 3151 60 1 1.10 1.14 3152
 49 4481 3151 61 9 1.10 1.14 3152
 49 4465 3151 54 28 1.10 1.14 3152
 49 4449 3151 61 9 1.10 1.14 3152
 49 4433 3151 61 9 1.10 1.14 3152
 49 4417 3151 67 1 1.10 1.14 3152
 49 4401 3151 61 9 1.10 1.14 3152
 49 4097 3151 58 1 1.10 -4.86 3152
 49 4113 3151 58 1 1.10 -4.86 3152
 49 4129 3151 58 1 1.10 -4.86 3152
 49 4145 3151 58 1 1.10 -4.86 3152
 49 4161 3151 58 1 1.10 -4.86 3152
 49 4177 3151 58 1 1.10 -4.86 3152
 49 4081 3151 58 1 1.10 -4.86 3152
 65 4497 3151 61 9 1.10 1.14 3152
 65 4513 3151 58 1 1.10 -4.86 3152
 65 4705 3151 58 1 1.10 -4.86 3152
 65 4689 3151 58 1 1.10 -4.86 3152
 65 4673 3151 58 1 1.10 -4.86 3152
 65 4657 3151 58 1 1.10 -4.86 3152
 65 4641 3151 58 1 1.10 -4.86 3152
 65 4625 3151 58 1 1.10 -4.86 3152
 65 4609 3151 58 1 1.10 -4.86 3152
 65 4193 3151 63 12 1.10 1.14 3152
 65 4257 3151 61 9 1.10 1.14 3152
 65 4273 3151 61 9 1.10 1.14 3152
 65 4289 3151 61 9 1.10 1.14 3152
 65 4305 3151 61 9 1.10 1.14 3152
 65 4321 3151 61 9 1.10 1.14 3152
 65 4337 3151 61 9 1.10 1.14 3152
 65 4353 3151 61 9 1.10 1.14 3152
 65 4369 3151 61 9 1.10 1.14 3152
 65 4385 3151 61 9 1.10 1.14 3152
 65 3729 3151 60 1 1.10 1.14 3152
 65 3745 3151 60 1 1.10 1.14 3152
 65 3761 3151 60 1 1.10 1.14 3152
 65 3777 3151 60 1 1.10 1.14 3152
 65 3793 3151 60 1 1.10 1.14 3152
 65 3809 3151 60 1 1.10 1.14 3152
 65 3889 3151 60 1 1.10 1.14 3152
 65 4065 3151 60 1 1.10 1.14 3152
 65 4049 3151 60 1 1.10 1.14 3152
 65 4033 3151 60 1 1.10 1.14 3152
 65 4017 3151 60 1 1.10 1.14 3152
 65 3937 3151 60 1 1.10 1.14 3152
 65 3921 3151 60 1 1.10 1.14 3152
 65 3905 3151 60 1 1.10 1.14 3152
 65 4481 3151 61 9 1.10 1.14 3152
 65 4465 3151 61 9 1.10 1.14 3152
 65 4449 3151 61 9 1.10 1.14 3152
 65 4433 3151 61 9 1.10 1.14 3152
 65 4417 3151 61 9 1.10 1.14 3152
 65 4401 3151 61 9 1.10 1.14 3152
 65 4097 3151 58 1 1.10 -4.86 3152
 65 4113 3151 58 1 1.10 -4.86 3152
 65 4129 3151 58 1 1.10 -4.86 3152
 65 4145 3151 58 1 1.10 -4.86 3152
 65 4161 3151 58 1 1.10 -4.86 3152
 65 4177 3151 58 1 1.10 -4.86 3152
 65 4081 3151 58 1 1.10 -4.86 3152
 81 4497 3151 61 9 1.10 1.14 3152
 81 4513 3151 58 1 1.10 -4.86 3152
 81 4705 3151 58 1 1.10 -4.86 3152
 81 4689 3151 58 1 1.10 -4.86 3152
 81 4673 3151 58 1 1.10 -4.86 3152
 81 4657 3151 58 1 1.10 -4.86 3152
 81 4641 3151 58 1 1.10 -4.86 3152
 81 4625 3151 58 1 1.10 -4.86 3152
 81 4609 3151 58 1 1.10 -4.86 3152
 81 4257 3151 61 9 1.10 1.14 3152
 81 4273 3151 61 9 1.10 1.14 3152
 81 4289 3151 61 9 1.10 1.14 3152
 81 4305 3151 54 11 1.10 1.14 3152
 81 4321 3151 61 9 1.10 1.14 3152
 81 4337 3151 61 9 1.10 1.14 3152
 81 4353 3151 61 9 1.10 1.14 3152
 81 4369 3151 61 9 1.10 1.14 3152
 81 4385 3151 61 9 1.10 1.14 3152
 81 4481 3151 61 9 1.10 1.14 3152
 81 4465 3151 61 9 1.10 1.14 3152
 81 4449 3151 61 9 1.10 1.14 3152
 81 4433 3151 67 1 1.10 1.14 3152
 81 4417 3151 61 9 1.10 1.14 3152
 81 4401 3151 61 9 1.10 1.14 3152
 81 4097 3694 69 6 1.10 -4.86 3695
 81 4113 3694 69 6 1.10 -4.86 3695
 81 4129 3694 69 6 1.10 -4.86 3695
 81 4145 3694 69 6 1.10 -4.86 3695
 81 4161 3694 69 6 1.10 -4.86 3695
 81 4177 3694 69 6 1.10 -4.86 3695
 81 4193 3694 69 6 1.10 -4.86 3695
 81 4209 3694 69 5 1.10 -4.86 3695
 81 4081 3694 69 6 1.10 -4.86 3695
 81 3569 3694 69 6 1.10 -4.86 3695
 81 3585 3694 69 6 1.10 -4.86 3695
 81 3601 3694 69 6 1.10 -4.86 3695
 81 3617 3694 69 6 1.10 -4.86 3695
 81 3633 3694 69 6 1.10 -4.86 3695
 81 3649 3694 69 6 1.10 -4.86 3695
 81 3665 3694 69 6 1.10 -4.86 3695
 81 3681 3694 69 6 1.10 -4.86 3695
 81 3697 3694 69 6 1.10 -4.86 3695
 81 3713 3694 69 6 1.10 -4.86 3695
 81 3745 3694 69 6 1.10 -4.86 3695
 81 3761 3694 69 6 1.10 -4.86 3695
 81 3777 3694 69 6 1.10 -4.86 3695
 81 3793 3694 69 6 1.10 -4.86 3695
 81 3809 3694 69 6 1.10 -4.86 3695
 81 3825 3694 69 6 1.10 -4.86 3695
 81 3841 3694 69 6 1.10 -4.86 3695
 81 3857 3694 69 6 1.10 -4.86 3695
 81 3873 3694 69 6 1.10 -4.86 3695
 81 3889 3694 69 6 1.10 -4.86 3695
 81 4065 3694 69 6 1.10 -4.86 3695
 81 4049 3694 69 6 1.10 -4.86 3695
 81 4033 3694 69 6 1.10 -4.86 3695
 81 4017 3694 69 6 1.10 -4.86 3695
 81 4001 3694 69 6 1.10 -4.86 3695
 81 3985 3694 69 6 1.10 -4.86 3695
 81 3969 3694 69 6 1.10 -4.86 3695
 81 3953 3694 69 6 1.10 -4.86 3695
 81 3937 3694 69 6 1.10 -4.86 3695
 81 3921 3694 69 6 1.10 -4.86 3695
 81 3905 3694 69 6 1.10 -4.86 3695
 81 3729 3694 70 22 1.10 -5.86 3695 1
 97 4497 3151 61 9 1.10 1.14 3152
 97 4513 3151 58 1 1.10 -4.86 3152
 97 4705 3151 58 1 1.10 -4.86 3152
 97 4689 3151 58 1 1.10 -4.86 3152
 97 4673 3151 58 1 1.10 -4.86 3152
 97 4657 3151 58 1 1.10 -4.86 3152
 97 4641 3151 58 1 1.10 -4.86 3152
 97 4625 3151 58 1 1.10 -4.86 3152
 97 4609 3151 58 1 1.10 -4.86 3152
 97 4257 3151 61 9 1.10 1.14 3152
 97 4273 3151 61 9 1.10 1.14 3152
 97 4289 3151 61 9 1.10 1.14 3152
 97 4305 3151 61 9 1.10 1.14 3152
 97 4321 3151 61 9 1.10 1.14 3152
 97 4369 3151 61 9 1.10 1.14 3152
 97 4385 3151 61 9 1.10 1.14 3152
 97 4481 3151 61 9 1.10 1.14 3152
 97 4465 3151 61 9 1.10 1.14 3152
 97 4449 3151 61 9 1.10 1.14 3152
 97 4433 3151 61 9 1.10 1.14 3152
 97 4417 3151 61 9 1.10 1.14 3152
 97 4401 3151 61 9 1.10 1.14 3152
 97 4337 3151 58 1 1.10 -4.86 3152
 97 4353 3151 58 1 1.10 -4.86 3152
 113 4497 3151 61 9 1.10 1.14 3152
 113 4513 3151 58 1 1.10 -4.86 3152
 113 4705 3151 58 1 1.10 -4.86 3152
 113 4689 3151 58 1 1.10 -4.86 3152
 113 4673 3151 58 1 1.10 -4.86 3152
 113 4657 3151 58 1 1.10 -4.86 3152
 113 4641 3151 58 1 1.10 -4.86 3152
 113 4625 3151 58 1 1.10 -4.86 3152
 113 4609 3151 58 1 1.10 -4.86 3152
 113 4193 3151 63 12 1.10 1.14 3152
 113 4257 3151 61 9 1.10 1.14 3152
 113 4273 3151 61 9 1.10 1.14 3152
 113 4289 3151 61 9 1.10 1.14 3152
 113 4305 3151 61 9 1.10 1.14 3152
 113 4321 3151 61 9 1.10 1.14 3152
 113 4385 3151 61 9 1.10 1.14 3152
 113 3777 3151 60 1 1.10 1.14 3152
 113 3793 3151 60 1 1.10 1.14 3152
 113 3809 3151 60 1 1.10 1.14 3152
 113 3825 3151 60 1 1.10 1.14 3152
 113 4065 3151 60 1 1.10 1.14 3152
 113 4049 3151 60 1 1.10 1.14 3152
 113 4033 3151 60 1 1.10 1.14 3152
 113 4017 3151 60 1 1.10 1.14 3152
 113 4001 3151 60 1 1.10 1.14 3152
 113 3985 3151 60 1 1.10 1.14 3152
 113 4481 3151 61 9 1.10 1.14 3152
 113 4433 3151 61 9 1.10 1.14 3152
 113 4417 3151 61 9 1.10 1.14 3152
 113 4401 3151 61 9 1.10 1.14 3152
 113 4097 3151 58 1 1.10 -4.86 3152
 113 4113 3151 58 1 1.10 -4.86 3152
 113 4129 3151 58 1 1.10 -4.86 3152
 113 4145 3151 58 1 1.10 -4.86 3152
 113 4161 3151 58 1 1.10 -4.86 3152
 113 4177 3151 58 1 1.10 -4.86 3152
 113 4337 3151 58 1 1.10 -4.86 3152
 113 4353 3151 58 1 1.10 -4.86 3152
 113 4369 3151 58 1 1.10 -4.86 3152
 113 4081 3151 58 1 1.10 -4.86 3152
 113 4465 3151 58 1 1.10 -4.86 3152
 113 4449 3151 58 1 1.10 -4.86 3152
 129 4497 3151 58 1 1.10 -4.86 3152
 129 4513 3151 58 1 1.10 -4.86 3152
 129 4705 3151 58 1 1.10 -4.86 3152
 129 4689 3151 58 1 1.10 -4.86 3152
 129 4673 3151 58 1 1.10 -4.86 3152
 129 4657 3151 58 1 1.10 -4.86 3152
 129 4641 3151 58 1 1.10 -4.86 3152
 129 4625 3151 58 1 1.10 -4.86 3152
 129 4609 3151 58 1 1.10 -4.86 3152
 129 4193 3151 63 12 1.10 1.14 3152
 129 4257 3151 61 9 1.10 1.14 3152
 129 4273 3151 61 9 1.10 1.14 3152
 129 4289 3151 61 9 1.10 1.14 3152
 129 4305 3151 61 9 1.10 1.14 3152
 129 4321 3151 61 9 1.10 1.14 3152
 129 3777 3151 60 1 1.10 1.14 3152
 129 3793 3151 60 1 1.10 1.14 3152
 129 3809 3151 60 1 1.10 1.14 3152
 129 3825 3151 60 1 1.10 1.14 3152
 129 3889 3151 60 1 1.10 1.14 3152
 129 4017 3151 60 1 1.10 1.14 3152
 129 4001 3151 60 1 1.10 1.14 3152
 129 3985 3151 60 1 1.10 1.14 3152
 129 3969 3151 60 1 1.10 1.14 3152
 129 3905 3151 60 1 1.10 1.14 3152
 129 4097 3151 58 1 1.10 -4.86 3152
 129 4113 3151 58 1 1.10 -4.86 3152
 129 4129 3151 58 1 1.10 -4.86 3152
 129 4145 3151 58 1 1.10 -4.86 3152
 129 4161 3151 58 1 1.10 -4.86 3152
 129 4177 3151 58 1 1.10 -4.86 3152
 129 4337 3151 58 1 1.10 -4.86 3152
 129 4353 3151 58 1 1.10 -4.86 3152
 129 4369 3151 58 1 1.10 -4.86 3152
 129 4385 3151 58 1 1.10 -4.86 3152
 129 4081 3151 58 1 1.10 -4.86 3152
 129 4481 3151 58 1 1.10 -4.86 3152
 129 4465 3151 58 1 1.10 -4.86 3152
 129 4449 3151 58 1 1.10 -4.86 3152
 129 4433 3151 58 1 1.10 -4.86 3152
 129 4417 3151 58 1 1.10 -4.86 3152
 129 4401 3151 58 1 1.10 -4.86 3152
 145 4497 3151 61 9 1.10 1.14 3152
 145 4513 3151 61 9 1.10 1.14 3152
 145 4705 3151 58 1 1.10 -4.86 3152
 145 4689 3151 58 1 1.10 -4.86 3152
 145 4673 3151 58 1 1.10 -4.86 3152
 145 4657 3151 58 1 1.10 -4.86 3152
 145 4641 3151 58 1 1.10 -4.86 3152
 145 4625 3151 58 1 1.10 -4.86 3152
 145 4609 3151 58 1 1.10 -4.86 3152
 145 4193 3151 63 12 1.10 1.14 3152
 145 4257 3151 61 9 1.10 1.14 3152
 145 4273 3151 61 9 1.10 1.14 3152
 145 4289 3151 61 9 1.10 1.14 3152
 145 4305 3151 61 9 1.10 1.14 3152
 145 4321 3151 61 9 1.10 1.14 3152
 145 4337 3151 61 9 1.10 1.14 3152
 145 4353 3151 61 9 1.10 1.14 3152
 145 4369 3151 61 9 1.10 1.14 3152
 145 4481 3151 61 9 1.10 1.14 3152
 145 4465 3151 61 9 1.10 1.14 3152
 145 4097 3151 58 1 1.10 -4.86 3152
 145 4113 3151 58 1 1.10 -4.86 3152
 145 4129 3151 58 1 1.10 -4.86 3152
 145 4145 3151 58 1 1.10 -4.86 3152
 145 4161 3151 58 1 1.10 -4.86 3152
 145 4177 3151 58 1 1.10 -4.86 3152
 145 4385 3151 58 1 1.10 -4.86 3152
 145 4081 3151 58 1 1.10 -4.86 3152
 145 3569 3694 69 6 1.10 -4.86 3695
 145 3585 3694 69 6 1.10 -4.86 3695
 145 3601 3694 69 6 1.10 -4.86 3695
 145 3617 3694 69 6 1.10 -4.86 3695
 145 3633 3694 69 6 1.10 -4.86 3695
 145 3649 3694 69 6 1.10 -4.86 3695
 145 3665 3694 69 6 1.10 -4.86 3695
 145 3681 3694 69 6 1.10 -4.86 3695
 145 3697 3694 69 6 1.10 -4.86 3695
 145 3713 3694 69 6 1.10 -4.86 3695
 145 3729 3694 70 6 1.10 -4.86 3695 21 2
 145 3745 3694 69 6 1.10 -4.86 3695
 145 3761 3694 69 6 1.10 -4.86 3695
 145 3777 3694 69 6 1.10 -4.86 3695
 145 3793 3694 69 6 1.10 -4.86 3695
 145 3809 3694 69 6 1.10 -4.86 3695
 145 3825 3694 69 6 1.10 -4.86 3695
 145 3841 3694 69 6 1.10 -4.86 3695
 145 3857 3694 69 6 1.10 -4.86 3695
 145 3873 3694 69 6 1.10 -4.86 3695
 145 3889 3694 69 6 1.10 -4.86 3695
 145 4017 3694 70 5 1.10 -4.86 3695
 145 4001 3694 69 6 1.10 -4.86 3695
 145 3985 3694 69 6 1.10 -4.86 3695
 145 3969 3694 69 6 1.10 -4.86 3695
 145 3953 3694 69 6 1.10 -4.86 3695
 145 3937 3694 69 6 1.10 -4.86 3695
 145 3921 3694 69 6 1.10 -4.86 3695
 145 3905 3694 69 6 1.10 -4.86 3695
 145 4449 3151 58 1 1.10 -4.86 3152
 145 4433 3151 58 1 1.10 -4.86 3152
 145 4417 3151 58 1 1.10 -4.86 3152
 145 4401 3151 58 1 1.10 -4.86 3152
 161 4497 3151 61 9 1.10 1.14 3152
 161 4513 3151 61 9 1.10 1.14 3152
 161 4705 3151 58 1 1.10 -4.86 3152
 161 4689 3151 58 1 1.10 -4.86 3152
 161 4673 3151 58 1 1.10 -4.86 3152
 161 4657 3151 58 1 1.10 -4.86 3152
 161 4641 3151 58 1 1.10 -4.86 3152
 161 4625 3151 58 1 1.10 -4.86 3152
 161 4609 3151 58 1 1.10 -4.86 3152
 161 4193 3151 63 12 1.10 1.14 3152
 161 4257 3151 61 9 1.10 1.14 3152
 161 4273 3151 61 9 1.10 1.14 3152
 161 4289 3151 61 9 1.10 1.14 3152
 161 4305 3151 61 9 1.10 1.14 3152
 161 4321 3151 61 9 1.10 1.14 3152
 161 4337 3151 61 9 1.10 1.14 3152
 161 4353 3151 61 9 1.10 1.14 3152
 161 4369 3151 61 9 1.10 1.14 3152
 161 4385 3151 61 9 1.10 1.14 3152
 161 4481 3151 61 9 1.10 1.14 3152
 161 4465 3151 61 9 1.10 1.14 3152
 161 4449 3151 61 9 1.10 1.14 3152
 161 4401 3151 61 9 1.10 1.14 3152
 161 4097 3151 58 1 1.10 -4.86 3152
 161 4113 3151 58 1 1.10 -4.86 3152
 161 4129 3151 58 1 1.10 -4.86 3152
 161 4145 3151 58 1 1.10 -4.86 3152
 161 4161 3151 58 1 1.10 -4.86 3152
 161 4177 3151 58 1 1.10 -4.86 3152
 161 4081 3151 58 1 1.10 -4.86 3152
 161 4433 3151 58 1 1.10 -4.86 3152
 161 4417 3151 58 1 1.10 -4.86 3152
 177 4497 3151 61 9 1.10 1.14 3152
 177 4513 3151 61 9 1.10 1.14 3152
 177 4705 3151 58 1 1.10 -4.86 3152
 177 4689 3151 58 1 1.10 -4.86 3152
 177 4673 3151 58 1 1.10 -4.86 3152
 177 4657 3151 58 1 1.10 -4.86 3152
 177 4641 3151 58 1 1.10 -4.86 3152
 177 4625 3151 58 1 1.10 -4.86 3152
 177 4609 3151 58 1 1.10 -4.86 3152
 177 4193 3151 63 12 1.10 1.14 3152
 177 4257 3151 61 9 1.10 1.14 3152
 177 4273 3151 61 9 1.10 1.14 3152
 177 4289 3151 67 1 1.10 1.14 3152
 177 4305 3151 61 9 1.10 1.14 3152
 177 4321 3151 61 9 1.10 1.14 3152
 177 4337 3151 61 9 1.10 1.14 3152
 177 4353 3151 61 9 1.10 1.14 3152
 177 4369 3151 67 1 1.10 1.14 3152
 177 4385 3151 61 9 1.10 1.14 3152
 177 3745 3151 60 1 1.10 1.14 3152
 177 3761 3151 60 1 1.10 1.14 3152
 177 3777 3151 60 1 1.10 1.14 3152
 177 3793 3151 60 1 1.10 1.14 3152
 177 3809 3151 60 1 1.10 1.14 3152
 177 3825 3151 60 1 1.10 1.14 3152
 177 3969 3151 60 1 1.10 1.14 3152
 177 3953 3151 60 1 1.10 1.14 3152
 177 3937 3151 60 1 1.10 1.14 3152
 177 4481 3151 61 9 1.10 1.14 3152
 177 4465 3151 67 1 1.10 1.14 3152
 177 4449 3151 61 9 1.10 1.14 3152
 177 4433 3151 61 9 1.10 1.14 3152
 177 4417 3151 61 9 1.10 1.14 3152
 177 4401 3151 61 9 1.10 1.14 3152
 177 4097 3151 58 1 1.10 -4.86 3152
 177 4113 3151 58 1 1.10 -4.86 3152
 177 4129 3151 58 1 1.10 -4.86 3152
 177 4145 3151 58 1 1.10 -4.86 3152
 177 4161 3151 58 1 1.10 -4.86 3152
 177 4177 3151 58 1 1.10 -4.86 3152
 177 4081 3151 58 1 1.10 -4.86 3152
 193 4497 3151 61 9 1.10 1.14 3152
 193 4513 3151 58 1 1.10 -4.86 3152
 193 4705 3151 58 1 1.10 -4.86 3152
 193 4689 3151 58 1 1.10 -4.86 3152
 193 4673 3151 58 1 1.10 -4.86 3152
 193 4657 3151 58 1 1.10 -4.86 3152
 193 4641 3151 58 1 1.10 -4.86 3152
 193 4625 3151 58 1 1.10 -4.86 3152
 193 4609 3151 58 1 1.10 -4.86 3152
 193 4193 3151 63 12 1.10 1.14 3152
 193 4257 3151 61 9 1.10 1.14 3152
 193 4273 3151 61 9 1.10 1.14 3152
 193 4289 3151 61 9 1.10 1.14 3152
 193 4305 3151 61 9 1.10 1.14 3152
 193 4321 3151 61 9 1.10 1.14 3152
 193 4337 3151 61 9 1.10 1.14 3152
 193 4353 3151 61 9 1.10 1.14 3152
 193 4369 3151 61 9 1.10 1.14 3152
 193 4385 3151 61 9 1.10 1.14 3152
 193 3761 3151 60 1 1.10 1.14 3152
 193 3777 3151 60 1 1.10 1.14 3152
 193 3793 3151 60 1 1.10 1.14 3152
 193 3809 3151 60 1 1.10 1.14 3152
 193 3825 3151 60 1 1.10 1.14 3152
 193 3985 3151 60 1 1.10 1.14 3152
 193 3969 3151 60 1 1.10 1.14 3152
 193 3953 3151 60 1 1.10 1.14 3152
 193 4481 3151 61 9 1.10 1.14 3152
 193 4465 3151 61 9 1.10 1.14 3152
 193 4449 3151 61 9 1.10 1.14 3152
 193 4433 3151 61 9 1.10 1.14 3152
 193 4417 3151 61 9 1.10 1.14 3152
 193 4401 3151 61 9 1.10 1.14 3152
 193 4097 3151 58 1 1.10 -4.86 3152
 193 4113 3151 58 1 1.10 -4.86 3152
 193 4129 3151 58 1 1.10 -4.86 3152
 193 4145 3151 58 1 1.10 -4.86 3152
 193 4161 3151 58 1 1.10 -4.86 3152
 193 4177 3151 58 1 1.10 -4.86 3152
 193 4081 3151 58 1 1.10 -4.86 3152
 209 4497 3151 58 1 1.10 -4.86 3152
 209 4513 3151 58 1 1.10 -4.86 3152
 209 4705 3151 58 1 1.10 -4.86 3152
 209 4689 3151 58 1 1.10 -4.86 3152
 209 4673 3151 58 1 1.10 -4.86 3152
 209 4657 3151 58 1 1.10 -4.86 3152
 209 4641 3151 58 1 1.10 -4.86 3152
 209 4625 3151 58 1 1.10 -4.86 3152
 209 4609 3151 58 1 1.10 -4.86 3152
 209 4193 3151 63 12 1.10 1.14 3152
 209 4289 3151 61 9 1.10 1.14 3152
 209 4305 3151 61 9 1.10 1.14 3152
 209 4321 3151 61 9 1.10 1.14 3152
 209 4337 3151 61 9 1.10 1.14 3152
 209 4353 3151 61 9 1.10 1.14 3152
 209 4369 3151 61 9 1.10 1.14 3152
 209 4385 3151 61 9 1.10 1.14 3152
 209 3793 3151 60 1 1.10 1.14 3152
 209 3809 3151 60 1 1.10 1.14 3152
 209 3825 3151 60 1 1.10 1.14 3152
 209 4001 3151 60 1 1.10 1.14 3152
 209 3985 3151 60 1 1.10 1.14 3152
 209 3969 3151 60 15 1.10 1.14 3152
 209 4481 3151 61 9 1.10 1.14 3152
 209 4465 3151 61 9 1.10 1.14 3152
 209 4449 3151 61 9 1.10 1.14 3152
 209 4433 3151 61 9 1.10 1.14 3152
 209 4417 3151 61 9 1.10 1.14 3152
 209 4401 3151 61 9 1.10 1.14 3152
 209 4097 3151 58 1 1.10 -4.86 3152
 209 4113 3151 58 1 1.10 -4.86 3152
 209 4129 3151 58 1 1.10 -4.86 3152
 209 4145 3151 58 1 1.10 -4.86 3152
 209 4161 3151 58 1 1.10 -4.86 3152
 209 4177 3151 58 1 1.10 -4.86 3152
 209 4257 3151 58 1 1.10 -4.86 3152
 209 4273 3151 58 1 1.10 -4.86 3152
 209 4081 3151 58 1 1.10 -4.86 3152
 225 4497 3151 58 1 1.10 -4.86 3152
 225 4513 3151 58 1 1.10 -4.86 3152
 225 4705 3151 58 1 1.10 -4.86 3152
 225 4689 3151 58 1 1.10 -4.86 3152
 225 4673 3151 58 1 1.10 -4.86 3152
 225 4657 3151 58 1 1.10 -4.86 3152
 225 4641 3151 58 1 1.10 -4.86 3152
 225 4625 3151 58 1 1.10 -4.86 3152
 225 4609 3151 58 1 1.10 -4.86 3152
 225 4577 3192 70 7 1.10 -4.86 3193
 225 4193 3151 63 12 1.10 1.14 3152
 225 4305 3151 61 9 1.10 1.14 3152
 225 4321 3151 61 9 1.10 1.14 3152
 225 4337 3151 61 9 1.10 1.14 3152
 225 4353 3151 61 9 1.10 1.14 3152
 225 4369 3151 61 9 1.10 1.14 3152
 225 4385 3151 61 9 1.10 1.14 3152
 225 3793 3151 60 1 1.10 1.14 3152
 225 3809 3151 60 1 1.10 1.14 3152
 225 3825 3151 60 1 1.10 1.14 3152
 225 4001 3151 60 1 1.10 1.14 3152
 225 3985 3151 60 1 1.10 1.14 3152
 225 3969 3151 60 1 1.10 1.14 3152
 225 4465 3151 61 9 1.10 1.14 3152
 225 4449 3151 61 9 1.10 1.14 3152
 225 4433 3151 61 9 1.10 1.14 3152
 225 4417 3151 54 12 1.10 1.14 3152
 225 4401 3151 61 9 1.10 1.14 3152
 225 4097 3151 58 1 1.10 -4.86 3152
 225 4113 3151 58 1 1.10 -4.86 3152
 225 4129 3151 58 1 1.10 -4.86 3152
 225 4145 3151 58 1 1.10 -4.86 3152
 225 4161 3151 58 1 1.10 -4.86 3152
 225 4177 3151 58 1 1.10 -4.86 3152
 225 4257 3151 58 1 1.10 -4.86 3152
 225 4273 3151 58 1 1.10 -4.86 3152
 225 4289 3151 58 1 1.10 -4.86 3152
 225 4081 3151 58 1 1.10 -4.86 3152
 225 4049 3192 69 7 1.10 -4.86 3193
 225 4481 3151 58 1 1.10 -4.86 3152
 241 4497 3151 58 1 1.10 -4.86 3152
 241 4513 3151 58 1 1.10 -4.86 3152
 241 4529 3151 58 1 1.10 -4.86 3152
 241 4545 3151 58 1 1.10 -4.86 3152
 241 4705 3151 58 1 1.10 -4.86 3152
 241 4689 3151 58 1 1.10 -4.86 3152
 241 4673 3151 58 1 1.10 -4.86 3152
 241 4657 3151 58 1 1.10 -4.86 3152
 241 4641 3151 58 1 1.10 -4.86 3152
 241 4625 3151 58 1 1.10 -4.86 3152
 241 4609 3151 58 1 1.10 -4.86 3152
 241 4577 3192 69 8 1.10 -4.86 3193
 241 4561 3151 58 1 1.10 -4.86 3152
 241 3793 3151 60 1 1.10 1.14 3152
 241 3809 3151 60 1 1.10 1.14 3152
 241 3825 3151 60 1 1.10 1.14 3152
 241 4001 3151 60 1 1.10 1.14 3152
 241 3985 3151 60 1 1.10 1.14 3152
 241 4097 3151 58 1 1.10 -4.86 3152
 241 4113 3151 58 1 1.10 -4.86 3152
 241 4129 3151 58 1 1.10 -4.86 3152
 241 4145 3151 58 1 1.10 -4.86 3152
 241 4161 3151 58 1 1.10 -4.86 3152
 241 4177 3151 58 1 1.10 -4.86 3152
 241 4193 3151 58 1 1.10 -4.86 3152
 241 4209 3151 58 1 1.10 -4.86 3152
 241 4225 3151 58 1 1.10 -4.86 3152
 241 4241 3151 58 1 1.10 -4.86 3152
 241 4257 3151 58 1 1.10 -4.86 3152
 241 4273 3151 58 1 1.10 -4.86 3152
 241 4289 3151 58 1 1.10 -4.86 3152
 241 4305 3151 58 1 1.10 -4.86 3152
 241 4321 3151 58 1 1.10 -4.86 3152
 241 4337 3151 58 1 1.10 -4.86 3152
 241 4353 3151 58 1 1.10 -4.86 3152
 241 4369 3151 58 1 1.10 -4.86 3152
 241 4385 3151 58 1 1.10 -4.86 3152
 241 4081 3151 58 1 1.10 -4.86 3152
 241 4049 3192 69 8 1.10 -4.86 3193
 241 4481 3151 58 1 1.10 -4.86 3152
 241 4465 3151 58 1 1.10 -4.86 3152
 241 4449 3151 58 1 1.10 -4.86 3152
 241 4433 3151 58 1 1.10 -4.86 3152
 241 4417 3151 58 1 1.10 -4.86 3152
 241 4401 3151 58 1 1.10 -4.86 3152
 257 4497 3694 69 6 1.10 -4.86 3695
 257 4513 3694 69 6 1.10 -4.86 3695
 257 4529 3694 69 6 1.10 -4.86 3695
 257 4545 3694 69 6 1.10 -4.86 3695
 257 4577 3196 69 20 1.10 -4.86 3197
 257 4561 3694 69 6 1.10 -4.86 3695
 257 4097 3694 69 6 1.10 -4.86 3695
 257 4113 3694 69 6 1.10 -4.86 3695
 257 4129 3694 69 6 1.10 -4.86 3695
 257 4145 3694 69 6 1.10 -4.86 3695
 257 4161 3694 69 6 1.10 -4.86 3695
 257 4177 3694 69 6 1.10 -4.86 3695
 257 4193 3694 69 6 1.10 -4.86 3695
 257 4209 3694 69 6 1.10 -4.86 3695
 257 4225 3694 69 6 1.10 -4.86 3695
 257 4241 3694 69 6 1.10 -4.86 3695
 257 4257 3694 69 6 1.10 -4.86 3695
 257 4273 3694 69 6 1.10 -4.86 3695
 257 4289 3694 69 6 1.10 -4.86 3695
 257 4305 3694 69 6 1.10 -4.86 3695
 257 4321 3694 69 6 1.10 -4.86 3695
 257 4337 3694 69 6 1.10 -4.86 3695
 257 4353 3694 69 6 1.10 -4.86 3695
 257 4369 3694 69 6 1.10 -4.86 3695
 257 4385 3694 69 6 1.10 -4.86 3695
 257 4081 3694 69 6 1.10 -4.86 3695
 257 4049 3196 69 19 1.10 -4.86 3197
 257 4481 3694 69 6 1.10 -4.86 3695
 257 4465 3694 69 6 1.10 -4.86 3695
 257 4449 3694 69 6 1.10 -4.86 3695
 257 4433 3694 69 6 1.10 -4.86 3695
 257 4417 3694 69 6 1.10 -4.86 3695
 257 4401 3694 69 6 1.10 -4.86 3695
 257 4161 3151 81 1 -999998.90 -18.86 3152
