 -10 1244 684 0.42 1 1 1 1 1 2 2 301 0.42 1
-1
-1
-1
-1
-1
-1
-1
-1
-1
-1
-1
-1
-1
-1
-1
-1
-1
-1
-1
-1
-1
-1
y0
Fortress
 1 4705 3151 61 2 1.10 1.14 3152
 1 4657 3151 61 2 1.10 1.14 3152
 1 4609 3151 61 2 1.10 1.14 3152
 1 4561 3151 61 2 1.10 1.14 3152
 1 4369 15496 87 43 1.10 1.14 15497
 1 4497 3151 61 2 1.10 1.14 3152
 1 4433 15496 87 43 1.10 1.14 15497
 17 4705 3151 61 2 1.10 1.14 3152
 17 4657 3151 61 2 1.10 1.14 3152
 17 4609 3151 61 2 1.10 1.14 3152
 17 4561 3151 61 2 1.10 1.14 3152
 17 4737 3151 87 30 1.10 1.14 3152
 17 4753 3151 87 33 1.10 1.14 3152
 17 4497 3151 61 2 1.10 1.14 3152
 33 4705 3151 61 2 1.10 1.14 3152
 33 4657 3151 61 2 1.10 1.14 3152
 33 4625 3192 51 1 1.10 1.14 3193 1
 33 4609 3151 61 2 1.10 1.14 3152
 33 4561 3151 61 2 1.10 1.14 3152
 33 4737 3151 87 31 1.10 1.14 3152
 33 4753 3151 87 34 1.10 1.14 3152
 33 4497 3151 61 2 1.10 1.14 3152
 49 4705 3151 61 2 1.10 1.14 3152
 49 4657 3151 61 2 1.10 1.14 3152
 49 4609 3151 61 2 1.10 1.14 3152
 49 4561 3151 61 2 1.10 1.14 3152
 49 4737 3151 87 31 1.10 1.14 3152
 49 4753 3151 87 34 1.10 1.14 3152
 49 4497 3151 61 2 1.10 1.14 3152
 49 4513 3151 61 2 1.10 1.14 3152
 49 4529 3151 61 2 1.10 1.14 3152
 49 4545 3151 61 2 1.10 1.14 3152
 65 4705 3151 61 2 1.10 1.14 3152
 65 4657 3151 61 2 1.10 1.14 3152
 65 4609 3151 61 2 1.10 1.14 3152
 65 4561 3151 61 2 1.10 1.14 3152
 65 4737 3151 87 31 1.10 1.14 3152
 65 4753 3151 87 34 1.10 1.14 3152
 65 4497 3151 61 2 1.10 1.14 3152
 81 4705 3151 61 2 1.10 1.14 3152
 81 4657 3151 61 2 1.10 1.14 3152
 81 4609 3151 61 2 1.10 1.14 3152
 81 4561 3151 61 2 1.10 1.14 3152
 81 4737 3151 87 31 1.10 1.14 3152
 81 4753 3151 87 34 1.10 1.14 3152
 81 4497 3151 61 2 1.10 1.14 3152
 97 4705 3151 61 2 1.10 1.14 3152
 97 4657 3151 61 2 1.10 1.14 3152
 97 4609 3151 61 2 1.10 1.14 3152
 97 4561 3151 61 2 1.10 1.14 3152
 97 4737 3151 87 31 1.10 1.14 3152
 97 4753 3151 87 34 1.10 1.14 3152
 97 4497 3151 61 2 1.10 1.14 3152
 113 4705 3151 61 2 1.10 1.14 3152
 113 4657 3151 61 2 1.10 1.14 3152
 113 4625 3192 56 6 1.10 1.14 3193
 113 4609 3151 61 2 1.10 1.14 3152
 113 4593 3151 61 2 1.10 1.14 3152
 113 4561 3151 61 2 1.10 1.14 3152
 113 4577 3151 61 2 1.10 1.14 3152
 113 4737 3151 87 31 1.10 1.14 3152
 113 4753 3151 87 34 1.10 1.14 3152
 113 4497 3151 61 2 1.10 1.14 3152
 129 4705 3151 61 2 1.10 1.14 3152
 129 4657 3151 61 2 1.10 1.14 3152
 129 4609 3151 61 2 1.10 1.14 3152
 129 4561 3151 61 2 1.10 1.14 3152
 129 4737 3151 87 32 1.10 1.14 3152
 129 4753 3151 87 35 1.10 1.14 3152
 129 4369 15496 87 43 1.10 1.14 15497
 129 4497 3151 61 2 1.10 1.14 3152
 129 4433 15496 87 43 1.10 1.14 15497
 145 4705 3151 61 2 1.10 1.14 3152
 145 4657 3151 61 2 1.10 1.14 3152
 145 4609 3151 61 2 1.10 1.14 3152
 145 4561 3151 61 2 1.10 1.14 3152
 145 4497 3151 61 2 1.10 1.14 3152
 161 4705 3151 61 2 1.10 1.14 3152
 161 4689 3151 67 2 1.10 1.14 3152
 161 4657 3151 61 2 1.10 1.14 3152
 161 4609 3151 61 2 1.10 1.14 3152
 161 4561 3151 61 2 1.10 1.14 3152
 161 4497 3151 61 2 1.10 1.14 3152
 177 4705 3151 61 2 1.10 1.14 3152
 177 4657 3151 61 2 1.10 1.14 3152
 177 4641 3151 55 1 1.10 1.14 3152
 177 4609 3151 61 2 1.10 1.14 3152
 177 4561 3151 61 2 1.10 1.14 3152
 177 4497 3151 61 2 1.10 1.14 3152
 193 4705 3151 61 2 1.10 1.14 3152
 193 4657 3151 61 2 1.10 1.14 3152
 193 4609 3151 61 2 1.10 1.14 3152
 193 4561 3151 61 2 1.10 1.14 3152
 193 4737 3151 87 30 1.10 1.14 3152
 193 4753 3151 87 33 1.10 1.14 3152
 193 4497 3151 61 2 1.10 1.14 3152
 209 4705 3151 61 2 1.10 1.14 3152
 209 4657 3151 61 2 1.10 1.14 3152
 209 4641 3151 61 2 1.10 1.14 3152
 209 4625 3151 61 2 1.10 1.14 3152
 209 4609 3151 61 2 1.10 1.14 3152
 209 4561 3151 61 2 1.10 1.14 3152
 209 4737 3151 87 31 1.10 1.14 3152
 209 4753 3151 87 34 1.10 1.14 3152
 209 4497 3151 61 2 1.10 1.14 3152
 225 4705 3151 61 2 1.10 1.14 3152
 225 4657 3151 61 2 1.10 1.14 3152
 225 4609 3151 61 2 1.10 1.14 3152
 225 4561 3151 61 2 1.10 1.14 3152
 225 4737 3151 87 31 1.10 1.14 3152
 225 4753 3151 87 34 1.10 1.14 3152
 225 4497 3151 61 2 1.10 1.14 3152
 241 4705 3151 61 2 1.10 1.14 3152
 241 4657 3151 61 2 1.10 1.14 3152
 241 4609 3151 61 2 1.10 1.14 3152
 241 4561 3151 61 2 1.10 1.14 3152
 241 4737 3151 87 31 1.10 1.14 3152
 241 4753 3151 87 34 1.10 1.14 3152
 241 4497 3151 61 2 1.10 1.14 3152
 257 4705 3151 61 2 1.10 1.14 3152
 257 4657 3151 61 2 1.10 1.14 3152
 257 4609 3151 61 2 1.10 1.14 3152
 257 4561 3151 61 2 1.10 1.14 3152
 257 4737 3151 87 31 1.10 1.14 3152
 257 4753 3151 87 34 1.10 1.14 3152
 257 4497 3151 61 2 1.10 1.14 3152
 257 4369 15496 87 43 1.10 1.14 15497
 257 4433 15496 87 43 1.10 1.14 15497
 273 4705 3151 61 2 1.10 1.14 3152
 273 4657 3151 61 2 1.10 1.14 3152
 273 4609 3151 61 2 1.10 1.14 3152
 273 4561 3151 61 2 1.10 1.14 3152
 273 4737 3151 87 31 1.10 1.14 3152
 273 4753 3151 87 34 1.10 1.14 3152
 273 4497 3151 61 2 1.10 1.14 3152
 273 4513 3151 61 2 1.10 1.14 3152
 273 4529 3151 61 2 1.10 1.14 3152
 273 4545 3151 61 2 1.10 1.14 3152
 289 4497 3151 61 2 1.10 1.14 3152
 289 4705 3151 61 2 1.10 1.14 3152
 289 4673 3151 61 2 1.10 1.14 3152
 289 4657 3151 61 2 1.10 1.14 3152
 289 4609 3151 61 2 1.10 1.14 3152
 289 4561 3151 61 2 1.10 1.14 3152
 289 4689 3151 61 2 1.10 1.14 3152
 289 4737 3151 87 31 1.10 1.14 3152
 289 4753 3151 87 34 1.10 1.14 3152
 305 4497 3151 61 2 1.10 1.14 3152
 305 4705 3151 61 2 1.10 1.14 3152
 305 4657 3151 61 2 1.10 1.14 3152
 305 4609 3151 61 2 1.10 1.14 3152
 305 4593 3151 55 1 1.10 1.14 3152
 305 4561 3151 61 2 1.10 1.14 3152
 305 4737 3151 87 31 1.10 1.14 3152
 305 4753 3151 87 34 1.10 1.14 3152
 321 4497 3151 61 2 1.10 1.14 3152
 321 4705 3151 61 2 1.10 1.14 3152
 321 4657 3151 61 2 1.10 1.14 3152
 321 4609 3151 61 2 1.10 1.14 3152
 321 4561 3151 61 2 1.10 1.14 3152
 321 4737 3151 87 31 1.10 1.14 3152
 321 4753 3151 87 34 1.10 1.14 3152
 337 4497 3151 61 2 1.10 1.14 3152
 337 4705 3151 61 2 1.10 1.14 3152
 337 4657 3151 61 2 1.10 1.14 3152
 337 4609 3151 61 2 1.10 1.14 3152
 337 4561 3151 61 2 1.10 1.14 3152
 337 4737 3151 87 32 1.10 1.14 3152
 337 4753 3151 87 35 1.10 1.14 3152
 353 4497 3151 61 2 1.10 1.14 3152
 353 4705 3151 61 2 1.10 1.14 3152
 353 4657 3151 61 2 1.10 1.14 3152
 353 4609 3151 61 2 1.10 1.14 3152
 353 4593 3151 61 2 1.10 1.14 3152
 353 4561 3151 61 2 1.10 1.14 3152
 353 4577 3151 61 2 1.10 1.14 3152
 369 4497 3151 61 2 1.10 1.14 3152
 369 4705 3151 61 2 1.10 1.14 3152
 369 4657 3151 61 2 1.10 1.14 3152
 369 4609 3151 61 2 1.10 1.14 3152
 369 4561 3151 61 2 1.10 1.14 3152
 385 4497 3151 61 2 1.10 1.14 3152
 385 4705 3151 61 2 1.10 1.14 3152
 385 4657 3151 61 2 1.10 1.14 3152
 385 4609 3151 61 2 1.10 1.14 3152
 385 4561 3151 61 2 1.10 1.14 3152
 385 4689 3151 55 1 1.10 1.14 3152
 385 4369 15496 87 43 1.10 1.14 15497
 385 4433 15496 87 43 1.10 1.14 15497
 401 4497 3151 61 2 1.10 1.14 3152
 401 4705 3151 61 2 1.10 1.14 3152
 401 4657 3151 61 2 1.10 1.14 3152
 401 4609 3151 61 2 1.10 1.14 3152
 401 4561 3151 61 2 1.10 1.14 3152
 417 4497 3151 61 2 1.10 1.14 3152
 417 4705 3151 61 2 1.10 1.14 3152
 417 4657 3151 61 2 1.10 1.14 3152
 417 4609 3151 61 2 1.10 1.14 3152
 417 4561 3151 61 2 1.10 1.14 3152
 417 4737 3151 87 30 1.10 1.14 3152
 417 4753 3151 87 33 1.10 1.14 3152
 433 4497 3151 61 2 1.10 1.14 3152
 433 4705 3151 61 2 1.10 1.14 3152
 433 4657 3151 61 2 1.10 1.14 3152
 433 4609 3151 61 2 1.10 1.14 3152
 433 4625 3151 61 2 1.10 1.14 3152
 433 4641 3151 61 2 1.10 1.14 3152
 433 4561 3151 61 2 1.10 1.14 3152
 433 4737 3151 87 31 1.10 1.14 3152
 433 4753 3151 87 34 1.10 1.14 3152
 449 4497 3151 61 2 1.10 1.14 3152
 449 4705 3151 61 2 1.10 1.14 3152
 449 4657 3151 61 2 1.10 1.14 3152
 449 4609 3151 61 2 1.10 1.14 3152
 449 4561 3151 61 2 1.10 1.14 3152
 449 4737 3151 87 31 1.10 1.14 3152
 449 4753 3151 87 34 1.10 1.14 3152
 465 4497 3151 61 2 1.10 1.14 3152
 465 4513 3151 61 2 1.10 1.14 3152
 465 4529 3151 61 2 1.10 1.14 3152
 465 4545 3151 61 2 1.10 1.14 3152
 465 4705 3151 61 2 1.10 1.14 3152
 465 4657 3151 61 2 1.10 1.14 3152
 465 4609 3151 61 2 1.10 1.14 3152
 465 4561 3151 61 2 1.10 1.14 3152
 465 4737 3151 87 31 1.10 1.14 3152
 465 4753 3151 87 34 1.10 1.14 3152
 481 4497 3151 61 2 1.10 1.14 3152
 481 4705 3151 61 2 1.10 1.14 3152
 481 4657 3151 61 2 1.10 1.14 3152
 481 4609 3151 61 2 1.10 1.14 3152
 481 4561 3151 61 2 1.10 1.14 3152
 481 4737 3151 87 31 1.10 1.14 3152
 481 4753 3151 87 34 1.10 1.14 3152
 497 4497 3151 61 2 1.10 1.14 3152
 497 4705 3151 61 2 1.10 1.14 3152
 497 4673 3151 61 2 1.10 1.14 3152
 497 4657 3151 61 2 1.10 1.14 3152
 497 4609 3151 61 2 1.10 1.14 3152
 497 4593 3151 61 2 1.10 1.14 3152
 497 4561 3151 61 2 1.10 1.14 3152
 497 4577 3151 61 2 1.10 1.14 3152
 497 4689 3151 61 2 1.10 1.14 3152
 497 4737 3151 87 32 1.10 1.14 3152
 497 4753 3151 87 35 1.10 1.14 3152
 513 4497 15496 87 43 1.10 1.14 15497
 513 4753 3151 87 36 1.10 1.14 3152
 513 4737 3151 87 33 1.10 1.14 3152
 513 4721 3151 87 30 1.10 1.14 3152
 513 4657 15496 87 43 1.10 1.14 15497
 513 4561 15496 87 43 1.10 1.14 15497
 513 4369 15496 87 43 1.10 1.14 15497
 513 4433 15496 87 43 1.10 1.14 15497
 529 4737 3151 87 34 1.10 1.14 3152
 529 4753 3151 87 37 1.10 1.14 3152
 529 4721 3151 87 31 1.10 1.14 3152
 545 4737 3151 87 34 1.10 1.14 3152
 545 4753 3151 87 37 1.10 1.14 3152
 545 4721 3151 87 31 1.10 1.14 3152
 561 4737 3151 87 34 1.10 1.14 3152
 561 4753 3151 87 37 1.10 1.14 3152
 561 4721 3151 87 31 1.10 1.14 3152
 577 4721 3151 87 31 1.10 1.14 3152
 577 4737 3151 87 34 1.10 1.14 3152
 577 4753 3151 87 37 1.10 1.14 3152
 593 4721 3151 87 31 1.10 1.14 3152
 593 4737 3151 87 34 1.10 1.14 3152
 593 4753 3151 87 37 1.10 1.14 3152
 609 4625 3192 71 6 1.10 1.14 3193 28 1
 609 4721 3151 87 31 1.10 1.14 3152
 609 4753 3151 87 37 1.10 1.14 3152
 609 4737 3151 87 34 1.10 1.14 3152
 625 4721 3151 87 32 1.10 1.14 3152
 625 4753 3151 87 38 1.10 1.14 3152
 625 4737 3151 87 35 1.10 1.14 3152
 641 4369 15496 87 43 1.10 1.14 15497
 641 4433 15496 87 43 1.10 1.14 15497
 641 4497 3151 87 39 1.10 1.14 3152
 641 4641 15496 87 43 1.10 1.14 15497
 641 4513 15496 87 43 1.10 1.14 15497
 641 4577 15496 87 43 1.10 1.14 15497
 641 4705 15496 87 43 1.10 1.14 15497
 657 4497 3151 87 40 1.10 1.14 3152
 673 4497 3151 87 40 1.10 1.14 3152
 689 4497 3151 87 40 1.10 1.14 3152
 705 4497 3151 87 40 1.10 1.14 3152
 721 4497 3151 87 40 1.10 1.14 3152
 721 4625 3151 81 1 -999998.90 -18.86 3152
 737 4497 3151 87 40 1.10 1.14 3152
 753 4497 3151 87 41 1.10 1.14 3152
