 -10 269 681 0.42 1 1 1 1 1 2 2 501 0.42 1
-1
-1
-1
-1
-1
-1
-1
-1
-1
-1
-1
-1
-1
-1
-1
-1
-1
-1
-1
-1
-1
-1
y255.255.255
Area 5
 1 4673 3151 60 16 1.10 1.14 3152
 1 4593 3151 60 14 1.10 1.14 3152
 1 4753 3151 58 1 1.10 -4.86 3152
 17 4753 3151 58 1 1.10 -4.86 3152
 33 4753 3151 58 1 1.10 -4.86 3152
 49 4753 3151 58 1 1.10 -4.86 3152
 65 4753 3151 58 1 1.10 -4.86 3152
 81 4753 3151 58 1 1.10 -4.86 3152
 97 4753 3151 58 1 1.10 -4.86 3152
 113 4753 3151 58 1 1.10 -4.86 3152
 129 4753 3151 58 1 1.10 -4.86 3152
 129 4737 3151 55 3 1.10 -5.86 3152
 145 4753 3151 58 1 1.10 -4.86 3152
 161 4753 3151 58 1 1.10 -4.86 3152
 177 4753 3151 58 1 1.10 -4.86 3152
 193 4753 3151 58 1 1.10 -4.86 3152
 209 4753 3151 58 1 1.10 -4.86 3152
 225 4753 3151 58 1 1.10 -4.86 3152
 241 4753 3151 58 1 1.10 -4.86 3152
 241 4737 3151 55 3 1.10 -5.86 3152
 257 4753 3151 58 1 1.10 -4.86 3152
 273 4753 3151 58 1 1.10 -4.86 3152
 289 4753 3151 58 1 1.10 -4.86 3152
 305 4753 3151 58 1 1.10 -4.86 3152
 321 4753 3151 58 1 1.10 -4.86 3152
 337 4753 3151 58 1 1.10 -4.86 3152
 353 4753 3151 58 1 1.10 -4.86 3152
 353 4737 3151 55 3 1.10 -5.86 3152
 369 4753 3151 58 1 1.10 -4.86 3152
 385 4753 3151 58 1 1.10 -4.86 3152
 401 4753 3151 58 1 1.10 -4.86 3152
 417 4753 3151 58 1 1.10 -4.86 3152
 433 3649 3151 67 1 1.10 1.14 3152
 433 3697 3151 67 1 1.10 1.14 3152
 433 4481 3151 67 1 1.10 1.14 3152
 433 4529 3151 67 1 1.10 1.14 3152
 433 4577 3151 67 1 1.10 1.14 3152
 433 4753 3151 58 1 1.10 -4.86 3152
 449 3137 3192 51 1 1.10 1.14 3193 1
 449 3409 3151 67 1 1.10 1.14 3152
 449 3457 3151 67 1 1.10 1.14 3152
 449 3505 3151 67 1 1.10 1.14 3152
 449 3553 3151 67 1 1.10 1.14 3152
 449 3601 3151 67 1 1.10 1.14 3152
 449 3745 3151 67 1 1.10 1.14 3152
 449 3793 3151 67 1 1.10 1.14 3152
 449 4337 3151 67 1 1.10 1.14 3152
 449 4385 3151 67 1 1.10 1.14 3152
 449 4433 3151 67 1 1.10 1.14 3152
 449 4673 3151 67 1 1.10 1.14 3152
 449 4625 3151 67 1 1.10 1.14 3152
 449 4753 3151 58 1 1.10 -4.86 3152
 465 3841 3151 67 1 1.10 1.14 3152
 465 3889 3151 67 1 1.10 1.14 3152
 465 4209 3151 67 1 1.10 1.14 3152
 465 4257 3151 67 1 1.10 1.14 3152
 465 4305 3151 67 1 1.10 1.14 3152
 465 4753 3151 58 1 1.10 -4.86 3152
 481 3937 3151 67 1 1.10 1.14 3152
 481 3985 3151 67 1 1.10 1.14 3152
 481 4113 3151 67 1 1.10 1.14 3152
 481 4161 3151 67 1 1.10 1.14 3152
 481 4753 3151 58 1 1.10 -4.86 3152
 497 4033 3151 67 1 1.10 1.14 3152
 497 4081 3151 67 1 1.10 1.14 3152
 513 3041 3151 67 13 1.10 1.14 3152
 545 4753 3151 58 1 1.10 -4.86 3152
 561 4753 3151 58 1 1.10 -4.86 3152
 577 4753 3151 58 1 1.10 -4.86 3152
 593 4753 3151 58 1 1.10 -4.86 3152
 609 4753 3151 58 1 1.10 -4.86 3152
 609 4737 3151 55 3 1.10 -5.86 3152
 625 4753 3151 58 1 1.10 -4.86 3152
 641 4753 3151 58 1 1.10 -4.86 3152
 657 4753 3151 58 1 1.10 -4.86 3152
 673 4753 3151 58 1 1.10 -4.86 3152
 689 4753 3151 58 1 1.10 -4.86 3152
 705 4753 3151 58 1 1.10 -4.86 3152
 705 4737 3151 55 3 1.10 -5.86 3152
 721 4753 3151 58 1 1.10 -4.86 3152
 737 4753 3151 58 1 1.10 -4.86 3152
 753 4753 3151 58 1 1.10 -4.86 3152
 769 4753 3151 58 1 1.10 -4.86 3152
 785 4753 3151 58 1 1.10 -4.86 3152
 801 4753 3151 58 1 1.10 -4.86 3152
 801 4737 3151 55 3 1.10 -5.86 3152
 817 4753 3151 58 1 1.10 -4.86 3152
 833 4753 3151 58 1 1.10 -4.86 3152
 849 4753 3151 58 1 1.10 -4.86 3152
 865 4753 3151 58 1 1.10 -4.86 3152
 881 4753 3151 58 1 1.10 -4.86 3152
 881 4737 3151 55 3 1.10 -5.86 3152
 897 4753 3151 58 1 1.10 -4.86 3152
 913 4753 3151 58 1 1.10 -4.86 3152
 913 4689 3151 59 17 1.10 1.14 3152
 913 4417 3151 59 24 1.10 1.14 3152
 929 4481 3151 58 14 1.10 -4.86 3152
 929 4497 3151 58 17 1.10 -4.86 3152
 945 4481 3151 58 15 1.10 -4.86 3152
 945 4497 3151 58 18 1.10 -4.86 3152
 961 4417 3151 59 1 1.10 1.14 3152
 961 4481 3151 58 15 1.10 -4.86 3152
 961 4497 3151 58 18 1.10 -4.86 3152
 977 4417 3151 59 1 1.10 1.14 3152
 977 4481 3151 58 15 1.10 -4.86 3152
 977 4497 3151 58 18 1.10 -4.86 3152
 993 4417 3151 59 3 1.10 1.14 3152
 993 4481 3151 58 15 1.10 -4.86 3152
 993 4497 3151 58 18 1.10 -4.86 3152
 1009 4481 3151 58 16 1.10 -4.86 3152
 1009 4497 3151 58 19 1.10 -4.86 3152
 1073 4497 3151 58 14 1.10 -4.86 3152
 1073 4513 3151 58 17 1.10 -4.86 3152
 1073 4593 3151 58 17 1.10 -4.86 3152
 1073 4577 3151 58 14 1.10 -4.86 3152
 1089 4497 3151 58 15 1.10 -4.86 3152
 1089 4513 3151 58 18 1.10 -4.86 3152
 1089 4529 3151 58 10 1.10 -4.86 3152
 1089 4545 3151 58 10 1.10 -4.86 3152
 1089 4593 3151 58 18 1.10 -4.86 3152
 1089 4577 3151 58 15 1.10 -4.86 3152
 1089 4561 3151 58 10 1.10 -4.86 3152
 1105 4497 3151 58 15 1.10 -4.86 3152
 1105 4513 3151 58 18 1.10 -4.86 3152
 1105 4593 3151 58 18 1.10 -4.86 3152
 1105 4577 3151 58 15 1.10 -4.86 3152
 1121 4497 3151 58 16 1.10 -4.86 3152
 1121 4513 3151 58 19 1.10 -4.86 3152
 1121 4593 3151 58 18 1.10 -4.86 3152
 1121 4577 3151 58 15 1.10 -4.86 3152
 1137 4593 3151 58 18 1.10 -4.86 3152
 1137 4577 3151 58 15 1.10 -4.86 3152
 1153 4593 3151 58 18 1.10 -4.86 3152
 1153 4577 3151 58 15 1.10 -4.86 3152
 1169 4593 3151 58 18 1.10 -4.86 3152
 1169 4577 3151 58 15 1.10 -4.86 3152
 1169 4561 3151 53 4 1.10 -5.86 3152
 1185 4513 3151 58 14 1.10 -4.86 3152
 1185 4529 3151 58 17 1.10 -4.86 3152
 1185 4593 3151 58 18 1.10 -4.86 3152
 1185 4577 3151 58 15 1.10 -4.86 3152
 1201 4481 3192 57 2 1.10 -5.86 3193
 1201 4513 3151 58 16 1.10 -4.86 3152
 1201 4529 3151 58 19 1.10 -4.86 3152
 1201 4593 3151 58 19 1.10 -4.86 3152
 1201 4577 3151 58 16 1.10 -4.86 3152
 1217 4593 3151 87 7 1.10 1.14 3152
 1233 4609 3151 87 7 1.10 1.14 3152
 1249 4625 3151 87 7 1.10 1.14 3152
 1265 4641 3151 87 7 1.10 1.14 3152
 1281 4657 3151 87 7 1.10 1.14 3152
 1297 4673 3151 87 7 1.10 1.14 3152
 1313 4753 3151 87 7 1.10 1.14 3152
 1313 4737 3151 87 7 1.10 1.14 3152
 1313 4721 3151 87 7 1.10 1.14 3152
 1313 4705 3151 87 7 1.10 1.14 3152
 1313 4689 3151 87 7 1.10 1.14 3152
 1329 4737 3151 4 2 1400001.10 1400001.14 3152
 1329 4721 3151 4 2 1400001.10 1400001.14 3152
 1329 4705 3151 4 2 1400001.10 1400001.14 3152
 1329 4689 3151 4 1 1400001.10 1400001.14 3152
 1329 4753 3151 87 7 1.10 1.14 3152
 1329 4737 3151 63 1 1.10 1.14 3152
 1345 4737 3151 4 2 1400001.10 1400001.14 3152
 1345 4721 3151 4 2 1400001.10 1400001.14 3152
 1345 4705 3151 4 2 1400001.10 1400001.14 3152
 1345 4689 3151 4 1 1400001.10 1400001.14 3152
 1345 4753 3151 87 7 1.10 1.14 3152
 1345 4737 3151 55 5 1.10 -5.86 3152
 1361 4737 3151 4 2 1400001.10 1400001.14 3152
 1361 4721 3151 4 2 1400001.10 1400001.14 3152
 1361 4705 3151 4 2 1400001.10 1400001.14 3152
 1361 4689 3151 4 1 1400001.10 1400001.14 3152
 1361 4753 3151 87 7 1.10 1.14 3152
 1361 4737 3151 63 1 1.10 1.14 3152
 1377 4737 3151 4 2 1400001.10 1400001.14 3152
 1377 4721 3151 4 2 1400001.10 1400001.14 3152
 1377 4705 3151 4 2 1400001.10 1400001.14 3152
 1377 4689 3151 4 1 1400001.10 1400001.14 3152
 1377 4753 3151 87 7 1.10 1.14 3152
 1377 4737 3151 63 1 1.10 1.14 3152
 1393 4737 3151 4 2 1400001.10 1400001.14 3152
 1393 4721 3151 4 2 1400001.10 1400001.14 3152
 1393 4705 3151 4 2 1400001.10 1400001.14 3152
 1393 4689 3151 4 1 1400001.10 1400001.14 3152
 1393 4753 3151 87 7 1.10 1.14 3152
 1393 4065 3694 69 1 1.10 -4.86 3695
 1393 4049 3694 69 2 1.10 -4.86 3695
 1393 4017 3196 69 18 1.10 -4.86 3197
 1409 4737 3151 4 2 1400001.10 1400001.14 3152
 1409 4721 3151 4 2 1400001.10 1400001.14 3152
 1409 4705 3151 4 2 1400001.10 1400001.14 3152
 1409 4689 3151 4 1 1400001.10 1400001.14 3152
 1409 4753 3151 87 7 1.10 1.14 3152
 1425 4737 3151 4 2 1400001.10 1400001.14 3152
 1425 4721 3151 4 2 1400001.10 1400001.14 3152
 1425 4705 3151 4 2 1400001.10 1400001.14 3152
 1425 4689 3151 4 1 1400001.10 1400001.14 3152
 1425 4753 3151 87 7 1.10 1.14 3152
 1425 4017 3192 69 4 1.10 -4.86 3193
 1441 4737 3151 4 2 1400001.10 1400001.14 3152
 1441 4721 3151 4 2 1400001.10 1400001.14 3152
 1441 4705 3151 4 2 1400001.10 1400001.14 3152
 1441 4689 3151 4 1 1400001.10 1400001.14 3152
 1441 4753 3151 87 7 1.10 1.14 3152
 1441 4737 3151 63 1 1.10 1.14 3152
 1441 4017 3192 69 4 1.10 -4.86 3193
 1457 4737 3151 4 2 1400001.10 1400001.14 3152
 1457 4721 3151 4 2 1400001.10 1400001.14 3152
 1457 4705 3151 4 2 1400001.10 1400001.14 3152
 1457 4689 3151 4 1 1400001.10 1400001.14 3152
 1457 4753 3151 87 7 1.10 1.14 3152
 1457 4017 3192 69 4 1.10 -4.86 3193
 1473 4737 3151 4 2 1400001.10 1400001.14 3152
 1473 4721 3151 4 2 1400001.10 1400001.14 3152
 1473 4705 3151 4 2 1400001.10 1400001.14 3152
 1473 4689 3151 4 1 1400001.10 1400001.14 3152
 1473 4753 3151 87 7 1.10 1.14 3152
 1473 3793 3151 4 4 1400001.10 1400001.14 3152
 1473 3809 3151 4 4 1400001.10 1400001.14 3152
 1473 3825 3151 4 4 1400001.10 1400001.14 3152
 1473 3841 3151 4 4 1400001.10 1400001.14 3152
 1473 3857 3151 4 4 1400001.10 1400001.14 3152
 1473 3873 3151 4 4 1400001.10 1400001.14 3152
 1473 3889 3151 4 4 1400001.10 1400001.14 3152
 1473 3905 3151 4 4 1400001.10 1400001.14 3152
 1473 3921 3151 4 4 1400001.10 1400001.14 3152
 1473 3937 3151 4 4 1400001.10 1400001.14 3152
 1473 3953 3151 4 4 1400001.10 1400001.14 3152
 1473 3969 3151 4 4 1400001.10 1400001.14 3152
 1473 4209 3196 69 21 1.10 -4.86 3197
 1473 4193 3694 69 2 1.10 -4.86 3695
 1473 4177 3694 69 2 1.10 -4.86 3695
 1473 4161 3694 69 2 1.10 -4.86 3695
 1473 4145 3694 69 2 1.10 -4.86 3695
 1473 4129 3694 69 2 1.10 -4.86 3695
 1473 4113 3694 69 2 1.10 -4.86 3695
 1473 4097 3694 69 2 1.10 -4.86 3695
 1473 4081 3694 69 2 1.10 -4.86 3695
 1473 4065 3694 69 2 1.10 -4.86 3695
 1473 4049 3694 69 2 1.10 -4.86 3695
 1473 4017 3196 69 17 1.10 -4.86 3197
 1473 4001 3694 69 2 1.10 -4.86 3695
 1473 3985 3694 69 1 1.10 -4.86 3695
 1489 4737 3151 4 2 1400001.10 1400001.14 3152
 1489 4721 3151 4 2 1400001.10 1400001.14 3152
 1489 4705 3151 4 2 1400001.10 1400001.14 3152
 1489 4689 3151 4 1 1400001.10 1400001.14 3152
 1489 4753 3151 87 7 1.10 1.14 3152
 1489 4737 3151 63 1 1.10 1.14 3152
 1489 4609 3151 87 7 1.10 1.14 3152
 1489 4593 3151 87 7 1.10 1.14 3152
 1489 4577 3151 87 7 1.10 1.14 3152
 1489 4561 3151 87 7 1.10 1.14 3152
 1489 4545 3151 87 7 1.10 1.14 3152
 1489 4529 3151 87 7 1.10 1.14 3152
 1489 4513 3151 87 7 1.10 1.14 3152
 1489 3793 3151 4 4 1400001.10 1400001.14 3152
 1489 3809 3151 4 4 1400001.10 1400001.14 3152
 1489 3825 3151 4 4 1400001.10 1400001.14 3152
 1489 3841 3151 4 4 1400001.10 1400001.14 3152
 1489 3857 3151 4 4 1400001.10 1400001.14 3152
 1489 3873 3151 4 4 1400001.10 1400001.14 3152
 1489 3889 3151 4 4 1400001.10 1400001.14 3152
 1489 3905 3151 4 4 1400001.10 1400001.14 3152
 1489 3921 3151 4 4 1400001.10 1400001.14 3152
 1489 3937 3151 4 4 1400001.10 1400001.14 3152
 1489 3953 3151 4 4 1400001.10 1400001.14 3152
 1489 3969 3151 4 4 1400001.10 1400001.14 3152
 1505 4753 3151 87 7 1.10 1.14 3152
 1505 4737 3151 4 2 1400001.10 1400001.14 3152
 1505 4737 3151 63 1 1.10 1.14 3152
 1505 4721 3151 4 2 1400001.10 1400001.14 3152
 1505 4705 3151 4 2 1400001.10 1400001.14 3152
 1505 4689 3151 4 1 1400001.10 1400001.14 3152
 1505 4609 3151 87 7 1.10 1.14 3152
 1505 4593 3151 4 2 1400001.10 1400001.14 3152
 1505 4577 3151 4 2 1400001.10 1400001.14 3152
 1505 4561 3151 4 1 1400001.10 1400001.14 3152
 1505 4545 3151 67 1 1.10 1.14 3152
 1505 4529 3151 87 7 1.10 1.14 3152
 1505 4513 3151 4 1 1400001.10 1400001.14 3152
 1505 4209 3192 69 4 1.10 -4.86 3193
 1505 4017 3192 69 4 1.10 -4.86 3193
 1521 4753 3151 87 7 1.10 1.14 3152
 1521 4737 3151 4 2 1400001.10 1400001.14 3152
 1521 4737 3151 63 1 1.10 1.14 3152
 1521 4721 3151 4 2 1400001.10 1400001.14 3152
 1521 4705 3151 4 2 1400001.10 1400001.14 3152
 1521 4689 3151 4 1 1400001.10 1400001.14 3152
 1521 4673 3151 4 4 1400001.10 1400001.14 3152
 1521 4657 3151 4 4 1400001.10 1400001.14 3152
 1521 4641 3151 4 4 1400001.10 1400001.14 3152
 1521 4625 3151 4 4 1400001.10 1400001.14 3152
 1521 4609 3151 4 4 1400001.10 1400001.14 3152
 1521 4593 3151 4 2 1400001.10 1400001.14 3152
 1521 4577 3151 4 2 1400001.10 1400001.14 3152
 1521 4561 3151 4 1 1400001.10 1400001.14 3152
 1521 4545 3151 67 1 1.10 1.14 3152
 1521 4529 3151 87 7 1.10 1.14 3152
 1521 4017 3192 69 4 1.10 -4.86 3193
 1521 4513 3151 4 1 1400001.10 1400001.14 3152
 1521 4497 3151 4 4 1400001.10 1400001.14 3152
 1521 4481 3151 4 4 1400001.10 1400001.14 3152
 1521 4465 3151 4 4 1400001.10 1400001.14 3152
 1521 4449 3151 4 4 1400001.10 1400001.14 3152
 1521 4433 3151 4 4 1400001.10 1400001.14 3152
 1521 4417 3151 4 4 1400001.10 1400001.14 3152
 1521 4401 3151 4 4 1400001.10 1400001.14 3152
 1521 4385 3151 4 4 1400001.10 1400001.14 3152
 1521 4209 3192 69 4 1.10 -4.86 3193
 1521 4369 3694 70 1 1.10 -4.86 3695
 1521 4353 3694 69 2 1.10 -4.86 3695
 1521 4337 3694 69 2 1.10 -4.86 3695
 1521 4305 3196 69 18 1.10 -4.86 3197
 1537 4753 3694 69 2 1.10 -4.86 3695
 1537 4737 3694 69 2 1.10 -4.86 3695
 1537 4721 3694 69 2 1.10 -4.86 3695
 1537 4705 3694 69 2 1.10 -4.86 3695
 1537 4689 3694 69 2 1.10 -4.86 3695
 1537 4673 3694 69 2 1.10 -4.86 3695
 1537 4657 3694 69 2 1.10 -4.86 3695
 1537 4641 3694 69 2 1.10 -4.86 3695
 1537 4625 3694 69 2 1.10 -4.86 3695
 1537 4609 3151 87 7 1.10 1.14 3152
 1537 4593 3151 4 2 1400001.10 1400001.14 3152
 1537 4577 3151 4 2 1400001.10 1400001.14 3152
 1537 4561 3151 4 1 1400001.10 1400001.14 3152
 1537 4545 3151 67 1 1.10 1.14 3152
 1537 4529 3151 87 7 1.10 1.14 3152
 1537 4017 3192 69 4 1.10 -4.86 3193
 1537 4513 3151 4 1 1400001.10 1400001.14 3152
 1537 4497 3151 4 4 1400001.10 1400001.14 3152
 1537 4481 3151 4 4 1400001.10 1400001.14 3152
 1537 4465 3151 4 4 1400001.10 1400001.14 3152
 1537 4449 3151 4 4 1400001.10 1400001.14 3152
 1537 4433 3151 4 4 1400001.10 1400001.14 3152
 1537 4417 3151 4 4 1400001.10 1400001.14 3152
 1537 4401 3151 4 4 1400001.10 1400001.14 3152
 1537 4385 3151 4 4 1400001.10 1400001.14 3152
 1537 4209 3192 69 4 1.10 -4.86 3193
 1553 4609 3151 87 7 1.10 1.14 3152
 1553 4593 3151 4 2 1400001.10 1400001.14 3152
 1553 4577 3151 4 2 1400001.10 1400001.14 3152
 1553 4561 3151 4 1 1400001.10 1400001.14 3152
 1553 4545 3151 4 4 1400001.10 1400001.14 3152
 1553 4529 3151 4 4 1400001.10 1400001.14 3152
 1553 3969 3151 87 7 1.10 1.14 3152
 1553 3985 3151 87 7 1.10 1.14 3152
 1553 4001 3151 87 7 1.10 1.14 3152
 1553 4017 3192 70 3 1.10 -4.86 3193
 1553 4049 3151 87 7 1.10 1.14 3152
 1553 4065 3151 87 7 1.10 1.14 3152
 1553 4081 3151 87 7 1.10 1.14 3152
 1553 4097 3151 87 7 1.10 1.14 3152
 1553 4113 3151 87 7 1.10 1.14 3152
 1553 4129 3151 87 7 1.10 1.14 3152
 1553 4145 3151 87 7 1.10 1.14 3152
 1553 4513 3151 4 1 1400001.10 1400001.14 3152
 1553 4305 3192 69 4 1.10 -4.86 3193
 1553 4209 3192 69 4 1.10 -4.86 3193
 1569 4609 3151 87 7 1.10 1.14 3152
 1569 4593 3151 4 2 1400001.10 1400001.14 3152
 1569 4577 3151 4 2 1400001.10 1400001.14 3152
 1569 4561 3151 4 1 1400001.10 1400001.14 3152
 1569 4545 3151 67 1 1.10 1.14 3152
 1569 4529 3151 87 7 1.10 1.14 3152
 1569 3969 3151 87 7 1.10 1.14 3152
 1569 4001 3151 4 5 1400001.10 1400001.14 3152
 1569 4017 3151 4 6 1400001.10 1400001.14 3152
 1569 4033 3151 4 6 1400001.10 1400001.14 3152
 1569 4049 3151 4 6 1400001.10 1400001.14 3152
 1569 4065 3151 4 6 1400001.10 1400001.14 3152
 1569 4081 3151 4 6 1400001.10 1400001.14 3152
 1569 4097 3151 4 6 1400001.10 1400001.14 3152
 1569 4113 3151 4 6 1400001.10 1400001.14 3152
 1569 4129 3151 4 6 1400001.10 1400001.14 3152
 1569 4145 3151 87 7 1.10 1.14 3152
 1569 4513 3151 87 7 1.10 1.14 3152
 1569 4433 3151 59 1 1.10 1.14 3152
 1569 4305 3192 69 4 1.10 -4.86 3193
 1569 4209 3192 69 4 1.10 -4.86 3193
 1585 4609 3151 87 7 1.10 1.14 3152
 1585 4593 3151 4 2 1400001.10 1400001.14 3152
 1585 4577 3151 4 2 1400001.10 1400001.14 3152
 1585 4561 3151 4 1 1400001.10 1400001.14 3152
 1585 4545 3151 67 1 1.10 1.14 3152
 1585 4529 3151 72 80 1.10 -4.86 3152
 1585 3969 3151 87 7 1.10 1.14 3152
 1585 4001 3151 4 5 1400001.10 1400001.14 3152
 1585 4017 3151 4 6 1400001.10 1400001.14 3152
 1585 4033 3151 4 6 1400001.10 1400001.14 3152
 1585 4049 3151 4 6 1400001.10 1400001.14 3152
 1585 4065 3151 4 6 1400001.10 1400001.14 3152
 1585 4081 3151 4 6 1400001.10 1400001.14 3152
 1585 4097 3151 4 6 1400001.10 1400001.14 3152
 1585 4113 3151 4 6 1400001.10 1400001.14 3152
 1585 4129 3151 4 6 1400001.10 1400001.14 3152
 1585 4145 3151 87 7 1.10 1.14 3152
 1585 4513 3151 72 78 1.10 -4.86 3152
 1585 4497 3151 72 78 1.10 -4.86 3152
 1585 4481 3151 72 78 1.10 -4.86 3152
 1585 4465 3151 72 78 1.10 -4.86 3152
 1585 4449 3151 72 78 1.10 -4.86 3152
 1585 4433 3151 72 78 1.10 -4.86 3152
 1585 4417 3151 72 78 1.10 -4.86 3152
 1585 4401 3151 72 78 1.10 -4.86 3152
 1585 4385 3151 72 78 1.10 -4.86 3152
 1585 4369 3151 72 78 1.10 -4.86 3152
 1585 4353 3151 72 80 1.10 -4.86 3152
 1585 4305 3192 69 4 1.10 -4.86 3193
 1585 4209 3192 69 4 1.10 -4.86 3193
 1601 3969 3151 87 7 1.10 1.14 3152
 1601 4001 3151 4 5 1400001.10 1400001.14 3152
 1601 4017 3151 4 6 1400001.10 1400001.14 3152
 1601 4033 3151 4 6 1400001.10 1400001.14 3152
 1601 4049 3151 4 6 1400001.10 1400001.14 3152
 1601 4065 3151 4 6 1400001.10 1400001.14 3152
 1601 4081 3151 4 6 1400001.10 1400001.14 3152
 1601 4081 3151 59 12 1.10 1.14 3152
 1601 4097 3151 4 6 1400001.10 1400001.14 3152
 1601 4113 3151 4 6 1400001.10 1400001.14 3152
 1601 4129 3151 4 6 1400001.10 1400001.14 3152
 1601 4145 3694 70 1 1.10 -4.86 3695
 1601 4161 3694 69 2 1.10 -4.86 3695
 1601 4177 3694 69 2 1.10 -4.86 3695
 1601 4193 3694 69 2 1.10 -4.86 3695
 1601 4209 3196 69 17 1.10 -4.86 3197
 1601 4241 3694 69 2 1.10 -4.86 3695
 1601 4257 3694 69 2 1.10 -4.86 3695
 1601 4273 3694 69 2 1.10 -4.86 3695
 1601 4289 3694 69 2 1.10 -4.86 3695
 1601 4305 3196 69 17 1.10 -4.86 3197
 1601 4337 3694 69 2 1.10 -4.86 3695
 1601 4353 3694 70 1 1.10 -4.86 3695
 1601 4369 3151 4 4 1400001.10 1400001.14 3152
 1601 4385 3151 4 4 1400001.10 1400001.14 3152
 1601 4401 3151 4 4 1400001.10 1400001.14 3152
 1601 4417 3151 4 4 1400001.10 1400001.14 3152
 1601 4433 3151 4 4 1400001.10 1400001.14 3152
 1601 4449 3151 4 4 1400001.10 1400001.14 3152
 1601 4593 3151 4 2 1400001.10 1400001.14 3152
 1601 4577 3151 4 2 1400001.10 1400001.14 3152
 1601 4561 3151 4 1 1400001.10 1400001.14 3152
 1601 4545 3151 4 4 1400001.10 1400001.14 3152
 1601 4529 3151 4 4 1400001.10 1400001.14 3152
 1601 4513 3151 4 4 1400001.10 1400001.14 3152
 1601 4497 3151 4 4 1400001.10 1400001.14 3152
 1601 4481 3151 4 4 1400001.10 1400001.14 3152
 1601 4465 3151 4 4 1400001.10 1400001.14 3152
 1601 4609 3151 87 7 1.10 1.14 3152
 1617 3969 3151 87 7 1.10 1.14 3152
 1617 4001 3151 4 5 1400001.10 1400001.14 3152
 1617 4017 3151 4 6 1400001.10 1400001.14 3152
 1617 4033 3151 4 6 1400001.10 1400001.14 3152
 1617 4049 3151 4 6 1400001.10 1400001.14 3152
 1617 4065 3151 4 6 1400001.10 1400001.14 3152
 1617 4081 3151 4 6 1400001.10 1400001.14 3152
 1617 4097 3151 4 6 1400001.10 1400001.14 3152
 1617 4113 3151 4 6 1400001.10 1400001.14 3152
 1617 4129 3151 4 6 1400001.10 1400001.14 3152
 1617 4369 3151 4 4 1400001.10 1400001.14 3152
 1617 4385 3151 4 4 1400001.10 1400001.14 3152
 1617 4401 3151 4 4 1400001.10 1400001.14 3152
 1617 4417 3151 4 4 1400001.10 1400001.14 3152
 1617 4433 3151 4 4 1400001.10 1400001.14 3152
 1617 4449 3151 4 4 1400001.10 1400001.14 3152
 1617 4465 3151 4 4 1400001.10 1400001.14 3152
 1617 4593 3151 4 2 1400001.10 1400001.14 3152
 1617 4577 3151 4 2 1400001.10 1400001.14 3152
 1617 4561 3151 4 1 1400001.10 1400001.14 3152
 1617 4545 3151 4 4 1400001.10 1400001.14 3152
 1617 4529 3151 4 4 1400001.10 1400001.14 3152
 1617 4513 3151 4 4 1400001.10 1400001.14 3152
 1617 4497 3151 4 4 1400001.10 1400001.14 3152
 1617 4481 3151 4 4 1400001.10 1400001.14 3152
 1617 4609 3151 87 7 1.10 1.14 3152
 1633 3969 3151 87 7 1.10 1.14 3152
 1633 4001 3151 4 5 1400001.10 1400001.14 3152
 1633 4017 3151 4 6 1400001.10 1400001.14 3152
 1633 4033 3151 4 6 1400001.10 1400001.14 3152
 1633 4049 3151 4 6 1400001.10 1400001.14 3152
 1633 4065 3151 4 6 1400001.10 1400001.14 3152
 1633 4081 3151 4 6 1400001.10 1400001.14 3152
 1633 4097 3151 4 6 1400001.10 1400001.14 3152
 1633 4113 3151 4 6 1400001.10 1400001.14 3152
 1633 4129 3151 4 6 1400001.10 1400001.14 3152
 1633 4145 3151 87 7 1.10 1.14 3152
 1633 4273 3192 71 31 1.10 1.14 3193
 1633 4305 3192 69 4 1.10 -4.86 3193
 1633 4353 3151 72 80 1.10 -4.86 3152
 1633 4369 3151 72 78 1.10 -4.86 3152
 1633 4385 3151 72 78 1.10 -4.86 3152
 1633 4401 3151 72 78 1.10 -4.86 3152
 1633 4417 3151 72 78 1.10 -4.86 3152
 1633 4433 3151 72 78 1.10 -4.86 3152
 1633 4449 3151 72 78 1.10 -4.86 3152
 1633 4465 3151 72 78 1.10 -4.86 3152
 1633 4593 3151 4 2 1400001.10 1400001.14 3152
 1633 4577 3151 4 2 1400001.10 1400001.14 3152
 1633 4561 3151 4 1 1400001.10 1400001.14 3152
 1633 4609 3151 87 7 1.10 1.14 3152
 1633 4577 3192 71 13 1.10 1.14 3193
 1633 4545 3151 67 1 1.10 1.14 3152
 1633 4529 3151 72 80 1.10 -4.86 3152
 1633 4513 3151 72 78 1.10 -4.86 3152
 1633 4497 3151 72 78 1.10 -4.86 3152
 1633 4481 3151 72 78 1.10 -4.86 3152
 1633 4753 3694 69 2 1.10 -4.86 3695
 1633 4737 3694 69 2 1.10 -4.86 3695
 1633 4721 3694 69 2 1.10 -4.86 3695
 1633 4705 3694 69 2 1.10 -4.86 3695
 1633 4689 3694 69 2 1.10 -4.86 3695
 1633 4673 3694 69 2 1.10 -4.86 3695
 1633 4657 3694 69 2 1.10 -4.86 3695
 1633 4641 3694 69 2 1.10 -4.86 3695
 1633 4625 3694 69 2 1.10 -4.86 3695
 1649 3969 3151 87 7 1.10 1.14 3152
 1649 4001 3151 4 5 1400001.10 1400001.14 3152
 1649 4017 3151 4 6 1400001.10 1400001.14 3152
 1649 4033 3151 4 6 1400001.10 1400001.14 3152
 1649 4049 3151 4 6 1400001.10 1400001.14 3152
 1649 4065 3151 4 6 1400001.10 1400001.14 3152
 1649 4081 3151 4 6 1400001.10 1400001.14 3152
 1649 4097 3151 4 6 1400001.10 1400001.14 3152
 1649 4113 3151 4 6 1400001.10 1400001.14 3152
 1649 4129 3151 4 6 1400001.10 1400001.14 3152
 1649 4145 3151 87 7 1.10 1.14 3152
 1649 4305 3192 69 4 1.10 -4.86 3193
 1649 4593 3151 4 2 1400001.10 1400001.14 3152
 1649 4577 3151 4 2 1400001.10 1400001.14 3152
 1649 4561 3151 4 1 1400001.10 1400001.14 3152
 1649 4513 3151 4 2 1400001.10 1400001.14 3152
 1649 4497 3151 4 1 1400001.10 1400001.14 3152
 1649 4609 3151 87 7 1.10 1.14 3152
 1649 4545 3151 67 1 1.10 1.14 3152
 1649 4529 3151 87 7 1.10 1.14 3152
 1665 3969 3151 87 7 1.10 1.14 3152
 1665 3985 3151 87 7 1.10 1.14 3152
 1665 4001 3151 87 7 1.10 1.14 3152
 1665 4017 3151 87 7 1.10 1.14 3152
 1665 4033 3151 87 7 1.10 1.14 3152
 1665 4049 3151 87 7 1.10 1.14 3152
 1665 4065 3151 87 7 1.10 1.14 3152
 1665 4081 3151 87 7 1.10 1.14 3152
 1665 4097 3151 87 7 1.10 1.14 3152
 1665 4113 3151 87 7 1.10 1.14 3152
 1665 4129 3151 87 7 1.10 1.14 3152
 1665 4145 3151 87 7 1.10 1.14 3152
 1665 4305 3196 69 19 1.10 -4.86 3197
 1665 4337 3694 69 2 1.10 -4.86 3695
 1665 4353 3694 69 2 1.10 -4.86 3695
 1665 4369 3694 69 2 1.10 -4.86 3695
 1665 4385 3694 70 1 1.10 -4.86 3695
 1665 4401 3151 4 4 1400001.10 1400001.14 3152
 1665 4417 3151 4 4 1400001.10 1400001.14 3152
 1665 4433 3151 4 4 1400001.10 1400001.14 3152
 1665 4449 3151 4 4 1400001.10 1400001.14 3152
 1665 4465 3151 4 4 1400001.10 1400001.14 3152
 1665 4481 3151 4 4 1400001.10 1400001.14 3152
 1665 4497 3151 4 1 1400001.10 1400001.14 3152
 1665 4513 3151 4 2 1400001.10 1400001.14 3152
 1665 4529 3151 87 7 1.10 1.14 3152
 1665 4545 3151 67 1 1.10 1.14 3152
 1665 4753 3151 4 4 1400001.10 1400001.14 3152
 1665 4737 3151 4 4 1400001.10 1400001.14 3152
 1665 4721 3151 4 4 1400001.10 1400001.14 3152
 1665 4705 3151 4 4 1400001.10 1400001.14 3152
 1665 4689 3151 4 4 1400001.10 1400001.14 3152
 1665 4673 3151 4 4 1400001.10 1400001.14 3152
 1665 4657 3151 4 4 1400001.10 1400001.14 3152
 1665 4641 3151 4 4 1400001.10 1400001.14 3152
 1665 4625 3151 4 4 1400001.10 1400001.14 3152
 1665 4609 3151 4 4 1400001.10 1400001.14 3152
 1665 4593 3151 4 2 1400001.10 1400001.14 3152
 1665 4577 3151 4 2 1400001.10 1400001.14 3152
 1665 4561 3151 4 1 1400001.10 1400001.14 3152
 1681 4401 3151 4 4 1400001.10 1400001.14 3152
 1681 4417 3151 4 4 1400001.10 1400001.14 3152
 1681 4433 3151 4 4 1400001.10 1400001.14 3152
 1681 4449 3151 4 4 1400001.10 1400001.14 3152
 1681 4465 3151 4 4 1400001.10 1400001.14 3152
 1681 4481 3151 4 4 1400001.10 1400001.14 3152
 1681 4497 3151 4 1 1400001.10 1400001.14 3152
 1681 4513 3151 4 2 1400001.10 1400001.14 3152
 1681 4529 3151 87 7 1.10 1.14 3152
 1681 4545 3151 67 1 1.10 1.14 3152
 1681 4593 3151 4 2 1400001.10 1400001.14 3152
 1681 4577 3151 4 2 1400001.10 1400001.14 3152
 1681 4561 3151 4 1 1400001.10 1400001.14 3152
 1681 4753 3151 87 7 1.10 1.14 3152
 1681 4609 3151 87 7 1.10 1.14 3152
 1697 4497 3151 4 1 1400001.10 1400001.14 3152
 1697 4513 3151 4 2 1400001.10 1400001.14 3152
 1697 4529 3151 87 7 1.10 1.14 3152
 1697 4545 3151 87 7 1.10 1.14 3152
 1697 4753 3151 87 7 1.10 1.14 3152
 1697 4609 3151 87 7 1.10 1.14 3152
 1697 4593 3151 87 7 1.10 1.14 3152
 1697 4577 3151 87 7 1.10 1.14 3152
 1697 4561 3151 87 7 1.10 1.14 3152
 1713 4497 3151 4 1 1400001.10 1400001.14 3152
 1713 4513 3151 4 2 1400001.10 1400001.14 3152
 1713 4529 3151 4 4 1400001.10 1400001.14 3152
 1713 4545 3151 4 4 1400001.10 1400001.14 3152
 1713 4753 3151 4 4 1400001.10 1400001.14 3152
 1713 4737 3151 4 4 1400001.10 1400001.14 3152
 1713 4721 3151 4 4 1400001.10 1400001.14 3152
 1713 4705 3151 4 4 1400001.10 1400001.14 3152
 1713 4689 3151 4 4 1400001.10 1400001.14 3152
 1713 4673 3151 4 4 1400001.10 1400001.14 3152
 1713 4657 3151 4 4 1400001.10 1400001.14 3152
 1713 4641 3151 4 4 1400001.10 1400001.14 3152
 1713 4625 3151 4 4 1400001.10 1400001.14 3152
 1713 4609 3151 4 4 1400001.10 1400001.14 3152
 1713 4593 3151 4 4 1400001.10 1400001.14 3152
 1713 4577 3151 4 4 1400001.10 1400001.14 3152
 1713 4561 3151 4 4 1400001.10 1400001.14 3152
 1729 4305 3151 88 1 1.10 1.14 3152
 1729 4497 3151 87 7 1.10 1.14 3152
 1729 4513 3151 87 7 1.10 1.14 3152
 1729 4529 3151 87 7 1.10 1.14 3152
 1729 4545 3151 87 7 1.10 1.14 3152
 1729 4753 3151 87 7 1.10 1.14 3152
 1729 4609 3151 87 7 1.10 1.14 3152
 1729 4593 3151 87 7 1.10 1.14 3152
 1729 4577 3151 87 7 1.10 1.14 3152
 1729 4561 3151 87 7 1.10 1.14 3152
 1745 4305 3151 88 2 1.10 1.14 3152
 1745 4753 3151 87 7 1.10 1.14 3152
 1761 4241 3151 59 15 1.10 1.14 3152
 1761 4305 3151 88 2 1.10 1.14 3152
 1761 4753 3151 87 7 1.10 1.14 3152
 1777 4241 3151 59 13 1.10 1.14 3152
 1777 4305 3151 88 2 1.10 1.14 3152
 1777 4753 3151 87 7 1.10 1.14 3152
 1793 4305 3151 88 2 1.10 1.14 3152
 1793 4753 3151 87 7 1.10 1.14 3152
 1793 4737 3151 87 7 1.10 1.14 3152
 1809 4305 3151 88 4 1.10 1.14 3152
 1809 4753 3151 87 7 1.10 1.14 3152
 1809 4737 3151 87 7 1.10 1.14 3152
 1809 4721 3151 87 7 1.10 1.14 3152
 1825 4753 3151 87 7 1.10 1.14 3152
 1825 4737 3151 87 7 1.10 1.14 3152
 1825 4721 3151 87 7 1.10 1.14 3152
 1825 4705 3151 87 7 1.10 1.14 3152
 1873 4721 3192 53 10 1.10 -5.86 3193
 1873 4737 3151 80 1 -8.90 -8.86 3152
 1873 4641 3151 80 3 -8.90 -8.86 3152
 1905 4641 3192 53 10 1.10 -5.86 3193
 1905 4737 3151 80 1 -8.90 -8.86 3152
 1905 4641 3151 80 3 -8.90 -8.86 3152
 1953 4753 3151 87 7 1.10 1.14 3152
 1953 4737 3151 87 7 1.10 1.14 3152
 1953 4721 3151 87 7 1.10 1.14 3152
 1953 4705 3151 87 7 1.10 1.14 3152
 1969 4753 3151 87 7 1.10 1.14 3152
 1969 4737 3151 87 7 1.10 1.14 3152
 1969 4721 3151 87 7 1.10 1.14 3152
 1985 4753 3151 87 7 1.10 1.14 3152
 1985 4737 3151 87 7 1.10 1.14 3152
 2001 4753 3151 87 7 1.10 1.14 3152
 2017 4753 3151 87 7 1.10 1.14 3152
 2017 4737 3151 55 5 1.10 -5.86 3152
 2033 4753 3151 87 7 1.10 1.14 3152
 2049 4753 3151 87 7 1.10 1.14 3152
 2065 4753 3151 87 7 1.10 1.14 3152
 2081 4753 3151 87 7 1.10 1.14 3152
 2081 4721 3192 70 3 1.10 -4.86 3193
 2097 4753 3151 87 7 1.10 1.14 3152
 2097 4705 3151 87 7 1.10 1.14 3152
 2097 4721 3192 69 4 1.10 -4.86 3193
 2113 4753 3151 87 7 1.10 1.14 3152
 2113 4705 3151 87 7 1.10 1.14 3152
 2113 4721 3192 69 4 1.10 -4.86 3193
 2113 4673 3192 70 3 1.10 -4.86 3193
 2129 4753 3151 87 7 1.10 1.14 3152
 2129 4705 3151 87 7 1.10 1.14 3152
 2129 4657 3151 87 7 1.10 1.14 3152
 2129 4721 3192 69 4 1.10 -4.86 3193
 2129 4673 3192 69 4 1.10 -4.86 3193
 2145 4753 3151 87 7 1.10 1.14 3152
 2145 4705 3151 87 7 1.10 1.14 3152
 2145 4657 3151 87 7 1.10 1.14 3152
 2145 4721 3192 69 4 1.10 -4.86 3193
 2145 4673 3192 69 4 1.10 -4.86 3193
 2145 4625 3192 70 3 1.10 -4.86 3193
 2161 4177 3694 69 2 1.10 -4.86 3695
 2161 4193 3694 69 2 1.10 -4.86 3695
 2161 4209 3694 69 2 1.10 -4.86 3695
 2161 4225 3694 69 2 1.10 -4.86 3695
 2161 4241 3694 69 2 1.10 -4.86 3695
 2161 4257 3694 69 2 1.10 -4.86 3695
 2161 4273 3694 69 2 1.10 -4.86 3695
 2161 4289 3694 69 2 1.10 -4.86 3695
 2161 4305 3694 69 2 1.10 -4.86 3695
 2161 4321 3694 69 2 1.10 -4.86 3695
 2161 4417 3694 69 2 1.10 -4.86 3695
 2161 4401 3694 69 2 1.10 -4.86 3695
 2161 4385 3694 69 2 1.10 -4.86 3695
 2161 4369 3694 69 2 1.10 -4.86 3695
 2161 4353 3694 69 2 1.10 -4.86 3695
 2161 4337 3694 69 2 1.10 -4.86 3695
 2161 4433 3195 87 9 1.10 1.14 3196
 2161 4753 3151 87 7 1.10 1.14 3152
 2161 4705 3151 87 7 1.10 1.14 3152
 2161 4657 3151 87 7 1.10 1.14 3152
 2161 4529 3195 87 9 1.10 1.14 3196
 2161 4721 3192 69 4 1.10 -4.86 3193
 2161 4673 3192 69 4 1.10 -4.86 3193
 2161 4625 3192 69 4 1.10 -4.86 3193
 2177 4753 3151 87 7 1.10 1.14 3152
 2177 4705 3151 87 7 1.10 1.14 3152
 2177 4657 3151 87 7 1.10 1.14 3152
 2177 4721 3192 69 4 1.10 -4.86 3193
 2177 4673 3192 69 4 1.10 -4.86 3193
 2177 4625 3192 69 4 1.10 -4.86 3193
 2193 4353 3151 71 38 1.10 1.14 3152
 2193 4753 3151 87 7 1.10 1.14 3152
 2193 4705 3151 87 7 1.10 1.14 3152
 2193 4657 3151 87 7 1.10 1.14 3152
 2193 4721 3192 69 4 1.10 -4.86 3193
 2193 4673 3192 69 4 1.10 -4.86 3193
 2193 4625 3192 69 4 1.10 -4.86 3193
 2209 4753 3151 87 7 1.10 1.14 3152
 2209 4705 3151 87 7 1.10 1.14 3152
 2209 4657 3151 87 7 1.10 1.14 3152
 2209 4721 3192 69 4 1.10 -4.86 3193
 2209 4673 3192 69 4 1.10 -4.86 3193
 2209 4625 3192 69 4 1.10 -4.86 3193
 2225 4385 3151 67 1 1.10 1.14 3152
 2225 4753 3151 87 7 1.10 1.14 3152
 2225 4705 3151 87 7 1.10 1.14 3152
 2225 4657 3151 87 7 1.10 1.14 3152
 2225 4721 3192 69 4 1.10 -4.86 3193
 2225 4673 3192 69 4 1.10 -4.86 3193
 2225 4625 3192 69 4 1.10 -4.86 3193
 2241 4753 3151 87 7 1.10 1.14 3152
 2241 4705 3151 87 7 1.10 1.14 3152
 2241 4657 3151 87 7 1.10 1.14 3152
 2241 4721 3192 69 4 1.10 -4.86 3193
 2241 4673 3192 69 4 1.10 -4.86 3193
 2241 4625 3192 69 4 1.10 -4.86 3193
 2257 4417 3694 69 2 1.10 -4.86 3695
 2257 4401 3694 69 1 1.10 -4.86 3695
 2257 4433 3195 87 9 1.10 1.14 3196
 2257 4529 3151 87 7 1.10 1.14 3152
 2257 4545 3151 87 7 1.10 1.14 3152
 2257 4753 3151 87 7 1.10 1.14 3152
 2257 4577 3151 87 7 1.10 1.14 3152
 2257 4561 3151 87 7 1.10 1.14 3152
 2257 4673 3192 69 4 1.10 -4.86 3193
 2257 4721 3196 69 20 1.10 -4.86 3197
 2257 4705 3694 69 2 1.10 -4.86 3695
 2257 4657 3694 69 2 1.10 -4.86 3695
 2257 4641 3694 69 2 1.10 -4.86 3695
 2257 4625 3694 69 2 1.10 -4.86 3695
 2257 4593 3196 69 18 1.10 -4.86 3197
 2273 4529 3151 87 7 1.10 1.14 3152
 2273 4545 3151 87 7 1.10 1.14 3152
 2273 4753 3151 87 7 1.10 1.14 3152
 2273 4577 3151 87 7 1.10 1.14 3152
 2273 4561 3151 87 7 1.10 1.14 3152
 2273 4673 3192 69 4 1.10 -4.86 3193
 2289 4321 3151 59 1 1.10 1.14 3152
 2289 4401 3192 55 25 1.10 -5.86 3193
 2289 4529 3151 87 7 1.10 1.14 3152
 2289 4545 3151 87 7 1.10 1.14 3152
 2289 4753 3151 87 7 1.10 1.14 3152
 2289 4737 3151 87 7 1.10 1.14 3152
 2289 4721 3151 87 7 1.10 1.14 3152
 2289 4705 3151 87 7 1.10 1.14 3152
 2289 4625 3192 69 4 1.10 -4.86 3193
 2289 4673 3196 69 20 1.10 -4.86 3197
 2289 4657 3694 69 2 1.10 -4.86 3695
 2289 4609 3694 69 2 1.10 -4.86 3695
 2289 4593 3694 69 2 1.10 -4.86 3695
 2289 4561 3196 69 18 1.10 -4.86 3197
 2305 4529 3151 87 7 1.10 1.14 3152
 2305 4545 3151 87 7 1.10 1.14 3152
 2305 4705 3693 87 8 1.10 1.14 3694
 2305 4625 3192 69 4 1.10 -4.86 3193
 2321 4689 3151 87 7 1.10 1.14 3152
 2321 4673 3151 87 7 1.10 1.14 3152
 2321 4657 3151 87 7 1.10 1.14 3152
 2321 4593 3192 69 4 1.10 -4.86 3193
 2321 4529 3196 69 18 1.10 -4.86 3197
 2321 4625 3196 69 20 1.10 -4.86 3197
 2321 4577 3694 69 2 1.10 -4.86 3695
 2321 4561 3694 69 2 1.10 -4.86 3695
 2337 4369 3151 67 1 1.10 1.14 3152
 2337 4689 3151 87 7 1.10 1.14 3152
 2337 4673 3151 87 7 1.10 1.14 3152
 2337 4657 3151 87 7 1.10 1.14 3152
 2337 4593 3192 69 4 1.10 -4.86 3193
 2353 4433 3195 87 9 1.10 1.14 3196
 2353 4593 3192 69 4 1.10 -4.86 3193
 2353 4529 3196 69 19 1.10 -4.86 3197
 2353 4673 3196 69 21 1.10 -4.86 3197
 2353 4657 3694 69 2 1.10 -4.86 3695
 2353 4641 3694 69 2 1.10 -4.86 3695
 2353 4625 3694 69 2 1.10 -4.86 3695
 2353 4577 3694 69 2 1.10 -4.86 3695
 2353 4561 3694 69 2 1.10 -4.86 3695
 2369 4753 3151 87 7 1.10 1.14 3152
 2369 4737 3151 87 7 1.10 1.14 3152
 2369 4721 3151 87 7 1.10 1.14 3152
 2369 4705 3151 87 7 1.10 1.14 3152
 2369 4593 3192 69 4 1.10 -4.86 3193
 2385 4385 3694 69 1 1.10 -4.86 3695
 2385 4401 3694 69 2 1.10 -4.86 3695
 2385 4417 3694 69 2 1.10 -4.86 3695
 2385 4529 3151 87 7 1.10 1.14 3152
 2385 4545 3151 87 7 1.10 1.14 3152
 2385 4753 3151 87 7 1.10 1.14 3152
 2385 4673 3192 69 4 1.10 -4.86 3193
 2385 4561 3192 69 4 1.10 -4.86 3193
 2385 4721 3196 69 21 1.10 -4.86 3197
 2385 4705 3694 69 2 1.10 -4.86 3695
 2385 4657 3694 69 2 1.10 -4.86 3695
 2385 4641 3694 69 2 1.10 -4.86 3695
 2385 4625 3694 69 2 1.10 -4.86 3695
 2385 4593 3196 69 19 1.10 -4.86 3197
 2401 4321 3151 67 1 1.10 1.14 3152
 2401 4529 3151 87 7 1.10 1.14 3152
 2401 4545 3151 87 7 1.10 1.14 3152
 2401 4753 3151 87 7 1.10 1.14 3152
 2401 4673 3192 69 4 1.10 -4.86 3193
 2401 4561 3192 69 4 1.10 -4.86 3193
 2417 4401 3151 72 1 1.10 -4.86 3152
 2417 4417 3151 72 5 1.10 -4.86 3152
 2417 4529 3151 87 7 1.10 1.14 3152
 2417 4545 3151 87 7 1.10 1.14 3152
 2417 4753 3151 87 7 1.10 1.14 3152
 2417 4705 3151 87 7 1.10 1.14 3152
 2417 4657 3151 87 7 1.10 1.14 3152
 2417 4721 3192 69 4 1.10 -4.86 3193
 2417 4673 3192 69 4 1.10 -4.86 3193
 2417 4625 3196 69 21 1.10 -4.86 3197
 2417 4609 3694 69 2 1.10 -4.86 3695
 2417 4593 3694 69 2 1.10 -4.86 3695
 2417 4561 3196 69 19 1.10 -4.86 3197
 2433 4369 3151 67 1 1.10 1.14 3152
 2433 4529 3151 87 7 1.10 1.14 3152
 2433 4545 3151 87 7 1.10 1.14 3152
 2433 4753 3151 87 7 1.10 1.14 3152
 2433 4705 3151 87 7 1.10 1.14 3152
 2433 4657 3151 87 7 1.10 1.14 3152
 2433 4721 3192 69 4 1.10 -4.86 3193
 2433 4673 3192 69 4 1.10 -4.86 3193
 2449 4753 3151 87 7 1.10 1.14 3152
 2449 4529 3151 87 7 1.10 1.14 3152
 2449 4545 3151 87 7 1.10 1.14 3152
 2449 4705 3151 87 7 1.10 1.14 3152
 2449 4657 3151 87 7 1.10 1.14 3152
 2449 4609 3151 87 7 1.10 1.14 3152
 2449 4593 3151 87 7 1.10 1.14 3152
 2449 4577 3151 87 7 1.10 1.14 3152
 2449 4561 3151 87 7 1.10 1.14 3152
 2449 4433 3195 87 9 1.10 1.14 3196
 2449 4721 3192 69 4 1.10 -4.86 3193
 2449 4673 3192 69 4 1.10 -4.86 3193
 2449 4625 3192 69 4 1.10 -4.86 3193
 2465 4417 3151 72 1 1.10 -4.86 3152
 2465 4753 3151 87 7 1.10 1.14 3152
 2465 4529 3151 87 7 1.10 1.14 3152
 2465 4705 3151 87 7 1.10 1.14 3152
 2465 4657 3151 87 7 1.10 1.14 3152
 2465 4609 3151 87 7 1.10 1.14 3152
 2465 4721 3192 69 4 1.10 -4.86 3193
 2465 4673 3192 69 4 1.10 -4.86 3193
 2465 4625 3192 69 4 1.10 -4.86 3193
 2481 4401 3694 69 1 1.10 -4.86 3695
 2481 4417 3694 69 2 1.10 -4.86 3695
 2481 4753 3151 87 7 1.10 1.14 3152
 2481 4529 3151 87 7 1.10 1.14 3152
 2481 4705 3151 87 7 1.10 1.14 3152
 2481 4657 3151 87 7 1.10 1.14 3152
 2481 4609 3151 87 7 1.10 1.14 3152
 2481 4721 3192 69 4 1.10 -4.86 3193
 2481 4673 3192 69 4 1.10 -4.86 3193
 2481 4625 3192 69 4 1.10 -4.86 3193
 2481 4545 3694 69 2 1.10 -4.86 3695
 2481 4561 3196 69 21 1.10 -4.86 3197
 2497 4337 3151 67 1 1.10 1.14 3152
 2497 4753 3151 87 7 1.10 1.14 3152
 2497 4529 3151 87 7 1.10 1.14 3152
 2497 4705 3151 87 7 1.10 1.14 3152
 2497 4657 3151 87 7 1.10 1.14 3152
 2497 4609 3151 87 7 1.10 1.14 3152
 2497 4721 3192 69 4 1.10 -4.86 3193
 2497 4673 3192 69 4 1.10 -4.86 3193
 2497 4625 3192 69 4 1.10 -4.86 3193
 2513 4753 3151 87 7 1.10 1.14 3152
 2513 4529 3151 87 7 1.10 1.14 3152
 2513 4705 3151 87 7 1.10 1.14 3152
 2513 4657 3151 87 7 1.10 1.14 3152
 2513 4609 3151 87 7 1.10 1.14 3152
 2513 4721 3192 69 4 1.10 -4.86 3193
 2513 4673 3192 69 4 1.10 -4.86 3193
 2513 4625 3192 69 4 1.10 -4.86 3193
 2513 4561 3192 69 4 1.10 -4.86 3193
 2529 4353 3151 67 1 1.10 1.14 3152
 2529 4753 3151 87 7 1.10 1.14 3152
 2529 4529 3151 87 7 1.10 1.14 3152
 2529 4545 3151 87 7 1.10 1.14 3152
 2529 4705 3151 87 7 1.10 1.14 3152
 2529 4657 3151 87 7 1.10 1.14 3152
 2529 4609 3151 87 7 1.10 1.14 3152
 2529 4593 3151 87 7 1.10 1.14 3152
 2529 4577 3151 87 7 1.10 1.14 3152
 2529 4561 3151 87 7 1.10 1.14 3152
 2529 4721 3192 69 4 1.10 -4.86 3193
 2529 4673 3192 69 4 1.10 -4.86 3193
 2529 4625 3192 69 4 1.10 -4.86 3193
 2545 4417 3151 72 1 1.10 -4.86 3152
 2545 4753 3151 87 7 1.10 1.14 3152
 2545 4433 3195 87 9 1.10 1.14 3196
 2545 4705 3151 87 7 1.10 1.14 3152
 2545 4657 3151 87 7 1.10 1.14 3152
 2545 4529 3195 87 9 1.10 1.14 3196
 2545 4721 3192 69 4 1.10 -4.86 3193
 2545 4673 3192 69 4 1.10 -4.86 3193
 2545 4625 3192 69 4 1.10 -4.86 3193
 2561 4385 3151 72 7 1.10 -4.86 3152
 2561 4401 3151 72 5 1.10 -4.86 3152
 2561 4417 3151 72 5 1.10 -4.86 3152
 2561 4753 3151 87 7 1.10 1.14 3152
 2561 4705 3151 87 7 1.10 1.14 3152
 2561 4657 3151 87 7 1.10 1.14 3152
 2561 4721 3192 69 4 1.10 -4.86 3193
 2561 4673 3192 69 4 1.10 -4.86 3193
 2561 4625 3192 69 3 1.10 -4.86 3193
 2577 4305 3151 59 3 1.10 1.14 3152
 2577 4385 3151 72 6 1.10 -4.86 3152
 2577 4753 3151 87 7 1.10 1.14 3152
 2577 4705 3151 87 7 1.10 1.14 3152
 2577 4657 3151 87 7 1.10 1.14 3152
 2577 4721 3192 69 4 1.10 -4.86 3193
 2577 4673 3192 69 4 1.10 -4.86 3193
 2593 4385 3151 72 6 1.10 -4.86 3152
 2593 4753 3151 87 7 1.10 1.14 3152
 2593 4705 3151 87 7 1.10 1.14 3152
 2593 4657 3151 87 7 1.10 1.14 3152
 2593 4641 3151 67 1 1.10 1.14 3152
 2593 4721 3192 69 4 1.10 -4.86 3193
 2593 4673 3192 69 3 1.10 -4.86 3193
 2609 4337 3151 67 1 1.10 1.14 3152
 2609 4385 3151 72 6 1.10 -4.86 3152
 2609 4401 3151 72 1 1.10 -4.86 3152
 2609 4417 3151 87 7 1.10 1.14 3152
 2609 4753 3151 87 7 1.10 1.14 3152
 2609 4705 3151 87 7 1.10 1.14 3152
 2609 4657 3151 87 7 1.10 1.14 3152
 2609 4721 3192 69 4 1.10 -4.86 3193
 2625 4385 3151 72 6 1.10 -4.86 3152
 2625 4401 3151 87 7 1.10 1.14 3152
 2625 4417 3151 87 7 1.10 1.14 3152
 2625 4753 3151 87 7 1.10 1.14 3152
 2625 4705 3151 87 7 1.10 1.14 3152
 2625 4689 3151 67 14 1.10 1.14 3152
 2625 4657 3151 87 7 1.10 1.14 3152
 2625 4721 3192 69 3 1.10 -4.86 3193
 2625 4625 3192 70 3 1.10 -4.86 3193
 2641 4385 3151 72 8 1.10 -4.86 3152
 2641 4401 3151 87 7 1.10 1.14 3152
 2641 4417 3151 87 7 1.10 1.14 3152
 2641 4433 3151 87 7 1.10 1.14 3152
 2641 4449 3151 87 7 1.10 1.14 3152
 2641 4465 3151 87 7 1.10 1.14 3152
 2641 4753 3151 87 7 1.10 1.14 3152
 2641 4481 3151 87 7 1.10 1.14 3152
 2641 4497 3151 87 7 1.10 1.14 3152
 2641 4513 3151 87 7 1.10 1.14 3152
 2641 4529 3151 87 7 1.10 1.14 3152
 2641 4545 3151 87 7 1.10 1.14 3152
 2641 4705 3151 87 7 1.10 1.14 3152
 2641 4657 3151 87 7 1.10 1.14 3152
 2641 4609 3151 87 7 1.10 1.14 3152
 2641 4593 3151 87 7 1.10 1.14 3152
 2641 4577 3151 87 7 1.10 1.14 3152
 2641 4561 3151 87 7 1.10 1.14 3152
 2641 4625 3192 69 4 1.10 -4.86 3193
 2657 4337 3196 55 24 1.10 -5.86 3197
 2657 4369 3694 69 1 1.10 -4.86 3695
 2657 4385 3694 69 2 1.10 -4.86 3695
 2657 4401 3151 87 7 1.10 1.14 3152
 2657 4417 3151 87 7 1.10 1.14 3152
 2657 4433 3151 87 7 1.10 1.14 3152
 2657 4753 3151 87 7 1.10 1.14 3152
 2657 4737 3151 67 15 1.10 1.14 3152
 2657 4705 3151 87 7 1.10 1.14 3152
 2657 4657 3151 87 7 1.10 1.14 3152
 2657 4481 3694 69 1 1.10 -4.86 3695
 2657 4497 3694 69 2 1.10 -4.86 3695
 2657 4513 3694 69 2 1.10 -4.86 3695
 2657 4529 3694 69 2 1.10 -4.86 3695
 2657 4545 3694 69 2 1.10 -4.86 3695
 2657 4673 3192 70 3 1.10 -4.86 3193
 2657 4561 3192 69 4 1.10 -4.86 3193
 2657 4625 3196 69 20 1.10 -4.86 3197
 2657 4609 3694 69 2 1.10 -4.86 3695
 2657 4593 3694 69 2 1.10 -4.86 3695
 2673 4401 3151 87 7 1.10 1.14 3152
 2673 4417 3151 87 7 1.10 1.14 3152
 2673 4433 3151 87 7 1.10 1.14 3152
 2673 4753 3151 87 7 1.10 1.14 3152
 2673 4705 3151 87 7 1.10 1.14 3152
 2673 4657 3151 87 7 1.10 1.14 3152
 2673 4673 3192 69 4 1.10 -4.86 3193
 2673 4561 3192 69 4 1.10 -4.86 3193
 2689 4401 3151 87 7 1.10 1.14 3152
 2689 4417 3151 87 7 1.10 1.14 3152
 2689 4433 3151 87 7 1.10 1.14 3152
 2689 4753 3151 87 7 1.10 1.14 3152
 2689 4705 3151 87 7 1.10 1.14 3152
 2689 4481 3694 69 1 1.10 -4.86 3695
 2689 4497 3694 69 2 1.10 -4.86 3695
 2689 4513 3694 69 2 1.10 -4.86 3695
 2689 4529 3694 69 2 1.10 -4.86 3695
 2689 4545 3694 69 2 1.10 -4.86 3695
 2689 4721 3192 70 3 1.10 -4.86 3193
 2689 4673 3196 69 20 1.10 -4.86 3197
 2689 4657 3694 69 2 1.10 -4.86 3695
 2689 4641 3694 69 2 1.10 -4.86 3695
 2689 4561 3192 69 4 1.10 -4.86 3193
 2689 4625 3694 69 2 1.10 -4.86 3695
 2689 4609 3694 69 2 1.10 -4.86 3695
 2689 4593 3694 69 2 1.10 -4.86 3695
 2705 4305 3151 67 1 1.10 1.14 3152
 2705 4401 3151 87 7 1.10 1.14 3152
 2705 4417 3151 87 7 1.10 1.14 3152
 2705 4433 3151 87 7 1.10 1.14 3152
 2705 4385 3151 53 4 1.10 -5.86 3152
 2705 4753 3151 87 7 1.10 1.14 3152
 2705 4705 3151 87 7 1.10 1.14 3152
 2705 4721 3192 69 4 1.10 -4.86 3193
 2705 4561 3192 69 4 1.10 -4.86 3193
 2721 4401 3151 87 7 1.10 1.14 3152
 2721 4417 3151 87 7 1.10 1.14 3152
 2721 4433 3151 87 7 1.10 1.14 3152
 2721 4753 3151 87 7 1.10 1.14 3152
 2721 4481 3694 69 1 1.10 -4.86 3695
 2721 4497 3694 69 2 1.10 -4.86 3695
 2721 4513 3694 69 2 1.10 -4.86 3695
 2721 4529 3694 69 2 1.10 -4.86 3695
 2721 4545 3694 69 2 1.10 -4.86 3695
 2721 4721 3196 69 20 1.10 -4.86 3197
 2721 4705 3694 69 2 1.10 -4.86 3695
 2721 4689 3694 69 2 1.10 -4.86 3695
 2721 4673 3694 69 2 1.10 -4.86 3695
 2721 4657 3694 69 2 1.10 -4.86 3695
 2721 4641 3694 69 2 1.10 -4.86 3695
 2721 4561 3192 69 4 1.10 -4.86 3193
 2721 4625 3694 69 2 1.10 -4.86 3695
 2721 4609 3694 69 2 1.10 -4.86 3695
 2721 4593 3694 69 2 1.10 -4.86 3695
 2737 4401 3151 87 7 1.10 1.14 3152
 2737 4417 3151 87 7 1.10 1.14 3152
 2737 4433 3151 87 7 1.10 1.14 3152
 2737 4753 3151 87 7 1.10 1.14 3152
 2737 4561 3192 69 4 1.10 -4.86 3193
 2753 4353 3151 67 1 1.10 1.14 3152
 2753 4401 3151 87 7 1.10 1.14 3152
 2753 4417 3151 87 7 1.10 1.14 3152
 2753 4433 3151 87 7 1.10 1.14 3152
 2753 4449 3196 55 14 1.10 -5.86 3197
 2753 4753 3151 87 7 1.10 1.14 3152
 2753 4737 3151 87 7 1.10 1.14 3152
 2753 4721 3151 87 7 1.10 1.14 3152
 2753 4705 3151 87 7 1.10 1.14 3152
 2753 4689 3151 87 7 1.10 1.14 3152
 2753 4673 3151 87 7 1.10 1.14 3152
 2753 4657 3151 87 7 1.10 1.14 3152
 2753 4641 3151 87 7 1.10 1.14 3152
 2753 4625 3151 87 7 1.10 1.14 3152
 2753 4609 3151 87 7 1.10 1.14 3152
 2753 4593 3151 87 7 1.10 1.14 3152
 2753 4481 3694 70 1 1.10 -4.86 3695
 2753 4497 3694 69 2 1.10 -4.86 3695
 2753 4513 3694 69 2 1.10 -4.86 3695
 2753 4529 3694 69 2 1.10 -4.86 3695
 2753 4545 3694 69 2 1.10 -4.86 3695
 2753 4561 3196 69 20 1.10 -4.86 3197
 2769 4401 3151 87 7 1.10 1.14 3152
 2769 4417 3151 87 7 1.10 1.14 3152
 2769 4433 3151 87 7 1.10 1.14 3152
 2769 4753 3151 87 7 1.10 1.14 3152
 2769 4737 3151 87 7 1.10 1.14 3152
 2769 4721 3151 87 7 1.10 1.14 3152
 2769 4705 3151 87 7 1.10 1.14 3152
 2769 4689 3151 87 7 1.10 1.14 3152
 2769 4673 3151 87 7 1.10 1.14 3152
 2769 4657 3151 87 7 1.10 1.14 3152
 2769 4641 3151 87 7 1.10 1.14 3152
 2769 4625 3151 87 7 1.10 1.14 3152
 2769 4609 3151 87 7 1.10 1.14 3152
 2769 4593 3151 87 7 1.10 1.14 3152
 2785 4385 3151 53 4 1.10 -5.86 3152
 2785 4401 3151 87 7 1.10 1.14 3152
 2785 4417 3151 87 7 1.10 1.14 3152
 2785 4753 3151 87 7 1.10 1.14 3152
 2785 4433 3195 87 9 1.10 1.14 3196
 2785 4737 3151 87 7 1.10 1.14 3152
 2785 4721 3151 87 7 1.10 1.14 3152
 2785 4625 3195 87 9 1.10 1.14 3196
 2785 4529 3195 87 9 1.10 1.14 3196
 2801 4369 3192 57 2 1.10 -5.86 3193
 2801 4401 3151 87 7 1.10 1.14 3152
 2801 4417 3151 87 7 1.10 1.14 3152
 2801 4753 3151 87 7 1.10 1.14 3152
 2801 4737 3151 87 7 1.10 1.14 3152
 2801 4721 3151 87 7 1.10 1.14 3152
 2817 4321 3151 67 1 1.10 1.14 3152
 2817 4417 3151 87 7 1.10 1.14 3152
 2817 4753 3151 87 7 1.10 1.14 3152
 2817 4737 3151 87 7 1.10 1.14 3152
 2817 4721 3151 87 7 1.10 1.14 3152
 2833 4753 3151 87 7 1.10 1.14 3152
 2833 4737 3151 87 7 1.10 1.14 3152
 2833 4721 3151 87 7 1.10 1.14 3152
 2849 4353 3151 67 1 1.10 1.14 3152
 2849 4401 3192 71 8 1.10 1.14 3193
 2849 4753 3151 87 7 1.10 1.14 3152
 2849 4737 3151 87 7 1.10 1.14 3152
 2849 4721 3151 87 7 1.10 1.14 3152
 2865 4753 3151 87 7 1.10 1.14 3152
 2865 4737 3151 87 7 1.10 1.14 3152
 2865 4721 3151 87 7 1.10 1.14 3152
 2881 4673 3195 87 9 1.10 1.14 3196
 2881 4465 3151 63 5 1.10 1.14 3152
 2881 4577 3195 87 9 1.10 1.14 3196
 2881 4481 3195 87 9 1.10 1.14 3196
 2897 4465 3151 63 5 1.10 1.14 3152
 2913 4465 3151 63 5 1.10 1.14 3152
 2929 4465 3151 63 5 1.10 1.14 3152
 2945 4465 3151 63 5 1.10 1.14 3152
 2961 4465 3151 63 5 1.10 1.14 3152
 2977 4673 3195 87 9 1.10 1.14 3196
 2977 4545 3151 87 7 1.10 1.14 3152
 2977 4593 3151 61 7 1.10 1.14 3152 Watch your head!
 2977 4577 3151 87 7 1.10 1.14 3152
 2977 4561 3151 87 7 1.10 1.14 3152
 2977 4465 3151 63 5 1.10 1.14 3152
 2977 4481 3693 87 8 1.10 1.14 3694
 2993 4641 3192 71 32 1.10 1.14 3193
 2993 4545 3151 87 7 1.10 1.14 3152
 2993 4561 3151 87 7 1.10 1.14 3152
 2993 4577 3151 87 7 1.10 1.14 3152
 2993 4465 3151 63 5 1.10 1.14 3152
 3009 4545 3151 87 7 1.10 1.14 3152
 3009 4561 3151 87 7 1.10 1.14 3152
 3009 4577 3151 87 7 1.10 1.14 3152
 3009 4465 3151 63 5 1.10 1.14 3152
 3025 4657 3151 63 8 1.10 1.14 3152
 3025 4641 3151 63 8 1.10 1.14 3152
 3025 4465 3151 63 5 1.10 1.14 3152
 3025 4545 3151 63 6 1.10 1.14 3152
 3025 4577 3151 63 6 1.10 1.14 3152
 3025 4561 3151 63 6 1.10 1.14 3152
 3041 4657 3151 87 7 1.10 1.14 3152
 3041 4641 3151 87 7 1.10 1.14 3152
 3041 4465 3151 63 5 1.10 1.14 3152
 3041 4481 3151 87 7 1.10 1.14 3152
 3041 4513 3151 87 7 1.10 1.14 3152
 3041 4497 3151 87 7 1.10 1.14 3152
 3057 4657 3151 87 7 1.10 1.14 3152
 3057 4641 3151 87 7 1.10 1.14 3152
 3057 4465 3151 63 5 1.10 1.14 3152
 3057 4481 3151 87 7 1.10 1.14 3152
 3057 4497 3151 87 7 1.10 1.14 3152
 3073 4673 3195 87 9 1.10 1.14 3196
 3073 4657 3151 87 7 1.10 1.14 3152
 3073 4641 3151 87 7 1.10 1.14 3152
 3073 4465 3151 63 5 1.10 1.14 3152
 3073 4481 3151 87 7 1.10 1.14 3152
 3073 4625 3151 87 7 1.10 1.14 3152
 3073 4609 3151 87 7 1.10 1.14 3152
 3073 4593 3151 87 7 1.10 1.14 3152
 3073 4577 3151 87 7 1.10 1.14 3152
 3073 4497 3151 63 7 1.10 1.14 3152
 3089 4657 3151 87 7 1.10 1.14 3152
 3089 4641 3151 87 7 1.10 1.14 3152
 3089 4465 3151 63 5 1.10 1.14 3152
 3089 4481 3151 87 7 1.10 1.14 3152
 3089 4497 3151 63 7 1.10 1.14 3152
 3089 4625 3151 87 7 1.10 1.14 3152
 3089 4609 3151 87 7 1.10 1.14 3152
 3089 4593 3151 87 7 1.10 1.14 3152
 3105 4657 3151 87 7 1.10 1.14 3152
 3105 4641 3151 87 7 1.10 1.14 3152
 3105 4465 3151 63 5 1.10 1.14 3152
 3105 4481 3151 87 7 1.10 1.14 3152
 3105 4497 3151 87 7 1.10 1.14 3152
 3105 4513 3151 87 7 1.10 1.14 3152
 3105 4625 3151 87 7 1.10 1.14 3152
 3105 4609 3151 87 7 1.10 1.14 3152
 3121 4657 3151 87 7 1.10 1.14 3152
 3121 4641 3151 63 5 1.10 1.14 3152
 3121 4465 3151 63 5 1.10 1.14 3152
 3121 4481 3151 87 7 1.10 1.14 3152
 3121 4497 3151 87 7 1.10 1.14 3152
 3121 4513 3151 87 7 1.10 1.14 3152
 3121 4529 3151 87 7 1.10 1.14 3152
 3137 4657 3151 87 7 1.10 1.14 3152
 3137 4641 3151 63 5 1.10 1.14 3152
 3137 4465 3151 63 5 1.10 1.14 3152
 3137 4481 3151 87 7 1.10 1.14 3152
 3137 4497 3151 87 7 1.10 1.14 3152
 3137 4513 3151 87 7 1.10 1.14 3152
 3137 4529 3151 87 7 1.10 1.14 3152
 3153 4657 3151 87 7 1.10 1.14 3152
 3153 4641 3151 87 7 1.10 1.14 3152
 3153 4465 3151 63 5 1.10 1.14 3152
 3153 4481 3151 87 7 1.10 1.14 3152
 3153 4497 3151 87 7 1.10 1.14 3152
 3153 4513 3151 87 7 1.10 1.14 3152
 3153 4529 3151 87 7 1.10 1.14 3152
 3153 4625 3151 87 7 1.10 1.14 3152
 3153 4609 3151 87 7 1.10 1.14 3152
 3169 4753 3151 87 7 1.10 1.14 3152
 3169 4737 3151 87 7 1.10 1.14 3152
 3169 4721 3151 87 7 1.10 1.14 3152
 3169 4705 3151 87 7 1.10 1.14 3152
 3169 4689 3151 87 7 1.10 1.14 3152
 3169 4673 3151 87 7 1.10 1.14 3152
 3169 4657 3151 87 7 1.10 1.14 3152
 3169 4641 3151 87 7 1.10 1.14 3152
 3169 4465 3151 63 5 1.10 1.14 3152
 3169 4481 3151 87 7 1.10 1.14 3152
 3169 4497 3151 87 7 1.10 1.14 3152
 3169 4513 3151 87 7 1.10 1.14 3152
 3169 4529 3151 87 7 1.10 1.14 3152
 3169 4545 3151 87 7 1.10 1.14 3152
 3169 4625 3151 87 7 1.10 1.14 3152
 3169 4609 3151 87 7 1.10 1.14 3152
 3185 4753 3151 87 7 1.10 1.14 3152
 3185 4737 3151 87 7 1.10 1.14 3152
 3185 4721 3151 87 7 1.10 1.14 3152
 3185 4465 3151 63 5 1.10 1.14 3152
 3185 4481 3693 87 8 1.10 1.14 3694
 3185 4545 3151 87 7 1.10 1.14 3152
 3185 4561 3151 87 7 1.10 1.14 3152
 3201 4753 3151 87 7 1.10 1.14 3152
 3201 4737 3151 87 7 1.10 1.14 3152
 3201 4721 3151 87 7 1.10 1.14 3152
 3201 4465 3151 63 5 1.10 1.14 3152
 3201 4545 3151 87 7 1.10 1.14 3152
 3201 4561 3151 87 7 1.10 1.14 3152
 3217 4753 3151 87 7 1.10 1.14 3152
 3217 4737 3151 87 7 1.10 1.14 3152
 3217 4721 3151 87 7 1.10 1.14 3152
 3217 4673 3151 87 7 1.10 1.14 3152
 3217 4465 3151 63 5 1.10 1.14 3152
 3217 4545 3151 87 7 1.10 1.14 3152
 3217 4657 3151 87 7 1.10 1.14 3152
 3217 4641 3151 87 7 1.10 1.14 3152
 3217 4625 3151 87 7 1.10 1.14 3152
 3217 4609 3151 87 7 1.10 1.14 3152
 3217 4561 3151 87 7 1.10 1.14 3152
 3217 4577 3151 87 7 1.10 1.14 3152
 3217 4593 3151 87 7 1.10 1.14 3152
 3233 4753 3151 87 7 1.10 1.14 3152
 3233 4737 3151 87 7 1.10 1.14 3152
 3233 4721 3151 87 7 1.10 1.14 3152
 3233 4465 3151 63 5 1.10 1.14 3152
 3233 4545 3151 87 7 1.10 1.14 3152
 3233 4641 3151 63 7 1.10 1.14 3152
 3233 4625 3151 87 7 1.10 1.14 3152
 3233 4561 3151 87 7 1.10 1.14 3152
 3233 4577 3151 87 7 1.10 1.14 3152
 3233 4609 3151 87 7 1.10 1.14 3152
 3233 4593 3151 87 7 1.10 1.14 3152
 3249 4753 3151 87 7 1.10 1.14 3152
 3249 4737 3151 87 7 1.10 1.14 3152
 3249 4721 3151 87 7 1.10 1.14 3152
 3249 4465 3151 63 5 1.10 1.14 3152
 3249 4481 3151 87 7 1.10 1.14 3152
 3249 4497 3151 87 7 1.10 1.14 3152
 3249 4513 3151 87 7 1.10 1.14 3152
 3249 4529 3151 87 7 1.10 1.14 3152
 3249 4545 3151 87 7 1.10 1.14 3152
 3249 4561 3151 87 7 1.10 1.14 3152
 3249 4577 3151 87 7 1.10 1.14 3152
 3249 4609 3151 87 7 1.10 1.14 3152
 3249 4593 3151 87 7 1.10 1.14 3152
 3249 4625 3151 63 7 1.10 1.14 3152
 3265 4753 3151 87 7 1.10 1.14 3152
 3265 4737 3151 87 7 1.10 1.14 3152
 3265 4721 3151 87 7 1.10 1.14 3152
 3281 4753 3151 87 7 1.10 1.14 3152
 3281 4737 3151 87 7 1.10 1.14 3152
 3281 4721 3151 87 7 1.10 1.14 3152
 3281 4705 3151 87 7 1.10 1.14 3152
 3297 4721 3151 87 7 1.10 1.14 3152
 3297 4705 3151 87 7 1.10 1.14 3152
 3297 4689 3151 87 7 1.10 1.14 3152
 3297 4737 3151 87 7 1.10 1.14 3152
 3297 4753 3151 87 7 1.10 1.14 3152
 3313 4737 3196 55 18 1.10 -5.86 3197
 3361 4737 3196 55 18 1.10 -5.86 3197
 3393 4753 3151 87 7 1.10 1.14 3152
 3393 4737 3151 87 7 1.10 1.14 3152
 3393 4721 3151 87 7 1.10 1.14 3152
 3393 4705 3151 87 7 1.10 1.14 3152
 3393 4689 3151 87 7 1.10 1.14 3152
 3409 4753 3151 87 7 1.10 1.14 3152
 3409 4737 3151 87 7 1.10 1.14 3152
 3409 4721 3151 87 7 1.10 1.14 3152
 3409 4705 3151 87 7 1.10 1.14 3152
 3425 4753 3151 87 7 1.10 1.14 3152
 3425 4737 3151 87 7 1.10 1.14 3152
 3425 4721 3151 87 7 1.10 1.14 3152
 3441 4753 3151 87 7 1.10 1.14 3152
 3441 4737 3151 87 7 1.10 1.14 3152
 3457 4753 3151 87 7 1.10 1.14 3152
 3457 4737 3151 87 7 1.10 1.14 3152
 3473 4737 3151 87 7 1.10 1.14 3152
 3473 4753 3151 87 7 1.10 1.14 3152
 3489 4737 3151 87 7 1.10 1.14 3152
 3489 4753 3151 87 7 1.10 1.14 3152
 3505 4737 3151 87 7 1.10 1.14 3152
 3505 4753 3151 87 7 1.10 1.14 3152
 3521 4737 3151 87 7 1.10 1.14 3152
 3521 4753 3151 87 7 1.10 1.14 3152
 3537 4737 3151 87 7 1.10 1.14 3152
 3537 4753 3151 87 7 1.10 1.14 3152
 3553 4753 3151 87 7 1.10 1.14 3152
 3553 4737 3151 87 7 1.10 1.14 3152
 3569 4753 3151 87 7 1.10 1.14 3152
 3569 4737 3151 87 7 1.10 1.14 3152
 3569 4705 3196 53 16 1.10 -5.86 3197
 3585 4753 3151 87 7 1.10 1.14 3152
 3585 4737 3151 87 7 1.10 1.14 3152
 3601 4753 3151 87 7 1.10 1.14 3152
 3601 4737 3151 87 7 1.10 1.14 3152
 3617 4753 3151 87 7 1.10 1.14 3152
 3617 4737 3151 87 7 1.10 1.14 3152
 3633 4641 3195 68 2 1.10 11.14 3196
 3633 4753 3151 87 7 1.10 1.14 3152
 3633 4737 3151 87 7 1.10 1.14 3152
 3649 4737 3151 87 7 1.10 1.14 3152
 3649 4753 3151 87 7 1.10 1.14 3152
 3665 4753 3151 87 7 1.10 1.14 3152
 3665 4737 3151 87 7 1.10 1.14 3152
 3681 4753 3151 87 7 1.10 1.14 3152
 3681 4737 3151 87 7 1.10 1.14 3152
 3697 4753 3151 87 7 1.10 1.14 3152
 3697 4737 3151 87 7 1.10 1.14 3152
 3713 4753 3151 87 7 1.10 1.14 3152
 3713 4737 3151 87 7 1.10 1.14 3152
 3729 4753 3151 87 7 1.10 1.14 3152
 3729 4737 3151 87 7 1.10 1.14 3152
 3745 4673 3151 81 1 -999998.90 -18.86 3152
