 -10 1244 684 0.42 1 1 2 1 1 2 2 301 0.42 1
-1
-1
-1
-1
-1
-1
-1
-1
-1
-1
-1
-1
-1
-1
-1
-1
-1
-1
-1
-1
-1
-1
y0
Fortress
 1 4545 3151 87 19 1.10 1.14 3152
 17 4545 3151 87 19 1.10 1.14 3152
 33 4689 3151 87 19 1.10 1.14 3152
 33 4705 3151 87 19 1.10 1.14 3152
 33 4545 3151 87 19 1.10 1.14 3152
 49 4657 3192 51 1 1.10 1.14 3193 1
 49 4689 3151 87 19 1.10 1.14 3152
 49 4705 3151 87 19 1.10 1.14 3152
 49 4545 3151 87 19 1.10 1.14 3152
 65 4689 3151 87 19 1.10 1.14 3152
 65 4705 3151 87 19 1.10 1.14 3152
 65 4545 3151 87 19 1.10 1.14 3152
 81 4545 3151 87 19 1.10 1.14 3152
 97 4545 3151 87 19 1.10 1.14 3152
 113 4545 3151 87 19 1.10 1.14 3152
 129 4737 3151 87 19 1.10 1.14 3152
 129 4721 3151 87 19 1.10 1.14 3152
 129 4545 3151 87 19 1.10 1.14 3152
 145 4737 3151 87 19 1.10 1.14 3152
 145 4721 3151 87 19 1.10 1.14 3152
 145 4545 3151 87 19 1.10 1.14 3152
 161 4737 3151 87 19 1.10 1.14 3152
 161 4721 3151 87 19 1.10 1.14 3152
 161 4705 3151 55 5 1.10 1.14 3152
 161 4545 3151 87 19 1.10 1.14 3152
 177 4545 3151 87 19 1.10 1.14 3152
 193 4545 3151 87 19 1.10 1.14 3152
 209 4561 3151 57 7 1.10 1.14 3152
 209 4545 3151 87 19 1.10 1.14 3152
 225 4705 3151 87 19 1.10 1.14 3152
 225 4721 3151 87 19 1.10 1.14 3152
 225 4545 3151 87 19 1.10 1.14 3152
 241 4721 3151 87 19 1.10 1.14 3152
 241 4705 3151 87 19 1.10 1.14 3152
 241 4545 3151 87 19 1.10 1.14 3152
 257 4737 3151 55 5 1.10 1.14 3152
 257 4705 3151 87 19 1.10 1.14 3152
 257 4721 3151 87 19 1.10 1.14 3152
 257 4545 3151 87 19 1.10 1.14 3152
 273 4545 3151 87 19 1.10 1.14 3152
 289 4545 3151 87 19 1.10 1.14 3152
 305 4673 3151 87 19 1.10 1.14 3152
 305 4689 3151 87 19 1.10 1.14 3152
 305 4705 3151 55 5 1.10 1.14 3152
 305 4545 3151 87 19 1.10 1.14 3152
 321 4673 3151 87 19 1.10 1.14 3152
 321 4689 3151 87 19 1.10 1.14 3152
 321 4545 3151 87 19 1.10 1.14 3152
 337 4657 3151 55 5 1.10 1.14 3152
 337 4673 3151 87 19 1.10 1.14 3152
 337 4689 3151 87 19 1.10 1.14 3152
 337 4545 3151 87 19 1.10 1.14 3152
 353 4545 3151 87 19 1.10 1.14 3152
 369 4545 3151 87 19 1.10 1.14 3152
 385 4545 3151 87 19 1.10 1.14 3152
 401 4545 3151 87 19 1.10 1.14 3152
 417 4705 3693 87 20 1.10 1.14 3694
 417 4545 3151 87 19 1.10 1.14 3152
 433 4561 3151 57 7 1.10 1.14 3152
 433 4545 3151 87 19 1.10 1.14 3152
 449 4673 3192 71 6 1.10 1.14 3193 28 1
 449 4545 3151 87 19 1.10 1.14 3152
 465 4545 3151 87 19 1.10 1.14 3152
 481 4545 3151 87 19 1.10 1.14 3152
 481 4705 3693 87 20 1.10 1.14 3694
 481 4689 3151 87 19 1.10 1.14 3152
 497 4545 3151 87 19 1.10 1.14 3152
 497 4689 3151 87 19 1.10 1.14 3152
 497 4657 3192 71 6 1.10 1.14 3193 27 1
 513 4545 3151 87 19 1.10 1.14 3152
 513 4689 3151 87 19 1.10 1.14 3152
 529 4545 3151 87 19 1.10 1.14 3152
