 -10 278 3446 0.42 1 1 1 1 1 2 1 301 0.42 1
-1
-1
-1
-1
-1
-1
-1
-1
-1
-1
-1
-1
-1
-1
-1
-1
-1
-1
-1
-1
-1
-1
y255.255.255
Area 2
 1 4753 3151 85 5 1.10 1.14 3152
 1 4737 3151 85 5 1.10 1.14 3152
 1 4721 3151 85 5 1.10 1.14 3152
 1 4705 3151 85 5 1.10 1.14 3152
 1 4689 3151 85 13 1.10 1.14 3152
 1 4673 3151 85 6 1.10 1.14 3152
 1 4657 3151 85 6 1.10 1.14 3152
 1 4641 3151 85 6 1.10 1.14 3152
 1 4625 3151 85 6 1.10 1.14 3152
 1 4609 3151 85 6 1.10 1.14 3152
 1 4593 3151 85 6 1.10 1.14 3152
 1 4577 3151 85 6 1.10 1.14 3152
 1 4561 3151 85 6 1.10 1.14 3152
 1 4065 3195 85 15 1.10 1.14 3196
 1 4161 3151 85 5 1.10 1.14 3152
 1 4177 3151 85 5 1.10 1.14 3152
 1 4193 3151 85 5 1.10 1.14 3152
 1 4209 3151 85 5 1.10 1.14 3152
 1 4225 3151 85 5 1.10 1.14 3152
 1 4241 3151 85 5 1.10 1.14 3152
 1 4257 3151 85 5 1.10 1.14 3152
 1 4273 3151 85 5 1.10 1.14 3152
 1 4289 3151 85 5 1.10 1.14 3152
 1 4305 3151 85 5 1.10 1.14 3152
 1 4321 3151 85 5 1.10 1.14 3152
 1 4337 3151 85 5 1.10 1.14 3152
 1 4353 3151 85 5 1.10 1.14 3152
 1 4369 3151 85 5 1.10 1.14 3152
 1 4385 3151 85 5 1.10 1.14 3152
 1 4545 3151 85 6 1.10 1.14 3152
 1 4529 3151 85 6 1.10 1.14 3152
 1 4513 3151 85 6 1.10 1.14 3152
 1 4497 3151 85 6 1.10 1.14 3152
 1 4481 3151 85 6 1.10 1.14 3152
 1 4465 3151 85 6 1.10 1.14 3152
 1 4449 3151 85 6 1.10 1.14 3152
 1 4433 3151 85 6 1.10 1.14 3152
 1 4417 3151 85 6 1.10 1.14 3152
 1 4401 3151 85 10 1.10 1.14 3152
 17 4753 3151 85 5 1.10 1.14 3152
 17 4737 3151 85 5 1.10 1.14 3152
 17 4721 3151 85 5 1.10 1.14 3152
 17 4705 3151 85 5 1.10 1.14 3152
 17 4689 3151 85 2 1.10 1.14 3152
 17 4657 3192 51 1 1.10 1.14 3193 1
 17 4161 3151 85 5 1.10 1.14 3152
 17 4177 3151 85 5 1.10 1.14 3152
 17 4193 3151 85 5 1.10 1.14 3152
 17 4209 3151 85 5 1.10 1.14 3152
 17 4225 3151 85 5 1.10 1.14 3152
 17 4241 3151 85 5 1.10 1.14 3152
 17 4257 3151 85 5 1.10 1.14 3152
 17 4273 3693 85 14 1.10 1.14 3694
 17 4337 3151 85 5 1.10 1.14 3152
 17 4353 3151 85 5 1.10 1.14 3152
 17 4369 3151 85 5 1.10 1.14 3152
 17 4385 3151 85 5 1.10 1.14 3152
 17 4401 3151 85 8 1.10 1.14 3152
 33 4753 3151 85 5 1.10 1.14 3152
 33 4737 3151 85 13 1.10 1.14 3152
 33 4721 3151 85 6 1.10 1.14 3152
 33 4705 3151 85 6 1.10 1.14 3152
 33 4689 3151 85 3 1.10 1.14 3152
 33 4641 3151 85 7 1.10 1.14 3152
 33 4625 3151 85 4 1.10 1.14 3152
 33 4609 3151 85 4 1.10 1.14 3152
 33 4593 3151 85 4 1.10 1.14 3152
 33 4577 3151 85 4 1.10 1.14 3152
 33 4561 3151 85 4 1.10 1.14 3152
 33 4161 3151 85 5 1.10 1.14 3152
 33 4177 3151 85 5 1.10 1.14 3152
 33 4193 3151 85 5 1.10 1.14 3152
 33 4209 3151 85 5 1.10 1.14 3152
 33 4225 3151 85 5 1.10 1.14 3152
 33 4241 3151 85 5 1.10 1.14 3152
 33 4257 3151 85 5 1.10 1.14 3152
 33 4337 3151 85 10 1.10 1.14 3152
 33 4353 3151 85 6 1.10 1.14 3152
 33 4369 3151 85 6 1.10 1.14 3152
 33 4385 3151 85 6 1.10 1.14 3152
 33 4545 3151 85 4 1.10 1.14 3152
 33 4529 3151 85 4 1.10 1.14 3152
 33 4513 3151 85 4 1.10 1.14 3152
 33 4497 3151 85 4 1.10 1.14 3152
 33 4481 3151 85 4 1.10 1.14 3152
 33 4465 3151 85 4 1.10 1.14 3152
 33 4449 3151 85 1 1.10 1.14 3152
 33 4401 3151 85 9 1.10 1.14 3152
 49 4753 3151 85 5 1.10 1.14 3152
 49 4737 3151 85 2 1.10 1.14 3152
 49 4721 3151 67 1 1.10 1.14 3152
 49 4705 3151 67 1 1.10 1.14 3152
 49 4689 3151 61 15 1.10 1.14 3152
 49 4641 3151 85 9 1.10 1.14 3152
 49 4625 3151 85 6 1.10 1.14 3152
 49 4609 3151 85 6 1.10 1.14 3152
 49 4593 3151 85 6 1.10 1.14 3152
 49 4577 3151 85 6 1.10 1.14 3152
 49 4561 3151 85 6 1.10 1.14 3152
 49 4161 3151 85 10 1.10 1.14 3152
 49 4177 3151 85 6 1.10 1.14 3152
 49 4193 3151 85 6 1.10 1.14 3152
 49 4209 3151 85 6 1.10 1.14 3152
 49 4225 3151 85 6 1.10 1.14 3152
 49 4241 3151 85 6 1.10 1.14 3152
 49 4257 3151 85 13 1.10 1.14 3152
 49 4337 3151 85 8 1.10 1.14 3152
 49 4545 3151 85 6 1.10 1.14 3152
 49 4529 3151 85 6 1.10 1.14 3152
 49 4513 3151 85 6 1.10 1.14 3152
 49 4497 3151 85 6 1.10 1.14 3152
 49 4481 3151 85 6 1.10 1.14 3152
 49 4465 3151 85 6 1.10 1.14 3152
 49 4449 3151 85 3 1.10 1.14 3152
 65 4753 3151 85 5 1.10 1.14 3152
 65 4737 3151 85 2 1.10 1.14 3152
 65 4721 3151 67 1 1.10 1.14 3152
 65 4705 3151 67 1 1.10 1.14 3152
 65 4689 3151 61 15 1.10 1.14 3152
 65 4561 3151 67 1 1.10 1.14 3152
 65 4161 3151 85 8 1.10 1.14 3152
 65 4209 3151 59 16 1.10 1.14 3152
 65 4257 3151 85 2 1.10 1.14 3152
 65 4337 3151 85 8 1.10 1.14 3152
 65 4449 3151 61 2 1.10 1.14 3152
 81 4753 3151 85 5 1.10 1.14 3152
 81 4737 3151 85 2 1.10 1.14 3152
 81 4721 3151 67 14 1.10 1.14 3152
 81 4705 3151 67 1 1.10 1.14 3152
 81 4689 3151 61 15 1.10 1.14 3152
 81 4561 3151 67 1 1.10 1.14 3152
 81 4161 3151 85 8 1.10 1.14 3152
 81 4257 3151 85 3 1.10 1.14 3152
 81 4273 3151 85 6 1.10 1.14 3152
 81 4289 3151 85 6 1.10 1.14 3152
 81 4305 3151 85 6 1.10 1.14 3152
 81 4321 3151 85 6 1.10 1.14 3152
 81 4337 3151 85 9 1.10 1.14 3152
 81 4449 3151 61 2 1.10 1.14 3152
 97 4753 3151 85 5 1.10 1.14 3152
 97 4737 3151 85 2 1.10 1.14 3152
 97 4721 3151 67 1 1.10 1.14 3152
 97 4705 3151 67 1 1.10 1.14 3152
 97 4689 3151 61 15 1.10 1.14 3152
 97 4561 3151 67 1 1.10 1.14 3152
 97 4065 3195 85 15 1.10 1.14 3196
 97 4161 3151 85 8 1.10 1.14 3152
 97 4257 3151 61 2 1.10 1.14 3152
 97 4273 3151 61 2 1.10 1.14 3152
 97 4337 3151 67 1 1.10 1.14 3152
 97 4449 3151 61 2 1.10 1.14 3152
 113 4753 3151 85 5 1.10 1.14 3152
 113 4737 3151 85 2 1.10 1.14 3152
 113 4721 3151 67 1 1.10 1.14 3152
 113 4705 3151 67 1 1.10 1.14 3152
 113 4689 3151 61 15 1.10 1.14 3152
 113 4577 3151 67 1 1.10 1.14 3152
 113 4161 3151 85 8 1.10 1.14 3152
 113 4257 3151 61 2 1.10 1.14 3152
 113 4273 3151 61 2 1.10 1.14 3152
 113 4449 3151 61 2 1.10 1.14 3152
 129 4753 3151 85 5 1.10 1.14 3152
 129 4737 3151 85 2 1.10 1.14 3152
 129 4721 3151 67 1 1.10 1.14 3152
 129 4705 3151 67 1 1.10 1.14 3152
 129 4689 3151 61 15 1.10 1.14 3152
 129 4593 3151 67 1 1.10 1.14 3152
 129 4161 3151 85 8 1.10 1.14 3152
 129 4257 3151 61 2 1.10 1.14 3152
 129 4273 3151 61 2 1.10 1.14 3152
 129 4385 3151 67 1 1.10 1.14 3152
 129 4513 3151 67 1 1.10 1.14 3152
 129 4449 3151 61 2 1.10 1.14 3152
 145 4753 3151 85 5 1.10 1.14 3152
 145 4737 3151 85 2 1.10 1.14 3152
 145 4721 3151 67 1 1.10 1.14 3152
 145 4705 3151 67 1 1.10 1.14 3152
 145 4689 3151 61 15 1.10 1.14 3152
 145 4609 3151 67 1 1.10 1.14 3152
 145 4161 3151 85 8 1.10 1.14 3152
 145 4257 3151 61 2 1.10 1.14 3152
 145 4273 3151 61 2 1.10 1.14 3152
 145 4321 3151 67 1 1.10 1.14 3152
 145 4385 3151 67 1 1.10 1.14 3152
 145 4497 3151 67 1 1.10 1.14 3152
 145 4449 3151 61 2 1.10 1.14 3152
 161 4753 3151 85 5 1.10 1.14 3152
 161 4737 3151 85 2 1.10 1.14 3152
 161 4721 3151 67 14 1.10 1.14 3152
 161 4705 3151 67 1 1.10 1.14 3152
 161 4689 3151 61 15 1.10 1.14 3152
 161 4625 3151 67 1 1.10 1.14 3152
 161 4161 3151 85 8 1.10 1.14 3152
 161 4257 3151 85 1 1.10 1.14 3152
 161 4273 3151 85 4 1.10 1.14 3152
 161 4289 3151 85 4 1.10 1.14 3152
 161 4305 3151 85 4 1.10 1.14 3152
 161 4321 3151 85 4 1.10 1.14 3152
 161 4337 3151 85 4 1.10 1.14 3152
 161 4353 3151 85 4 1.10 1.14 3152
 161 4369 3151 85 4 1.10 1.14 3152
 161 4385 3151 85 4 1.10 1.14 3152
 161 4481 3151 67 1 1.10 1.14 3152
 161 4449 3151 61 2 1.10 1.14 3152
 161 4401 3151 85 7 1.10 1.14 3152
 177 4753 3151 85 5 1.10 1.14 3152
 177 4737 3151 85 2 1.10 1.14 3152
 177 4721 3151 67 1 1.10 1.14 3152
 177 4705 3151 67 1 1.10 1.14 3152
 177 4689 3151 61 15 1.10 1.14 3152
 177 4641 3151 59 18 1.10 1.14 3152
 177 4161 3151 85 8 1.10 1.14 3152
 177 4257 3151 85 3 1.10 1.14 3152
 177 4273 3151 85 6 1.10 1.14 3152
 177 4289 3151 85 6 1.10 1.14 3152
 177 4305 3151 85 6 1.10 1.14 3152
 177 4321 3151 85 6 1.10 1.14 3152
 177 4337 3151 85 6 1.10 1.14 3152
 177 4353 3151 85 6 1.10 1.14 3152
 177 4369 3151 85 6 1.10 1.14 3152
 177 4385 3151 85 6 1.10 1.14 3152
 177 4465 3151 67 1 1.10 1.14 3152
 177 4449 3151 61 2 1.10 1.14 3152
 177 4401 3151 85 9 1.10 1.14 3152
 193 4753 3151 85 5 1.10 1.14 3152
 193 4737 3151 85 2 1.10 1.14 3152
 193 4721 3151 67 1 1.10 1.14 3152
 193 4705 3151 67 1 1.10 1.14 3152
 193 4689 3151 61 15 1.10 1.14 3152
 193 4561 3151 85 7 1.10 1.14 3152
 193 4065 3195 85 15 1.10 1.14 3196
 193 4161 3151 85 11 1.10 1.14 3152
 193 4177 3151 85 4 1.10 1.14 3152
 193 4193 3151 85 4 1.10 1.14 3152
 193 4209 3151 85 7 1.10 1.14 3152
 193 4545 3151 85 4 1.10 1.14 3152
 193 4529 3151 85 4 1.10 1.14 3152
 193 4513 3151 85 4 1.10 1.14 3152
 193 4497 3151 85 4 1.10 1.14 3152
 193 4481 3151 85 4 1.10 1.14 3152
 193 4465 3151 85 4 1.10 1.14 3152
 193 4449 3151 85 1 1.10 1.14 3152
 209 4753 3151 85 5 1.10 1.14 3152
 209 4737 3151 85 12 1.10 1.14 3152
 209 4721 3151 85 4 1.10 1.14 3152
 209 4705 3151 85 4 1.10 1.14 3152
 209 4689 3151 85 1 1.10 1.14 3152
 209 4561 3151 85 8 1.10 1.14 3152
 209 4161 3151 85 5 1.10 1.14 3152
 209 4177 3151 85 5 1.10 1.14 3152
 209 4193 3151 85 5 1.10 1.14 3152
 209 4209 3151 85 11 1.10 1.14 3152
 209 4225 3151 85 4 1.10 1.14 3152
 209 4241 3151 85 4 1.10 1.14 3152
 209 4257 3151 85 4 1.10 1.14 3152
 209 4273 3151 85 4 1.10 1.14 3152
 209 4289 3151 85 4 1.10 1.14 3152
 209 4305 3151 85 4 1.10 1.14 3152
 209 4321 3151 85 4 1.10 1.14 3152
 209 4337 3151 85 4 1.10 1.14 3152
 209 4353 3151 85 4 1.10 1.14 3152
 209 4369 3151 85 4 1.10 1.14 3152
 209 4385 3151 85 4 1.10 1.14 3152
 209 4545 3151 85 5 1.10 1.14 3152
 209 4481 3693 85 14 1.10 1.14 3694
 209 4465 3151 85 5 1.10 1.14 3152
 209 4449 3151 85 12 1.10 1.14 3152
 209 4433 3151 85 4 1.10 1.14 3152
 209 4417 3151 85 4 1.10 1.14 3152
 209 4401 3151 85 4 1.10 1.14 3152
 225 4753 3151 85 5 1.10 1.14 3152
 225 4737 3151 85 5 1.10 1.14 3152
 225 4721 3151 85 5 1.10 1.14 3152
 225 4705 3151 85 5 1.10 1.14 3152
 225 4689 3151 85 2 1.10 1.14 3152
 225 4561 3151 85 8 1.10 1.14 3152
 225 4657 3192 70 11 1.10 -4.86 3193
 225 4161 3151 85 5 1.10 1.14 3152
 225 4177 3151 85 5 1.10 1.14 3152
 225 4193 3151 85 5 1.10 1.14 3152
 225 4209 3151 85 5 1.10 1.14 3152
 225 4225 3151 85 5 1.10 1.14 3152
 225 4241 3151 85 5 1.10 1.14 3152
 225 4257 3151 85 5 1.10 1.14 3152
 225 4273 3151 85 5 1.10 1.14 3152
 225 4289 3151 85 5 1.10 1.14 3152
 225 4305 3151 85 5 1.10 1.14 3152
 225 4321 3151 85 5 1.10 1.14 3152
 225 4337 3151 85 5 1.10 1.14 3152
 225 4353 3693 85 14 1.10 1.14 3694
 225 4545 3151 85 5 1.10 1.14 3152
 225 4417 3693 85 14 1.10 1.14 3694
 241 4753 3151 85 5 1.10 1.14 3152
 241 4737 3151 85 5 1.10 1.14 3152
 241 4721 3151 85 5 1.10 1.14 3152
 241 4705 3151 85 5 1.10 1.14 3152
 241 4689 3151 85 2 1.10 1.14 3152
 241 4641 3151 85 7 1.10 1.14 3152
 241 4625 3151 85 4 1.10 1.14 3152
 241 4609 3151 85 4 1.10 1.14 3152
 241 4593 3151 85 4 1.10 1.14 3152
 241 4577 3151 85 4 1.10 1.14 3152
 241 4561 3151 85 11 1.10 1.14 3152
 241 4657 3192 70 12 1.10 -4.86 3193 23 2
 241 4161 3151 85 5 1.10 1.14 3152
 241 4177 3151 85 5 1.10 1.14 3152
 241 4193 3151 85 5 1.10 1.14 3152
 241 4209 3151 85 5 1.10 1.14 3152
 241 4225 3151 85 5 1.10 1.14 3152
 241 4241 3151 85 5 1.10 1.14 3152
 241 4257 3151 85 5 1.10 1.14 3152
 241 4273 3151 85 5 1.10 1.14 3152
 241 4289 3693 85 14 1.10 1.14 3694
 241 4545 3151 85 5 1.10 1.14 3152
 257 4641 3151 81 1 -999998.90 -18.86 3152
