 -10 239 691 0.42 1 1 1 1 1 2 2 301 0.42 1
-1
-1
-1
-1
-1
-1
-1
-1
-1
-1
-1
-1
-1
-1
-1
-1
-1
-1
-1
-1
-1
-1
y0
Area 1
 1 4737 3151 78 32 1100001.10 1100001.14 3152
 1 4705 3151 78 30 1100001.10 1100001.14 3152
 1 4721 3151 78 32 1100001.10 1100001.14 3152
 1 4689 3151 78 25 1100001.10 1100001.14 3152
 1 4753 3151 75 8 6.10 6.14 3152
 1 4737 3151 61 8 1.10 1.14 3152
 1 4721 3151 61 8 1.10 1.14 3152
 1 4705 3151 61 8 1.10 1.14 3152
 17 4737 3151 78 31 1100001.10 1100001.14 3152
 17 4721 3151 78 31 1100001.10 1100001.14 3152
 17 4689 3151 78 26 1100001.10 1100001.14 3152
 17 4705 3151 78 29 1100001.10 1100001.14 3152
 17 4753 3151 75 8 6.10 6.14 3152
 17 4737 3151 61 8 1.10 1.14 3152
 17 4721 3151 61 8 1.10 1.14 3152
 33 4737 3151 78 32 1100001.10 1100001.14 3152
 33 4705 3151 78 30 1100001.10 1100001.14 3152
 33 4673 3151 78 25 1100001.10 1100001.14 3152
 33 4689 3151 78 27 1100001.10 1100001.14 3152
 33 4753 3151 75 8 6.10 6.14 3152
 33 4721 3694 69 5 1.10 -4.86 3695
 33 4737 3694 70 21 1.10 -5.86 3695 1
 49 4737 3151 78 31 1100001.10 1100001.14 3152
 49 4705 3151 78 29 1100001.10 1100001.14 3152
 49 4689 3151 78 28 1100001.10 1100001.14 3152
 49 4673 3151 78 26 1100001.10 1100001.14 3152
 49 4753 3151 75 8 6.10 6.14 3152
 65 4737 3151 78 28 1100001.10 1100001.14 3152
 65 4721 3151 78 28 1100001.10 1100001.14 3152
 65 4705 3151 78 26 1100001.10 1100001.14 3152
 65 4753 3151 75 8 6.10 6.14 3152
 65 4737 3151 61 8 1.10 1.14 3152
 81 4753 3151 75 8 6.10 6.14 3152
 81 4737 3151 61 8 1.10 1.14 3152
 97 4753 3151 75 8 6.10 6.14 3152
 97 4737 3151 75 10 6.10 6.14 3152
 97 4721 3151 75 10 6.10 6.14 3152
 97 4705 3151 75 10 6.10 6.14 3152
 97 4689 3151 75 7 6.10 6.14 3152
 113 4753 3151 75 8 6.10 6.14 3152
 113 4737 3151 75 11 6.10 6.14 3152
 113 4721 3151 75 11 6.10 6.14 3152
 113 4705 3151 75 11 6.10 6.14 3152
 113 4689 3151 75 8 6.10 6.14 3152
 113 4641 3151 61 22 1.10 1.14 3152
 129 4753 3151 75 8 6.10 6.14 3152
 129 4737 3151 75 11 6.10 6.14 3152
 129 4721 3151 75 11 6.10 6.14 3152
 129 4705 3151 75 11 6.10 6.14 3152
 129 4689 3151 75 8 6.10 6.14 3152
 129 4625 3151 61 22 1.10 1.14 3152
 145 4753 3151 75 8 6.10 6.14 3152
 145 4737 3151 75 11 6.10 6.14 3152
 145 4721 3151 75 11 6.10 6.14 3152
 145 4705 3151 75 11 6.10 6.14 3152
 145 4689 3151 75 8 6.10 6.14 3152
 145 4609 3151 61 22 1.10 1.14 3152
 161 4753 3151 75 8 6.10 6.14 3152
 161 4737 3151 75 12 6.10 6.14 3152
 161 4721 3151 75 12 6.10 6.14 3152
 161 4705 3151 75 12 6.10 6.14 3152
 161 4689 3151 75 9 6.10 6.14 3152
 161 4593 3151 61 22 1.10 1.14 3152
 177 4753 3151 75 8 6.10 6.14 3152
 177 4561 3151 84 30 6.10 6.14 3152
 177 4465 3151 67 1 1.10 1.14 3152
 193 4753 3151 75 8 6.10 6.14 3152
 193 4561 3151 84 28 6.10 6.14 3152
 193 4737 3151 54 3 1.10 1.14 3152
 193 4721 3151 54 3 1.10 1.14 3152
 193 4705 3151 54 3 1.10 1.14 3152
 193 4497 3151 67 1 1.10 1.14 3152
 209 4753 3151 75 8 6.10 6.14 3152
 209 4561 3151 84 28 6.10 6.14 3152
 209 4465 3151 67 1 1.10 1.14 3152
 225 4753 3151 75 8 6.10 6.14 3152
 225 4737 3151 75 10 6.10 6.14 3152
 225 4721 3151 75 7 6.10 6.14 3152
 225 4561 3151 84 28 6.10 6.14 3152
 225 4497 3151 67 1 1.10 1.14 3152
 241 4753 3151 75 8 6.10 6.14 3152
 241 4737 3151 75 11 6.10 6.14 3152
 241 4721 3151 75 8 6.10 6.14 3152
 241 4561 3151 84 28 6.10 6.14 3152
 241 4465 3151 67 1 1.10 1.14 3152
 257 4753 3151 75 8 6.10 6.14 3152
 257 4737 3151 75 11 6.10 6.14 3152
 257 4721 3151 75 8 6.10 6.14 3152
 257 4561 3151 84 28 6.10 6.14 3152
 257 4497 3151 67 1 1.10 1.14 3152
 273 4753 3151 75 8 6.10 6.14 3152
 273 4737 3151 75 11 6.10 6.14 3152
 273 4721 3151 75 8 6.10 6.14 3152
 273 4561 3151 84 28 6.10 6.14 3152
 273 4657 3151 59 1 1.10 1.14 3152
 273 4465 3151 67 1 1.10 1.14 3152
 289 4753 3151 75 8 6.10 6.14 3152
 289 4737 3151 75 11 6.10 6.14 3152
 289 4721 3151 75 8 6.10 6.14 3152
 289 4561 3151 84 29 6.10 6.14 3152
 289 4657 3151 59 1 1.10 1.14 3152
 289 4497 3151 84 30 6.10 6.14 3152
 289 4433 3151 67 1 1.10 1.14 3152
 305 4497 3151 84 28 6.10 6.14 3152
 305 4753 3151 75 8 6.10 6.14 3152
 305 4737 3151 75 11 6.10 6.14 3152
 305 4721 3151 75 8 6.10 6.14 3152
 305 4465 3151 67 1 1.10 1.14 3152
 305 4657 3151 59 6 1.10 1.14 3152
 321 4497 3151 84 28 6.10 6.14 3152
 321 4753 3151 75 8 6.10 6.14 3152
 321 4737 3151 75 11 6.10 6.14 3152
 321 4721 3151 75 8 6.10 6.14 3152
 321 4433 3151 67 1 1.10 1.14 3152
 321 4657 3151 59 1 1.10 1.14 3152
 337 4497 3151 84 28 6.10 6.14 3152
 337 4753 3151 75 8 6.10 6.14 3152
 337 4737 3151 75 11 6.10 6.14 3152
 337 4721 3151 75 8 6.10 6.14 3152
 337 4465 3151 67 1 1.10 1.14 3152
 337 4385 3192 67 26 1.10 1.14 3193
 353 4497 3151 84 28 6.10 6.14 3152
 353 4753 3151 75 8 6.10 6.14 3152
 353 4737 3151 75 12 6.10 6.14 3152
 353 4721 3151 75 9 6.10 6.14 3152
 353 4433 3151 67 1 1.10 1.14 3152
 369 4497 3151 84 28 6.10 6.14 3152
 369 4753 3151 75 8 6.10 6.14 3152
 369 4465 3151 67 1 1.10 1.14 3152
 369 4737 3151 72 16 1.10 -4.86 3152
 385 4497 3151 84 28 6.10 6.14 3152
 385 4753 3151 75 8 6.10 6.14 3152
 385 4433 3151 67 1 1.10 1.14 3152
 401 4497 3151 84 29 6.10 6.14 3152
 401 4753 3151 75 8 6.10 6.14 3152
 401 4465 3151 67 1 1.10 1.14 3152
 417 4753 3151 75 8 6.10 6.14 3152
 417 4737 3151 72 61 1.10 1.14 3152
 417 4673 3151 59 20 1.10 1.14 3152
 433 4753 3151 75 8 6.10 6.14 3152
 433 4737 3151 72 62 1.10 -4.86 3152
 433 4721 3151 72 67 1.10 -4.86 3152
 433 4705 3151 72 69 1.10 -4.86 3152
 433 4689 3151 72 67 1.10 -4.86 3152
 433 4673 3151 72 67 1.10 -4.86 3152
 433 4657 3151 72 67 1.10 -4.86 3152
 433 4641 3151 72 67 1.10 -4.86 3152
 433 4625 3151 72 69 1.10 -4.86 3152
 449 4753 3151 75 8 6.10 6.14 3152
 449 4737 3151 72 63 1.10 1.14 3152
 449 4705 3151 72 68 1.10 -4.86 3152
 449 4625 3151 72 68 1.10 -4.86 3152
 465 4753 3151 75 8 6.10 6.14 3152
 465 4721 3192 67 26 1.10 1.14 3193
 465 4625 3151 72 71 1.10 1.14 3152
 465 4705 3151 72 68 1.10 -4.86 3152
 481 4753 3151 75 8 6.10 6.14 3152
 481 4737 3151 67 1 1.10 1.14 3152
 481 4705 3151 72 68 1.10 -4.86 3152
 481 4625 3151 72 68 1.10 -4.86 3152
 497 4753 3151 75 8 6.10 6.14 3152
 497 4737 3151 67 1 1.10 1.14 3152
 497 4705 3151 72 68 1.10 -4.86 3152
 497 4625 3151 72 68 1.10 -4.86 3152
 513 4753 3151 75 8 6.10 6.14 3152
 513 4737 3151 67 1 1.10 1.14 3152
 513 4705 3151 72 68 1.10 -4.86 3152
 513 4625 3151 72 68 1.10 -4.86 3152
 529 4753 3151 75 8 6.10 6.14 3152
 529 4737 3151 67 1 1.10 1.14 3152
 529 4705 3151 72 68 1.10 -4.86 3152
 529 4625 3151 72 68 1.10 -4.86 3152
 545 4753 3151 75 8 6.10 6.14 3152
 545 4737 3151 67 1 1.10 1.14 3152
 545 4705 3151 72 71 1.10 1.14 3152
 545 4625 3151 72 68 1.10 -4.86 3152
 561 4753 3151 75 8 6.10 6.14 3152
 561 4737 3151 67 1 1.10 1.14 3152
 561 4705 3151 72 68 1.10 -4.86 3152
 561 4625 3151 72 68 1.10 -4.86 3152
 577 4753 3151 75 8 6.10 6.14 3152
 577 4737 3151 72 61 1.10 1.14 3152
 577 4577 3151 59 22 1.10 1.14 3152
 577 4705 3151 72 68 1.10 -4.86 3152
 577 4625 3151 72 68 1.10 -4.86 3152
 593 4753 3151 75 8 6.10 6.14 3152
 593 4609 3151 72 70 1.10 1.14 3152
 593 4737 3151 72 62 1.10 -4.86 3152
 593 4721 3151 72 67 1.10 -4.86 3152
 593 4705 3151 72 69 1.10 -4.86 3152
 593 4625 3151 72 69 1.10 -4.86 3152
 593 4593 3151 72 67 1.10 -4.86 3152
 593 4577 3151 72 69 1.10 -4.86 3152
 609 4753 3151 75 9 6.10 6.14 3152
 609 4737 3151 72 63 1.10 1.14 3152
 609 4705 3151 72 68 1.10 -4.86 3152
 609 4625 3151 72 68 1.10 -4.86 3152
 609 4577 3151 72 68 1.10 -4.86 3152
 625 4577 3151 59 13 1.10 1.14 3152
 625 4561 3151 54 24 1.10 1.14 3152
 625 4705 3151 72 68 1.10 -4.86 3152
 625 4625 3151 72 68 1.10 -4.86 3152
 641 4705 3151 72 68 1.10 -4.86 3152
 641 4625 3151 72 68 1.10 -4.86 3152
 641 4577 3151 72 68 1.10 -4.86 3152
 657 4705 3151 72 68 1.10 -4.86 3152
 657 4625 3151 72 69 1.10 -4.86 3152
 657 4609 3151 72 67 1.10 -4.86 3152
 657 4593 3151 72 67 1.10 -4.86 3152
 657 4577 3151 72 69 1.10 -4.86 3152
 673 4705 3151 72 68 1.10 -4.86 3152
 673 4625 3151 72 68 1.10 -4.86 3152
 689 4705 3151 72 68 1.10 -4.86 3152
 689 4625 3151 72 68 1.10 -4.86 3152
 705 4705 3151 72 68 1.10 -4.86 3152
 705 4625 3151 72 68 1.10 -4.86 3152
 721 4705 3151 72 68 1.10 -4.86 3152
 721 4625 3151 72 68 1.10 -4.86 3152
 737 4753 3151 75 7 6.10 6.14 3152
 737 4705 3151 72 71 1.10 1.14 3152
 737 4625 3151 72 68 1.10 -4.86 3152
 753 4753 3151 75 8 6.10 6.14 3152
 753 4705 3151 72 69 1.10 -4.86 3152
 753 4689 3151 72 67 1.10 -4.86 3152
 753 4673 3151 72 67 1.10 -4.86 3152
 753 4657 3151 72 67 1.10 -4.86 3152
 753 4641 3151 72 67 1.10 -4.86 3152
 753 4625 3151 72 69 1.10 -4.86 3152
 769 4753 3151 75 9 6.10 6.14 3152
 769 4737 3151 67 24 1.10 1.14 3152
 785 4753 3151 64 4 6.10 6.14 3152
 785 4737 3151 64 3 6.10 6.14 3152
 801 4753 3151 64 4 6.10 6.14 3152
 801 4737 3151 64 3 6.10 6.14 3152
 801 4673 3151 59 3 1.10 1.14 3152
 817 4753 3151 64 4 6.10 6.14 3152
 817 4737 3151 64 3 6.10 6.14 3152
 817 4673 3151 59 1 1.10 1.14 3152
 833 4753 3151 64 4 6.10 6.14 3152
 833 4737 3151 64 3 6.10 6.14 3152
 833 4673 3151 59 1 1.10 1.14 3152
 849 4753 3151 64 4 6.10 6.14 3152
 849 4737 3151 64 3 6.10 6.14 3152
 849 4673 3151 59 1 1.10 1.14 3152
 849 4641 3192 53 6 1.10 1.14 3193
 865 4753 3151 64 4 6.10 6.14 3152
 865 4737 3151 64 3 6.10 6.14 3152
 881 4753 3151 64 4 6.10 6.14 3152
 881 4737 3151 64 3 6.10 6.14 3152
 897 4753 3151 64 4 6.10 6.14 3152
 897 4737 3151 64 3 6.10 6.14 3152
 913 4753 3151 64 4 6.10 6.14 3152
 913 4737 3151 64 3 6.10 6.14 3152
 929 4753 3151 64 4 6.10 6.14 3152
 929 4737 3151 64 3 6.10 6.14 3152
 945 4753 3151 64 4 6.10 6.14 3152
 945 4737 3151 64 3 6.10 6.14 3152
 961 4737 3151 83 1 1.10 1.14 3152
 961 4753 3151 83 4 1.10 1.14 3152
 977 4721 3151 54 29 1.10 1.14 3152
 977 4737 3151 83 2 1.10 1.14 3152
 977 4753 3151 83 5 1.10 1.14 3152
 993 4737 3151 83 2 1.10 1.14 3152
 993 4753 3151 83 5 1.10 1.14 3152
 1009 4721 3151 60 1 1.10 1.14 3152
 1009 4737 3151 83 2 1.10 1.14 3152
 1009 4753 3151 83 5 1.10 1.14 3152
 1025 4721 3151 60 1 1.10 1.14 3152
 1025 4737 3151 83 2 1.10 1.14 3152
 1025 4753 3151 83 5 1.10 1.14 3152
 1041 4721 3151 60 1 1.10 1.14 3152
 1041 4689 3192 53 7 1.10 1.14 3193
 1041 4737 3151 83 2 1.10 1.14 3152
 1041 4753 3151 83 5 1.10 1.14 3152
 1057 4721 3151 54 8 1.10 1.14 3152
 1057 4737 3151 83 2 1.10 1.14 3152
 1057 4753 3151 83 5 1.10 1.14 3152
 1073 4737 3151 83 2 1.10 1.14 3152
 1073 4753 3151 83 5 1.10 1.14 3152
 1089 4721 3151 60 1 1.10 1.14 3152
 1089 4737 3151 83 2 1.10 1.14 3152
 1089 4753 3151 83 5 1.10 1.14 3152
 1105 4721 3151 60 1 1.10 1.14 3152
 1105 4705 3151 60 1 1.10 1.14 3152
 1105 4737 3151 83 2 1.10 1.14 3152
 1105 4753 3151 83 5 1.10 1.14 3152
 1121 4721 3151 60 1 1.10 1.14 3152
 1121 4705 3151 60 1 1.10 1.14 3152
 1121 4737 3151 83 2 1.10 1.14 3152
 1121 4753 3151 83 5 1.10 1.14 3152
 1137 4705 3151 60 1 1.10 1.14 3152
 1137 4689 3151 54 21 1.10 1.14 3152
 1137 4721 3151 60 1 1.10 1.14 3152
 1137 4737 3151 83 2 1.10 1.14 3152
 1137 4753 3151 83 5 1.10 1.14 3152
 1153 4705 3151 60 1 1.10 1.14 3152
 1153 4721 3151 60 1 1.10 1.14 3152
 1153 4737 3151 83 2 1.10 1.14 3152
 1153 4753 3151 83 5 1.10 1.14 3152
 1169 4721 3151 60 18 1.10 1.14 3152
 1169 4737 3151 83 2 1.10 1.14 3152
 1169 4753 3151 83 5 1.10 1.14 3152
 1169 4417 3192 67 26 1.10 1.14 3193
 1169 4449 3151 59 24 1.10 1.14 3152
 1185 4513 3151 84 30 6.10 6.14 3152
 1185 4721 3151 79 3 4.10 4.14 0
 1185 4737 3151 83 2 1.10 1.14 3152
 1185 4753 3151 83 5 1.10 1.14 3152
 1201 4513 3151 84 28 6.10 6.14 3152
 1201 4721 3151 79 3 4.10 4.14 0
 1201 4737 3151 83 2 1.10 1.14 3152
 1201 4753 3151 83 5 1.10 1.14 3152
 1201 4449 3151 67 1 1.10 1.14 3152
 1217 4513 3151 84 28 6.10 6.14 3152
 1217 4641 3151 67 1 1.10 1.14 3152
 1217 4721 3151 60 1 1.10 1.14 3152
 1217 4737 3151 83 2 1.10 1.14 3152
 1217 4753 3151 83 5 1.10 1.14 3152
 1217 4465 3151 67 1 1.10 1.14 3152
 1233 4513 3151 84 28 6.10 6.14 3152
 1233 4721 3151 60 1 1.10 1.14 3152
 1233 4737 3151 83 2 1.10 1.14 3152
 1233 4753 3151 83 5 1.10 1.14 3152
 1233 4705 3151 67 17 1.10 1.14 3152
 1233 4449 3151 67 1 1.10 1.14 3152
 1249 4513 3151 84 28 6.10 6.14 3152
 1249 4737 3151 83 2 1.10 1.14 3152
 1249 4753 3151 83 5 1.10 1.14 3152
 1249 4721 3151 54 8 1.10 1.14 3152
 1249 4433 3151 59 8 1.10 1.14 3152
 1249 4465 3151 67 1 1.10 1.14 3152
 1265 4513 3151 84 28 6.10 6.14 3152
 1265 4753 3151 83 5 1.10 1.14 3152
 1265 4689 3151 60 1 1.10 1.14 3152
 1265 4721 3151 60 1 1.10 1.14 3152
 1265 4737 3151 83 2 1.10 1.14 3152
 1265 4705 3151 60 1 1.10 1.14 3152
 1265 4449 3151 67 1 1.10 1.14 3152
 1281 4513 3151 84 28 6.10 6.14 3152
 1281 4753 3151 83 5 1.10 1.14 3152
 1281 4737 3151 83 2 1.10 1.14 3152
 1281 4705 3151 60 1 1.10 1.14 3152
 1281 4721 3151 60 1 1.10 1.14 3152
 1281 4465 3151 67 1 1.10 1.14 3152
 1297 4513 3151 84 28 6.10 6.14 3152
 1297 4753 3151 83 5 1.10 1.14 3152
 1297 4737 3151 83 2 1.10 1.14 3152
 1297 4705 3151 60 1 1.10 1.14 3152
 1297 4721 3151 60 1 1.10 1.14 3152
 1297 4449 3151 67 1 1.10 1.14 3152
 1313 4513 3151 84 29 6.10 6.14 3152
 1313 4753 3151 83 5 1.10 1.14 3152
 1313 4737 3151 83 2 1.10 1.14 3152
 1313 4705 3151 60 1 1.10 1.14 3152
 1313 4657 3151 67 1 1.10 1.14 3152
 1313 4721 3151 60 1 1.10 1.14 3152
 1329 4721 3151 79 3 4.10 4.14 0
 1329 4753 3151 83 5 1.10 1.14 3152
 1329 4737 3151 83 2 1.10 1.14 3152
 1345 4721 3151 79 3 4.10 4.14 0
 1345 4753 3151 83 5 1.10 1.14 3152
 1345 4737 3151 83 2 1.10 1.14 3152
 1361 4753 3151 83 5 1.10 1.14 3152
 1361 4737 3151 83 2 1.10 1.14 3152
 1361 4721 3151 60 1 1.10 1.14 3152
 1377 4753 3151 83 5 1.10 1.14 3152
 1377 4737 3151 83 2 1.10 1.14 3152
 1377 4721 3151 60 1 1.10 1.14 3152
 1377 4705 3151 60 1 1.10 1.14 3152
 1393 4753 3151 83 5 1.10 1.14 3152
 1393 4737 3151 83 2 1.10 1.14 3152
 1393 4721 3151 60 1 1.10 1.14 3152
 1393 4705 3151 60 1 1.10 1.14 3152
 1393 4689 3151 60 1 1.10 1.14 3152
 1393 4625 3151 67 1 1.10 1.14 3152
 1409 4753 3151 83 6 1.10 1.14 3152
 1409 4737 3151 83 3 1.10 1.14 3152
 1409 4721 3151 60 1 1.10 1.14 3152
 1409 4705 3151 60 1 1.10 1.14 3152
 1409 4689 3151 60 1 1.10 1.14 3152
 1409 4673 3151 54 8 1.10 1.14 3152
 1505 4753 3151 75 10 6.10 6.14 3152
 1505 4737 3151 75 7 6.10 6.14 3152
 1505 4721 3151 60 1 1.10 1.14 3152
 1505 4705 3151 60 1 1.10 1.14 3152
 1505 4689 3151 60 1 1.10 1.14 3152
 1505 4673 3151 60 1 1.10 1.14 3152
 1521 4753 3151 75 11 6.10 6.14 3152
 1521 4737 3151 75 8 6.10 6.14 3152
 1521 4721 3151 60 1 1.10 1.14 3152
 1521 4705 3151 60 1 1.10 1.14 3152
 1521 4689 3151 60 1 1.10 1.14 3152
 1537 4753 3151 75 11 6.10 6.14 3152
 1537 4737 3151 75 8 6.10 6.14 3152
 1537 4721 3151 60 1 1.10 1.14 3152
 1537 4705 3151 60 1 1.10 1.14 3152
 1537 4641 3151 67 1 1.10 1.14 3152
 1553 4753 3151 75 11 6.10 6.14 3152
 1553 4737 3151 75 8 6.10 6.14 3152
 1553 4721 3151 60 1 1.10 1.14 3152
 1569 4753 3151 75 11 6.10 6.14 3152
 1569 4737 3151 75 8 6.10 6.14 3152
 1569 4721 3151 79 3 4.10 4.14 0
 1585 4753 3151 75 11 6.10 6.14 3152
 1585 4737 3151 75 8 6.10 6.14 3152
 1585 4657 3151 61 22 1.10 1.14 3152
 1585 4657 3151 67 5.50 0.10 0.14 3152
 1601 4753 3151 75 11 6.10 6.14 3152
 1601 4737 3151 75 8 6.10 6.14 3152
 1601 4721 3151 54 22 1.10 1.14 3152
 1617 4753 3151 75 11 6.10 6.14 3152
 1617 4737 3151 75 8 6.10 6.14 3152
 1633 4753 3151 75 11 6.10 6.14 3152
 1633 4737 3151 75 8 6.10 6.14 3152
 1633 4721 3694 70 6 1.10 -4.86 3695 22 1
 1633 4705 3694 70 5 1.10 -4.86 3695
 1649 4753 3151 75 11 6.10 6.14 3152
 1649 4737 3151 75 8 6.10 6.14 3152
 1665 4753 3151 75 11 6.10 6.14 3152
 1665 4737 3151 75 8 6.10 6.14 3152
 1665 4721 3151 79 3 4.10 4.14 0
 1681 4753 3151 75 11 6.10 6.14 3152
 1681 4737 3151 75 8 6.10 6.14 3152
 1681 4545 3151 83 7 1.10 1.14 3152
 1681 4721 3151 83 7 1.10 1.14 3152
 1681 4705 3151 83 4 1.10 1.14 3152
 1681 4689 3151 83 4 1.10 1.14 3152
 1681 4673 3151 83 4 1.10 1.14 3152
 1681 4657 3151 83 1 1.10 1.14 3152
 1681 4641 3151 61 12 1.10 1.14 3152
 1681 4625 3151 61 12 1.10 1.14 3152
 1681 4561 3151 83 1 1.10 1.14 3152
 1681 4577 3151 83 4 1.10 1.14 3152
 1681 4593 3151 83 7 1.10 1.14 3152
 1681 4609 3151 61 12 1.10 1.14 3152
 1681 4465 3151 83 1 1.10 1.14 3152
 1681 4481 3151 83 4 1.10 1.14 3152
 1681 4497 3151 83 4 1.10 1.14 3152
 1681 4513 3151 83 4 1.10 1.14 3152
 1681 4529 3151 83 4 1.10 1.14 3152
 1697 4753 3151 75 11 6.10 6.14 3152
 1697 4737 3151 75 8 6.10 6.14 3152
 1697 4545 3151 83 9 1.10 1.14 3152
 1697 4721 3151 83 9 1.10 1.14 3152
 1697 4705 3151 83 6 1.10 1.14 3152
 1697 4689 3151 83 6 1.10 1.14 3152
 1697 4673 3151 83 6 1.10 1.14 3152
 1697 4657 3151 83 3 1.10 1.14 3152
 1697 4625 3151 61 12 1.10 1.14 3152
 1697 4641 3151 61 12 1.10 1.14 3152
 1697 4561 3151 83 3 1.10 1.14 3152
 1697 4577 3151 83 6 1.10 1.14 3152
 1697 4593 3151 83 9 1.10 1.14 3152
 1697 4609 3151 61 12 1.10 1.14 3152
 1697 4433 3192 90 1 1.10 1.14 3193 There's a secret#brick under there...
 1697 4465 3151 83 3 1.10 1.14 3152
 1697 4481 3151 83 6 1.10 1.14 3152
 1697 4497 3151 83 6 1.10 1.14 3152
 1697 4513 3151 83 6 1.10 1.14 3152
 1697 4529 3151 83 6 1.10 1.14 3152
 1713 4753 3151 75 11 6.10 6.14 3152
 1713 4737 3151 75 8 6.10 6.14 3152
 1713 4721 3151 79 3 4.10 4.14 0
 1729 4753 3151 75 11 6.10 6.14 3152
 1729 4737 3151 75 8 6.10 6.14 3152
 1729 4657 3151 67 1 1.10 1.14 3152
 1729 4705 3694 69 5 1.10 -4.86 3695
 1729 4721 3694 70 21 1.10 -5.86 3695 2
 1745 4753 3151 75 11 6.10 6.14 3152
 1745 4737 3151 75 8 6.10 6.14 3152
 1745 4641 3192 67 26 1.10 1.14 3193
 1761 4753 3151 75 11 6.10 6.14 3152
 1761 4737 3151 75 8 6.10 6.14 3152
 1761 4641 3151 67 1 1.10 1.14 3152
 1777 4753 3151 75 11 6.10 6.14 3152
 1777 4737 3151 75 8 6.10 6.14 3152
 1777 4721 3151 79 27 4.10 4.14 0
 1777 4705 3151 79 24 4.10 4.14 0
 1793 4753 3151 75 11 6.10 6.14 3152
 1793 4737 3151 75 8 6.10 6.14 3152
 1793 4705 3151 79 25 4.10 4.14 0
 1793 4721 3151 79 28 4.10 4.14 0
 1793 4657 3151 67 1 1.10 1.14 3152
 1809 4753 3151 75 11 6.10 6.14 3152
 1809 4737 3151 75 8 6.10 6.14 3152
 1809 4705 3151 79 26 4.10 4.14 0
 1809 4721 3151 79 29 4.10 4.14 0
 1825 4753 3151 75 11 6.10 6.14 3152
 1825 4737 3151 75 8 6.10 6.14 3152
 1825 4641 3151 67 1 1.10 1.14 3152
 1841 4753 3151 75 11 6.10 6.14 3152
 1841 4737 3151 75 8 6.10 6.14 3152
 1841 4721 3151 54 9 1.10 1.14 3152
 1857 4753 3151 75 11 6.10 6.14 3152
 1857 4737 3151 75 8 6.10 6.14 3152
 1857 4657 3151 67 1 1.10 1.14 3152
 1873 4753 3151 75 11 6.10 6.14 3152
 1873 4737 3151 75 8 6.10 6.14 3152
 1889 4753 3151 75 11 6.10 6.14 3152
 1889 4737 3151 75 8 6.10 6.14 3152
 1889 4705 3151 79 22 4.10 4.14 0
 1889 4721 3151 79 23 4.10 4.14 0
 1889 4641 3151 67 1 1.10 1.14 3152
 1905 4577 3645 68 1 1.10 11.14 3646
 1905 4753 3151 75 11 6.10 6.14 3152
 1905 4737 3151 75 8 6.10 6.14 3152
 1921 4753 3151 75 11 6.10 6.14 3152
 1921 4737 3151 75 8 6.10 6.14 3152
 1921 4721 3151 79 3 4.10 4.14 0
 1937 4753 3151 75 11 6.10 6.14 3152
 1937 4737 3151 75 8 6.10 6.14 3152
 1937 4721 3151 79 3 4.10 4.14 0
 1953 4753 3151 75 11 6.10 6.14 3152
 1953 4737 3151 75 8 6.10 6.14 3152
 1969 4753 3151 75 11 6.10 6.14 3152
 1969 4737 3151 75 8 6.10 6.14 3152
 1969 4705 3151 79 21 4.10 4.14 0
 1969 4721 3151 79 23 4.10 4.14 0
 1985 4753 3151 75 11 6.10 6.14 3152
 1985 4737 3151 75 8 6.10 6.14 3152
 2001 4753 3151 75 11 6.10 6.14 3152
 2001 4737 3151 75 8 6.10 6.14 3152
 2001 4721 3151 79 3 4.10 4.14 0
 2017 4753 3151 75 11 6.10 6.14 3152
 2017 4737 3151 75 8 6.10 6.14 3152
 2017 4721 3151 79 3 4.10 4.14 0
 2033 4753 3151 75 11 6.10 6.14 3152
 2033 4737 3151 75 8 6.10 6.14 3152
 2049 4673 3151 81 1 -999998.90 -18.86 3152
