 -10 240 679 0.42 1 1 1 1 1 2 2 301 0.42 1
-1
-1
-1
-1
-1
-1
-1
-1
-1
-1
-1
-1
-1
-1
-1
-1
-1
-1
-1
-1
-1
-1
y0
Area 4
 1 4753 3151 73 14 1.10 -4.86 3152
 17 4753 3151 73 14 1.10 -4.86 3152
 33 4721 3192 51 1 1.10 1.14 3193 1
 33 4673 3151 59 12.50 1.10 1.14 3152
 33 4753 3151 73 14 1.10 -4.86 3152
 49 4753 3151 73 14 1.10 -4.86 3152
 65 4753 3151 73 14 1.10 -4.86 3152
 81 4641 3192 67 26 1.10 1.14 3193
 81 4753 3151 73 14 1.10 -4.86 3152
 97 4753 3151 73 14 1.10 -4.86 3152
 97 4721 3196 58 4 1.10 -4.86 3197
 113 4705 3151 75 19 6.10 6.14 3152
 113 4721 3151 75 22 6.10 6.14 3152
 113 4737 3151 75 22 6.10 6.14 3152
 113 4753 3151 73 14 1.10 -4.86 3152
 129 4705 3151 75 20 6.10 6.14 3152
 129 4721 3151 75 23 6.10 6.14 3152
 129 4737 3151 75 23 6.10 6.14 3152
 129 4737 3151 58 3 1.10 -4.86 3152
 129 4753 3151 73 14 1.10 -4.86 3152
 145 4705 3151 75 20 6.10 6.14 3152
 145 4721 3151 75 23 6.10 6.14 3152
 145 4737 3151 75 23 6.10 6.14 3152
 145 4689 3151 53 1 1.10 1.14 3152
 145 4737 3151 58 3 1.10 -4.86 3152
 145 4753 3151 73 14 1.10 -4.86 3152
 161 4705 3151 75 20 6.10 6.14 3152
 161 4721 3151 75 23 6.10 6.14 3152
 161 4737 3151 75 23 6.10 6.14 3152
 161 4641 3151 67 1 1.10 1.14 3152
 161 4753 3151 73 14 1.10 -4.86 3152
 177 4705 3151 75 20 6.10 6.14 3152
 177 4721 3151 75 23 6.10 6.14 3152
 177 4737 3151 75 23 6.10 6.14 3152
 177 4689 3151 53 1 1.10 1.14 3152
 177 4753 3151 73 14 1.10 -4.86 3152
 193 4705 3151 75 20 6.10 6.14 3152
 193 4721 3151 75 23 6.10 6.14 3152
 193 4737 3151 75 23 6.10 6.14 3152
 193 4753 3151 73 14 1.10 -4.86 3152
 209 4705 3151 75 20 6.10 6.14 3152
 209 4721 3151 75 23 6.10 6.14 3152
 209 4737 3151 75 23 6.10 6.14 3152
 209 4753 3151 73 14 1.10 -4.86 3152
 225 4737 3151 75 24 6.10 6.14 3152
 225 4705 3151 75 21 6.10 6.14 3152
 225 4721 3151 75 24 6.10 6.14 3152
 225 4753 3151 73 14 1.10 -4.86 3152
 241 4673 3151 67 1 1.10 1.14 3152
 241 4753 3151 73 14 1.10 -4.86 3152
 257 4753 3151 73 14 1.10 -4.86 3152
 273 4737 3151 75 22 6.10 6.14 3152
 273 4689 3151 75 19 6.10 6.14 3152
 273 4705 3151 75 22 6.10 6.14 3152
 273 4721 3151 75 22 6.10 6.14 3152
 273 4753 3151 73 14 1.10 -4.86 3152
 289 4737 3151 75 23 6.10 6.14 3152
 289 4689 3151 75 20 6.10 6.14 3152
 289 4705 3151 75 23 6.10 6.14 3152
 289 4721 3151 75 23 6.10 6.14 3152
 289 4609 3151 67 1 1.10 1.14 3152
 289 4673 3151 67 29 1.10 1.14 3152
 289 4753 3151 73 14 1.10 -4.86 3152
 305 4737 3151 75 23 6.10 6.14 3152
 305 4689 3151 75 20 6.10 6.14 3152
 305 4705 3151 75 23 6.10 6.14 3152
 305 4721 3151 75 23 6.10 6.14 3152
 305 4673 3151 67 29 1.10 1.14 3152
 305 4657 3151 67 29 1.10 1.14 3152
 305 4753 3151 73 14 1.10 -4.86 3152
 321 4737 3151 75 24 6.10 6.14 3152
 321 4689 3151 75 21 6.10 6.14 3152
 321 4705 3151 75 24 6.10 6.14 3152
 321 4721 3151 75 24 6.10 6.14 3152
 321 4753 3151 73 14 1.10 -4.86 3152
 337 4753 3151 73 14 1.10 -4.86 3152
 353 4641 3151 67 1 1.10 1.14 3152
 353 4753 3151 73 14 1.10 -4.86 3152
 369 4753 3151 73 14 1.10 -4.86 3152
 385 4737 3151 54 16 1.10 1.14 3152
 385 4753 3151 73 14 1.10 -4.86 3152
 401 4753 3151 73 14 1.10 -4.86 3152
 401 4721 3196 58 4 1.10 -4.86 3197
 417 4737 3151 75 22 6.10 6.14 3152
 417 4641 3151 75 22 6.10 6.14 3152
 417 4625 3151 75 19 6.10 6.14 3152
 417 4705 3151 75 22 6.10 6.14 3152
 417 4689 3151 75 22 6.10 6.14 3152
 417 4673 3151 75 22 6.10 6.14 3152
 417 4657 3151 75 22 6.10 6.14 3152
 417 4721 3151 75 22 6.10 6.14 3152
 417 4753 3151 73 14 1.10 -4.86 3152
 433 4737 3151 75 23 6.10 6.14 3152
 433 4625 3151 75 20 6.10 6.14 3152
 433 4641 3151 75 23 6.10 6.14 3152
 433 4673 3151 75 23 6.10 6.14 3152
 433 4689 3151 75 23 6.10 6.14 3152
 433 4705 3151 75 23 6.10 6.14 3152
 433 4721 3151 75 23 6.10 6.14 3152
 433 4657 3151 75 23 6.10 6.14 3152
 433 4577 3151 67 1 1.10 1.14 3152
 433 4753 3151 73 14 1.10 -4.86 3152
 449 4625 3151 75 20 6.10 6.14 3152
 449 4641 3151 75 23 6.10 6.14 3152
 449 4657 3151 75 23 6.10 6.14 3152
 449 4705 3151 75 23 6.10 6.14 3152
 449 4721 3151 75 23 6.10 6.14 3152
 449 4689 3151 75 23 6.10 6.14 3152
 449 4673 3151 75 23 6.10 6.14 3152
 449 4609 3151 67 29 1.10 1.14 3152
 449 4753 3151 73 16 1.10 -4.86 3152
 449 4737 3151 73 13 1.10 -4.86 3152
 465 4625 3151 75 20 6.10 6.14 3152
 465 4641 3151 75 23 6.10 6.14 3152
 465 4689 3151 75 23 6.10 6.14 3152
 465 4721 3151 75 23 6.10 6.14 3152
 465 4705 3151 75 23 6.10 6.14 3152
 465 4657 3151 75 23 6.10 6.14 3152
 465 4673 3151 75 23 6.10 6.14 3152
 465 4753 3151 73 17 1.10 1.14 3152
 465 4705 3151 66 1 1.10 1.14 3152
 465 4609 3151 67 29 1.10 1.14 3152
 465 4593 3151 67 29 1.10 1.14 3152
 465 4737 3151 73 14 1.10 -4.86 3152
 465 4721 3151 58 3 1.10 -4.86 3152
 481 4721 3151 75 23 6.10 6.14 3152
 481 4625 3151 75 20 6.10 6.14 3152
 481 4641 3151 75 23 6.10 6.14 3152
 481 4705 3151 75 23 6.10 6.14 3152
 481 4673 3151 75 23 6.10 6.14 3152
 481 4657 3151 75 23 6.10 6.14 3152
 481 4689 3151 75 23 6.10 6.14 3152
 481 4753 3151 73 17 1.10 1.14 3152
 481 4737 3151 73 14 1.10 -4.86 3152
 481 4721 3151 58 3 1.10 -4.86 3152
 497 4721 3151 75 24 6.10 6.14 3152
 497 4705 3151 75 24 6.10 6.14 3152
 497 4641 3151 75 24 6.10 6.14 3152
 497 4625 3151 75 21 6.10 6.14 3152
 497 4689 3151 75 24 6.10 6.14 3152
 497 4673 3151 75 24 6.10 6.14 3152
 497 4657 3151 75 24 6.10 6.14 3152
 497 4753 3151 73 17 1.10 1.14 3152
 497 4737 3151 73 14 1.10 -4.86 3152
 497 4705 3196 58 4 1.10 -4.86 3197
 513 4753 3151 73 17 1.10 1.14 3152
 513 4737 3151 73 14 1.10 -4.86 3152
 529 4577 3151 67 1 1.10 1.14 3152
 529 4753 3151 73 17 1.10 1.14 3152
 529 4737 3151 73 14 1.10 -4.86 3152
 545 4721 3151 75 22 6.10 6.14 3152
 545 4705 3151 75 22 6.10 6.14 3152
 545 4689 3151 75 22 6.10 6.14 3152
 545 4673 3151 75 22 6.10 6.14 3152
 545 4657 3151 75 19 6.10 6.14 3152
 545 4753 3151 73 18 1.10 -4.86 3152
 545 4737 3151 73 15 1.10 -4.86 3152
 561 4737 3151 75 23 6.10 6.14 3152
 561 4721 3151 75 23 6.10 6.14 3152
 561 4705 3151 75 23 6.10 6.14 3152
 561 4689 3151 75 23 6.10 6.14 3152
 561 4657 3151 75 20 6.10 6.14 3152
 561 4673 3151 75 23 6.10 6.14 3152
 561 4737 3151 60 21 1.10 1.14 3152
 561 4721 3151 60 21 1.10 1.14 3152
 561 4753 3151 73 14 1.10 -4.86 3152
 577 4737 3151 75 23 6.10 6.14 3152
 577 4721 3151 75 23 6.10 6.14 3152
 577 4705 3151 75 23 6.10 6.14 3152
 577 4689 3151 75 23 6.10 6.14 3152
 577 4657 3151 75 20 6.10 6.14 3152
 577 4673 3151 75 23 6.10 6.14 3152
 577 4545 3151 67 1 1.10 1.14 3152
 577 4641 3151 54 12 1.10 1.14 3152
 577 4737 3151 60 21 1.10 1.14 3152
 577 4721 3151 60 21 1.10 1.14 3152
 577 4753 3151 73 14 1.10 -4.86 3152
 593 4737 3151 75 23 6.10 6.14 3152
 593 4721 3151 75 23 6.10 6.14 3152
 593 4705 3151 75 23 6.10 6.14 3152
 593 4689 3151 75 23 6.10 6.14 3152
 593 4657 3151 75 20 6.10 6.14 3152
 593 4673 3151 75 23 6.10 6.14 3152
 593 4641 3151 67 29 1.10 1.14 3152
 593 4737 3151 60 21 1.10 1.14 3152
 593 4753 3151 73 14 1.10 -4.86 3152
 609 4737 3151 75 23 6.10 6.14 3152
 609 4721 3151 75 23 6.10 6.14 3152
 609 4705 3151 75 23 6.10 6.14 3152
 609 4689 3151 75 23 6.10 6.14 3152
 609 4657 3151 75 20 6.10 6.14 3152
 609 4673 3151 75 23 6.10 6.14 3152
 609 4737 3151 60 21 1.10 1.14 3152
 609 4753 3151 73 14 1.10 -4.86 3152
 609 4625 3196 58 4 1.10 -4.86 3197
 625 4737 3151 75 23 6.10 6.14 3152
 625 4721 3151 75 23 6.10 6.14 3152
 625 4705 3151 75 23 6.10 6.14 3152
 625 4689 3151 75 23 6.10 6.14 3152
 625 4657 3151 75 20 6.10 6.14 3152
 625 4673 3151 75 23 6.10 6.14 3152
 625 4753 3151 73 14 1.10 -4.86 3152
 641 4737 3151 75 23 6.10 6.14 3152
 641 4721 3151 75 23 6.10 6.14 3152
 641 4705 3151 75 23 6.10 6.14 3152
 641 4689 3151 75 23 6.10 6.14 3152
 641 4657 3151 75 20 6.10 6.14 3152
 641 4673 3151 75 23 6.10 6.14 3152
 641 4593 3151 67 1 1.10 1.14 3152
 641 4753 3151 73 14 1.10 -4.86 3152
 657 4737 3151 75 23 6.10 6.14 3152
 657 4721 3151 75 23 6.10 6.14 3152
 657 4705 3151 75 23 6.10 6.14 3152
 657 4689 3151 75 23 6.10 6.14 3152
 657 4657 3151 75 20 6.10 6.14 3152
 657 4673 3151 75 23 6.10 6.14 3152
 657 4753 3151 73 14 1.10 -4.86 3152
 673 4737 3151 75 24 6.10 6.14 3152
 673 4721 3151 75 24 6.10 6.14 3152
 673 4705 3151 75 24 6.10 6.14 3152
 673 4689 3151 75 24 6.10 6.14 3152
 673 4657 3151 75 21 6.10 6.14 3152
 673 4673 3151 75 24 6.10 6.14 3152
 673 4753 3151 73 14 1.10 -4.86 3152
 689 4561 3151 67 1 1.10 1.14 3152
 689 4753 3151 73 14 1.10 -4.86 3152
 705 4753 3151 73 14 1.10 -4.86 3152
 721 4737 3151 75 22 6.10 6.14 3152
 721 4721 3151 75 22 6.10 6.14 3152
 721 4705 3151 75 22 6.10 6.14 3152
 721 4689 3151 75 19 6.10 6.14 3152
 721 4641 3151 67 1 1.10 1.14 3152
 721 4753 3151 73 14 1.10 -4.86 3152
 737 4737 3151 75 23 6.10 6.14 3152
 737 4721 3151 75 23 6.10 6.14 3152
 737 4705 3151 75 23 6.10 6.14 3152
 737 4689 3151 75 20 6.10 6.14 3152
 737 4753 3151 73 14 1.10 -4.86 3152
 753 4721 3151 75 23 6.10 6.14 3152
 753 4705 3151 75 23 6.10 6.14 3152
 753 4689 3151 75 20 6.10 6.14 3152
 753 4753 3151 73 16 1.10 -4.86 3152
 753 4737 3151 73 13 1.10 -4.86 3152
 769 4721 3151 75 23 6.10 6.14 3152
 769 4705 3151 75 23 6.10 6.14 3152
 769 4689 3151 75 20 6.10 6.14 3152
 769 4753 3151 73 17 1.10 1.14 3152
 769 4657 3192 53 5 1.10 1.14 3193
 769 4737 3151 73 14 1.10 -4.86 3152
 785 4593 3151 75 19 6.10 6.14 3152
 785 4609 3151 75 22 6.10 6.14 3152
 785 4721 3151 75 23 6.10 6.14 3152
 785 4705 3151 75 23 6.10 6.14 3152
 785 4689 3151 75 20 6.10 6.14 3152
 785 4625 3151 75 22 6.10 6.14 3152
 785 4641 3151 75 22 6.10 6.14 3152
 785 4657 3151 75 22 6.10 6.14 3152
 785 4673 3151 75 22 6.10 6.14 3152
 785 4753 3151 73 17 1.10 1.14 3152
 785 4737 3151 73 14 1.10 -4.86 3152
 801 4593 3151 75 20 6.10 6.14 3152
 801 4609 3151 75 23 6.10 6.14 3152
 801 4721 3151 75 24 6.10 6.14 3152
 801 4705 3151 75 24 6.10 6.14 3152
 801 4689 3151 75 21 6.10 6.14 3152
 801 4625 3151 75 23 6.10 6.14 3152
 801 4641 3151 75 23 6.10 6.14 3152
 801 4657 3151 75 23 6.10 6.14 3152
 801 4673 3151 75 23 6.10 6.14 3152
 801 4753 3151 73 17 1.10 1.14 3152
 801 4737 3151 73 14 1.10 -4.86 3152
 817 4593 3151 75 20 6.10 6.14 3152
 817 4609 3151 75 23 6.10 6.14 3152
 817 4721 3151 75 23 6.10 6.14 3152
 817 4705 3151 75 23 6.10 6.14 3152
 817 4689 3151 75 23 6.10 6.14 3152
 817 4641 3151 75 23 6.10 6.14 3152
 817 4657 3151 75 23 6.10 6.14 3152
 817 4673 3151 75 23 6.10 6.14 3152
 817 4625 3151 75 23 6.10 6.14 3152
 817 4561 3192 53 5 1.10 1.14 3193
 817 4753 3151 73 17 1.10 1.14 3152
 817 4497 3192 67 26 1.10 1.14 3193
 817 4737 3151 73 14 1.10 -4.86 3152
 833 4593 3151 75 21 6.10 6.14 3152
 833 4609 3151 75 24 6.10 6.14 3152
 833 4721 3151 75 24 6.10 6.14 3152
 833 4705 3151 75 24 6.10 6.14 3152
 833 4689 3151 75 24 6.10 6.14 3152
 833 4625 3151 75 24 6.10 6.14 3152
 833 4641 3151 75 24 6.10 6.14 3152
 833 4657 3151 75 24 6.10 6.14 3152
 833 4673 3151 75 24 6.10 6.14 3152
 833 4753 3151 73 17 1.10 1.14 3152
 833 4737 3151 73 14 1.10 -4.86 3152
 849 4753 3151 73 18 1.10 -4.86 3152
 849 4737 3151 73 15 1.10 -4.86 3152
 865 4737 3151 60 21 1.10 1.14 3152
 865 4625 3151 67 1 1.10 1.14 3152
 865 4753 3151 73 14 1.10 -4.86 3152
 881 4753 3151 73 14 1.10 -4.86 3152
 897 4737 3151 75 22 6.10 6.14 3152
 897 4721 3151 75 22 6.10 6.14 3152
 897 4705 3151 75 22 6.10 6.14 3152
 897 4689 3151 75 19 6.10 6.14 3152
 897 4753 3151 73 14 1.10 -4.86 3152
 913 4737 3151 75 23 6.10 6.14 3152
 913 4721 3151 75 23 6.10 6.14 3152
 913 4705 3151 75 23 6.10 6.14 3152
 913 4689 3151 75 20 6.10 6.14 3152
 913 4753 3151 73 14 1.10 -4.86 3152
 929 4737 3151 75 23 6.10 6.14 3152
 929 4721 3151 75 23 6.10 6.14 3152
 929 4705 3151 75 23 6.10 6.14 3152
 929 4689 3151 75 20 6.10 6.14 3152
 929 4753 3151 73 14 1.10 -4.86 3152
 945 4737 3151 75 24 6.10 6.14 3152
 945 4721 3151 75 24 6.10 6.14 3152
 945 4705 3151 75 24 6.10 6.14 3152
 945 4689 3151 75 21 6.10 6.14 3152
 945 4593 3151 67 1 1.10 1.14 3152
 945 4673 3151 54 26 1.10 1.14 3152
 945 4753 3151 73 14 1.10 -4.86 3152
 961 4737 3151 60 21 1.10 1.14 3152
 961 4721 3151 60 21 1.10 1.14 3152
 961 4753 3151 73 14 1.10 -4.86 3152
 977 4737 3151 60 21 1.10 1.14 3152
 977 4753 3151 73 14 1.10 -4.86 3152
 993 4737 3151 60 21 1.10 1.14 3152
 993 4753 3151 73 14 1.10 -4.86 3152
 1009 4657 3151 67 1 1.10 1.14 3152
 1009 4753 3151 73 14 1.10 -4.86 3152
 1025 4737 3151 55 7 1.10 1.14 3152
 1025 4753 3151 73 14 1.10 -4.86 3152
 1041 4737 3151 61 10 1.10 1.14 3152
 1041 4753 3151 73 14 1.10 -4.86 3152
 1057 4753 3151 73 16 1.10 -4.86 3152
 1057 4737 3151 73 16 1.10 -4.86 3152
 1057 4721 3151 73 16 1.10 -4.86 3152
 1057 4705 3151 73 16 1.10 -4.86 3152
 1057 4689 3151 73 16 1.10 -4.86 3152
 1057 4625 3151 73 13 1.10 -4.86 3152
 1057 4641 3151 73 16 1.10 -4.86 3152
 1057 4673 3151 73 16 1.10 -4.86 3152
 1057 4657 3151 73 16 1.10 -4.86 3152
 1073 4753 3151 73 17 1.10 1.14 3152
 1073 4737 3151 73 17 1.10 1.14 3152
 1073 4721 3151 73 17 1.10 1.14 3152
 1073 4705 3151 73 17 1.10 1.14 3152
 1073 4689 3151 73 17 1.10 1.14 3152
 1073 4641 3151 73 17 1.10 1.14 3152
 1073 4657 3151 73 17 1.10 1.14 3152
 1073 4673 3151 73 17 1.10 1.14 3152
 1073 4625 3151 73 14 1.10 -4.86 3152
 1089 4753 3151 73 17 1.10 1.14 3152
 1089 4737 3151 73 17 1.10 1.14 3152
 1089 4721 3151 73 17 1.10 1.14 3152
 1089 4705 3151 73 17 1.10 1.14 3152
 1089 4689 3151 73 17 1.10 1.14 3152
 1089 4641 3151 73 17 1.10 1.14 3152
 1089 4657 3151 73 17 1.10 1.14 3152
 1089 4673 3151 73 17 1.10 1.14 3152
 1089 4593 3192 70 11 1.10 -4.86 3193
 1089 4625 3151 73 14 1.10 -4.86 3152
 1105 4753 3151 73 18 1.10 -4.86 3152
 1105 4737 3151 73 18 1.10 -4.86 3152
 1105 4721 3151 73 18 1.10 -4.86 3152
 1105 4705 3151 73 18 1.10 -4.86 3152
 1105 4689 3151 73 18 1.10 -4.86 3152
 1105 4593 3192 69 12 1.10 -4.86 3193
 1105 4625 3151 73 15 1.10 -4.86 3152
 1105 4641 3151 73 18 1.10 -4.86 3152
 1105 4657 3151 73 18 1.10 -4.86 3152
 1105 4673 3151 73 18 1.10 -4.86 3152
 1121 4753 3151 53 20 1.10 1.14 3152
 1121 4737 3151 67 29 1.10 1.14 3152
 1121 4673 3151 59 1 1.10 1.14 3152
 1121 4593 3192 69 12 1.10 -4.86 3193
 1137 4753 3151 53 20 1.10 1.14 3152
 1137 4737 3151 67 29 1.10 1.14 3152
 1137 4673 3151 59 12.75 1.10 1.14 3152
 1137 4593 3192 69 12 1.10 -4.86 3193
 1153 4753 3151 53 20 1.10 1.14 3152
 1153 4737 3151 67 29 1.10 1.14 3152
 1153 4593 3192 69 12 1.10 -4.86 3193
 1169 4753 3151 53 20 1.10 1.14 3152
 1169 4737 3151 67 29 1.10 1.14 3152
 1169 4577 3694 69 10 1.10 -4.86 3695
 1169 4593 3196 69 17 1.10 -4.86 3197
 1169 4561 3694 70 9 1.10 -4.86 3695
 1169 4625 3694 69 10 1.10 -4.86 3695
 1169 4641 3694 70 9 1.10 -4.86 3695
 1185 4753 3151 53 20 1.10 1.14 3152
 1185 4737 3151 67 29 1.10 1.14 3152
 1201 4753 3151 53 20 1.10 1.14 3152
 1201 4737 3151 67 29 1.10 1.14 3152
 1201 4593 3192 69 12 1.10 -4.86 3193
 1217 4513 3151 61 22 1.10 1.14 3152
 1217 4753 3151 53 20 1.10 1.14 3152
 1217 4737 3151 67 29 1.10 1.14 3152
 1217 4673 3151 59 1 1.10 1.14 3152
 1217 4641 3192 67 26 1.10 1.14 3193
 1217 4593 3192 69 12 1.10 -4.86 3193
 1233 4513 3151 61 22 1.10 1.14 3152
 1233 4753 3151 53 20 1.10 1.14 3152
 1233 4737 3151 67 29 1.10 1.14 3152
 1233 4673 3151 59 1 1.10 1.14 3152
 1233 4625 3694 69 10 1.10 -4.86 3695
 1233 4593 3196 69 19 1.10 -4.86 3197
 1233 4641 3196 69 21 1.10 -4.86 3197
 1249 4513 3151 61 22 1.10 1.14 3152
 1249 4753 3151 53 20 1.10 1.14 3152
 1249 4737 3151 67 29 1.10 1.14 3152
 1249 4673 3151 59 1 1.10 1.14 3152
 1265 4513 3151 61 22 1.10 1.14 3152
 1265 4673 3151 59 2 1.10 1.14 3152
 1265 4753 3151 73 16 1.10 -4.86 3152
 1265 4737 3151 73 13 1.10 -4.86 3152
 1265 4641 3192 69 12 1.10 -4.86 3193
 1281 4753 3151 73 17 1.10 1.14 3152
 1281 4737 3151 73 14 1.10 -4.86 3152
 1281 4721 3151 73 16 1.10 -4.86 3152
 1281 4705 3151 73 16 1.10 -4.86 3152
 1281 4689 3151 73 16 1.10 -4.86 3152
 1281 4673 3151 73 13 1.10 -4.86 3152
 1281 4641 3192 69 12 1.10 -4.86 3193
 1297 4753 3151 73 17 1.10 1.14 3152
 1297 4721 3151 73 17 1.10 1.14 3152
 1297 4705 3151 73 17 1.10 1.14 3152
 1297 4689 3151 73 17 1.10 1.14 3152
 1297 4737 3151 73 14 1.10 -4.86 3152
 1297 4673 3151 73 14 1.10 -4.86 3152
 1297 4641 3192 69 12 1.10 -4.86 3193
 1313 4481 3151 61 22 1.10 1.14 3152
 1313 4753 3151 73 17 1.10 1.14 3152
 1313 4721 3151 73 17 1.10 1.14 3152
 1313 4705 3151 73 17 1.10 1.14 3152
 1313 4689 3151 73 17 1.10 1.14 3152
 1313 4737 3151 73 14 1.10 -4.86 3152
 1313 4673 3151 73 14 1.10 -4.86 3152
 1313 4641 3192 70 11 1.10 -4.86 3193
 1329 4481 3151 61 22 1.10 1.14 3152
 1329 4753 3151 73 17 1.10 1.14 3152
 1329 4721 3151 73 17 1.10 1.14 3152
 1329 4705 3151 73 17 1.10 1.14 3152
 1329 4689 3151 73 17 1.10 1.14 3152
 1329 4737 3151 73 14 1.10 -4.86 3152
 1329 4673 3151 73 14 1.10 -4.86 3152
 1329 4545 3151 80 3 -8.90 -8.86 3152
 1329 4561 3151 80 2 -8.90 -8.86 3152
 1345 4481 3151 61 22 1.10 1.14 3152
 1345 4753 3151 73 17 1.10 1.14 3152
 1345 4737 3151 73 14 1.10 -4.86 3152
 1345 4721 3151 73 18 1.10 -4.86 3152
 1345 4705 3151 73 18 1.10 -4.86 3152
 1345 4689 3151 73 18 1.10 -4.86 3152
 1345 4673 3151 73 15 1.10 -4.86 3152
 1361 4481 3151 61 22 1.10 1.14 3152
 1361 4753 3151 73 17 1.10 1.14 3152
 1361 4705 3677 62 4 1.10 1.14 3678
 1361 4737 3151 73 14 1.10 -4.86 3152
 1361 4609 3151 80 2 -8.90 -8.86 3152
 1361 4561 3151 80 3 -8.90 -8.86 3152
 1377 4753 3151 73 17 1.10 1.14 3152
 1377 4737 3151 73 14 1.10 -4.86 3152
 1393 4753 3151 73 17 1.10 1.14 3152
 1393 4737 3151 73 14 1.10 -4.86 3152
 1393 4545 3151 80 4 -8.90 -8.86 3152
 1393 4673 3151 80 1 -8.90 -8.86 3152
 1409 4465 3151 61 22 1.10 1.14 3152
 1409 4753 3151 73 17 1.10 1.14 3152
 1409 4737 3151 73 14 1.10 -4.86 3152
 1425 4465 3151 61 22 1.10 1.14 3152
 1425 4753 3151 73 17 1.10 1.14 3152
 1425 4737 3151 73 14 1.10 -4.86 3152
 1441 4465 3151 61 22 1.10 1.14 3152
 1441 4753 3151 73 17 1.10 1.14 3152
 1441 4737 3151 73 14 1.10 -4.86 3152
 1441 4625 3151 80 2 -8.90 -8.86 3152
 1441 4609 3151 80 3 -8.90 -8.86 3152
 1457 4465 3151 61 22 1.10 1.14 3152
 1457 4753 3151 73 17 1.10 1.14 3152
 1457 4737 3151 73 14 1.10 -4.86 3152
 1473 4721 3151 75 22 6.10 6.14 3152
 1473 4705 3151 75 22 6.10 6.14 3152
 1473 4689 3151 75 22 6.10 6.14 3152
 1473 4673 3151 75 22 6.10 6.14 3152
 1473 4657 3151 75 22 6.10 6.14 3152
 1473 4641 3151 75 22 6.10 6.14 3152
 1473 4625 3151 75 22 6.10 6.14 3152
 1473 4593 3151 75 19 6.10 6.14 3152
 1473 4609 3151 75 22 6.10 6.14 3152
 1473 4753 3151 73 17 1.10 1.14 3152
 1473 4577 3151 67 1 1.10 1.14 3152
 1473 4737 3151 73 14 1.10 -4.86 3152
 1489 4465 3151 75 19 6.10 6.14 3152
 1489 4481 3151 75 22 6.10 6.14 3152
 1489 4497 3151 75 22 6.10 6.14 3152
 1489 4513 3151 75 22 6.10 6.14 3152
 1489 4529 3151 75 22 6.10 6.14 3152
 1489 4545 3151 75 22 6.10 6.14 3152
 1489 4721 3151 75 23 6.10 6.14 3152
 1489 4705 3151 75 23 6.10 6.14 3152
 1489 4689 3151 75 23 6.10 6.14 3152
 1489 4673 3151 75 23 6.10 6.14 3152
 1489 4657 3151 75 23 6.10 6.14 3152
 1489 4641 3151 75 23 6.10 6.14 3152
 1489 4625 3151 75 23 6.10 6.14 3152
 1489 4577 3151 75 22 6.10 6.14 3152
 1489 4561 3151 75 22 6.10 6.14 3152
 1489 4593 3151 75 20 6.10 6.14 3152
 1489 4609 3151 75 23 6.10 6.14 3152
 1489 4449 3151 67 1 1.10 1.14 3152
 1489 4753 3151 73 17 1.10 1.14 3152
 1489 4577 3151 67 1 1.10 1.14 3152
 1489 4737 3151 73 14 1.10 -4.86 3152
 1505 4465 3151 75 20 6.10 6.14 3152
 1505 4481 3151 75 23 6.10 6.14 3152
 1505 4497 3151 75 23 6.10 6.14 3152
 1505 4513 3151 75 23 6.10 6.14 3152
 1505 4529 3151 75 23 6.10 6.14 3152
 1505 4545 3151 75 23 6.10 6.14 3152
 1505 4721 3151 75 23 6.10 6.14 3152
 1505 4705 3151 75 23 6.10 6.14 3152
 1505 4689 3151 75 23 6.10 6.14 3152
 1505 4673 3151 75 23 6.10 6.14 3152
 1505 4657 3151 75 23 6.10 6.14 3152
 1505 4641 3151 75 23 6.10 6.14 3152
 1505 4625 3151 75 23 6.10 6.14 3152
 1505 4577 3151 75 23 6.10 6.14 3152
 1505 4561 3151 75 23 6.10 6.14 3152
 1505 4593 3151 75 20 6.10 6.14 3152
 1505 4609 3151 75 23 6.10 6.14 3152
 1505 4385 3151 59 1 1.10 1.14 3152
 1505 4449 3151 67 1 1.10 1.14 3152
 1505 4753 3151 73 17 1.10 1.14 3152
 1505 4577 3151 67 1 1.10 1.14 3152
 1505 4737 3151 73 14 1.10 -4.86 3152
 1505 4625 3151 80 1 -8.90 -8.86 3152
 1505 4609 3151 80 2 -8.90 -8.86 3152
 1521 4465 3151 75 20 6.10 6.14 3152
 1521 4481 3151 75 23 6.10 6.14 3152
 1521 4497 3151 75 23 6.10 6.14 3152
 1521 4513 3151 75 23 6.10 6.14 3152
 1521 4529 3151 75 23 6.10 6.14 3152
 1521 4545 3151 75 23 6.10 6.14 3152
 1521 4721 3151 75 23 6.10 6.14 3152
 1521 4705 3151 75 23 6.10 6.14 3152
 1521 4689 3151 75 23 6.10 6.14 3152
 1521 4673 3151 75 23 6.10 6.14 3152
 1521 4657 3151 75 23 6.10 6.14 3152
 1521 4641 3151 75 23 6.10 6.14 3152
 1521 4625 3151 75 23 6.10 6.14 3152
 1521 4577 3151 75 23 6.10 6.14 3152
 1521 4561 3151 75 23 6.10 6.14 3152
 1521 4593 3151 75 20 6.10 6.14 3152
 1521 4609 3151 75 23 6.10 6.14 3152
 1521 4385 3151 59 4 1.10 1.14 3152
 1521 4449 3151 67 1 1.10 1.14 3152
 1521 4753 3151 73 17 1.10 1.14 3152
 1521 4577 3151 67 1 1.10 1.14 3152
 1521 4737 3151 73 14 1.10 -4.86 3152
 1537 4465 3151 75 20 6.10 6.14 3152
 1537 4481 3151 75 23 6.10 6.14 3152
 1537 4497 3151 75 23 6.10 6.14 3152
 1537 4513 3151 75 23 6.10 6.14 3152
 1537 4529 3151 75 23 6.10 6.14 3152
 1537 4545 3151 75 23 6.10 6.14 3152
 1537 4721 3151 75 23 6.10 6.14 3152
 1537 4705 3151 75 23 6.10 6.14 3152
 1537 4689 3151 75 23 6.10 6.14 3152
 1537 4673 3151 75 23 6.10 6.14 3152
 1537 4657 3151 75 23 6.10 6.14 3152
 1537 4641 3151 75 23 6.10 6.14 3152
 1537 4625 3151 75 23 6.10 6.14 3152
 1537 4577 3151 75 23 6.10 6.14 3152
 1537 4561 3151 75 23 6.10 6.14 3152
 1537 4593 3151 75 20 6.10 6.14 3152
 1537 4609 3151 75 23 6.10 6.14 3152
 1537 4289 3192 67 26 1.10 1.14 3193
 1537 4385 3151 59 13 1.10 1.14 3152
 1537 4449 3151 67 1 1.10 1.14 3152
 1537 4753 3151 73 17 1.10 1.14 3152
 1537 4577 3151 67 1 1.10 1.14 3152
 1537 4737 3151 73 14 1.10 -4.86 3152
 1537 4689 3151 80 1 -8.90 -8.86 3152
 1537 4673 3151 80 4 -8.90 -8.86 3152
 1553 4465 3151 75 20 6.10 6.14 3152
 1553 4481 3151 75 23 6.10 6.14 3152
 1553 4497 3151 75 23 6.10 6.14 3152
 1553 4513 3151 75 23 6.10 6.14 3152
 1553 4529 3151 75 23 6.10 6.14 3152
 1553 4545 3151 75 23 6.10 6.14 3152
 1553 4721 3151 75 23 6.10 6.14 3152
 1553 4705 3151 75 23 6.10 6.14 3152
 1553 4689 3151 75 23 6.10 6.14 3152
 1553 4673 3151 75 23 6.10 6.14 3152
 1553 4657 3151 75 23 6.10 6.14 3152
 1553 4641 3151 75 23 6.10 6.14 3152
 1553 4625 3151 75 23 6.10 6.14 3152
 1553 4577 3151 75 23 6.10 6.14 3152
 1553 4561 3151 75 23 6.10 6.14 3152
 1553 4593 3151 75 20 6.10 6.14 3152
 1553 4609 3151 75 23 6.10 6.14 3152
 1553 4385 3151 59 1 1.10 1.14 3152
 1553 4449 3151 67 1 1.10 1.14 3152
 1553 4753 3151 73 17 1.10 1.14 3152
 1553 4577 3151 67 1 1.10 1.14 3152
 1553 4737 3151 73 14 1.10 -4.86 3152
 1553 4625 3151 80 2 -8.90 -8.86 3152
 1553 4609 3151 80 3 -8.90 -8.86 3152
 1569 4465 3151 75 21 6.10 6.14 3152
 1569 4481 3151 75 24 6.10 6.14 3152
 1569 4497 3151 75 24 6.10 6.14 3152
 1569 4513 3151 75 24 6.10 6.14 3152
 1569 4529 3151 75 24 6.10 6.14 3152
 1569 4545 3151 75 24 6.10 6.14 3152
 1569 4721 3151 75 23 6.10 6.14 3152
 1569 4705 3151 75 23 6.10 6.14 3152
 1569 4689 3151 75 23 6.10 6.14 3152
 1569 4673 3151 75 23 6.10 6.14 3152
 1569 4657 3151 75 23 6.10 6.14 3152
 1569 4641 3151 75 23 6.10 6.14 3152
 1569 4625 3151 75 23 6.10 6.14 3152
 1569 4577 3151 75 24 6.10 6.14 3152
 1569 4561 3151 75 24 6.10 6.14 3152
 1569 4593 3151 75 20 6.10 6.14 3152
 1569 4609 3151 75 23 6.10 6.14 3152
 1569 4449 3151 67 1 1.10 1.14 3152
 1569 4753 3151 73 17 1.10 1.14 3152
 1569 4577 3151 67 1 1.10 1.14 3152
 1569 4737 3151 73 14 1.10 -4.86 3152
 1585 4721 3151 75 24 6.10 6.14 3152
 1585 4705 3151 75 24 6.10 6.14 3152
 1585 4689 3151 75 24 6.10 6.14 3152
 1585 4673 3151 75 24 6.10 6.14 3152
 1585 4657 3151 75 24 6.10 6.14 3152
 1585 4641 3151 75 24 6.10 6.14 3152
 1585 4625 3151 75 24 6.10 6.14 3152
 1585 4593 3151 75 21 6.10 6.14 3152
 1585 4609 3151 75 24 6.10 6.14 3152
 1585 4753 3151 73 17 1.10 1.14 3152
 1585 4577 3151 67 1 1.10 1.14 3152
 1585 4737 3151 73 14 1.10 -4.86 3152
 1601 4753 3151 73 17 1.10 1.14 3152
 1601 4737 3151 73 14 1.10 -4.86 3152
 1601 4449 3151 80 5 -8.90 -8.86 3152
 1601 4689 3151 80 4 -8.90 -8.86 3152
 1601 4641 3151 80 3 -8.90 -8.86 3152
 1601 4561 3151 80 1 -8.90 -8.86 3152
 1617 4753 3151 73 17 1.10 1.14 3152
 1617 4721 3151 54 23 1.10 1.14 3152
 1617 4737 3151 73 14 1.10 -4.86 3152
 1617 4705 3151 80 1 -8.90 -8.86 3152
 1617 4641 3151 80 4 -8.90 -8.86 3152
 1617 4529 3151 80 2 -8.90 -8.86 3152
 1617 4625 3151 80 1 -8.90 -8.86 3152
 1633 4753 3151 73 18 1.10 -4.86 3152
 1633 4737 3151 73 15 1.10 -4.86 3152
 1697 4529 3151 80 3 -8.90 -8.86 3152
 1697 4561 3151 80 4 -8.90 -8.86 3152
 1713 4753 3151 73 16 1.10 -4.86 3152
 1713 4737 3151 73 13 1.10 -4.86 3152
 1729 4753 3151 73 17 1.10 1.14 3152
 1729 4673 3151 59 4 1.10 1.14 3152
 1729 4737 3151 73 14 1.10 -4.86 3152
 1745 4753 3151 73 17 1.10 1.14 3152
 1745 4737 3151 73 14 1.10 -4.86 3152
 1761 4753 3151 73 17 1.10 1.14 3152
 1761 4705 3192 52 1 1.10 1.14 3193
 1761 4737 3151 73 14 1.10 -4.86 3152
 1777 4753 3151 73 17 1.10 1.14 3152
 1777 4737 3151 73 14 1.10 -4.86 3152
 1793 4753 3151 73 17 1.10 1.14 3152
 1793 4737 3151 73 14 1.10 -4.86 3152
 1809 4753 3151 73 17 1.10 1.14 3152
 1809 4737 3151 73 14 1.10 -4.86 3152
 1825 4753 3151 73 17 1.10 1.14 3152
 1825 4737 3151 73 14 1.10 -4.86 3152
 1841 4753 3151 73 17 1.10 1.14 3152
 1841 4737 3151 73 14 1.10 -4.86 3152
 1857 4753 3151 73 17 1.10 1.14 3152
 1857 4737 3151 73 14 1.10 -4.86 3152
 1857 4721 3151 58 3 1.10 -4.86 3152
 1873 4753 3151 73 17 1.10 1.14 3152
 1873 4737 3151 73 14 1.10 -4.86 3152
 1873 4721 3151 58 3 1.10 -4.86 3152
 1889 4753 3151 73 17 1.10 1.14 3152
 1889 4737 3151 73 14 1.10 -4.86 3152
 1889 4705 3196 58 4 1.10 -4.86 3197
 1905 4753 3151 73 17 1.10 1.14 3152
 1905 4737 3151 73 14 1.10 -4.86 3152
 1921 4689 3151 78 35 1100001.10 1100001.14 3152
 1921 4673 3151 78 35 1100001.10 1100001.14 3152
 1921 4753 3151 73 17 1.10 1.14 3152
 1921 4433 3196 58 4 1.10 -4.86 3197
 1921 4737 3151 73 14 1.10 -4.86 3152
 1921 4705 3196 58 4 1.10 -4.86 3197
 1921 4641 3196 58 4 1.10 -4.86 3197
 1921 4609 3196 58 4 1.10 -4.86 3197
 1937 4689 3151 78 36 1100001.10 1100001.14 3152
 1937 4673 3151 78 36 1100001.10 1100001.14 3152
 1937 4545 3151 59 17 1.10 1.14 3152
 1937 4753 3151 73 17 1.10 1.14 3152
 1937 4737 3151 73 14 1.10 -4.86 3152
 1953 4465 3151 78 35 1100001.10 1100001.14 3152
 1953 4481 3151 78 35 1100001.10 1100001.14 3152
 1953 4593 3151 78 35 1100001.10 1100001.14 3152
 1953 4577 3151 78 35 1100001.10 1100001.14 3152
 1953 4561 3151 78 35 1100001.10 1100001.14 3152
 1953 4753 3151 73 17 1.10 1.14 3152
 1953 4433 3196 58 4 1.10 -4.86 3197
 1953 4497 3196 58 4 1.10 -4.86 3197
 1953 4529 3196 58 4 1.10 -4.86 3197
 1953 4737 3151 73 14 1.10 -4.86 3152
 1953 4705 3196 58 4 1.10 -4.86 3197
 1953 4641 3196 58 4 1.10 -4.86 3197
 1953 4609 3196 58 4 1.10 -4.86 3197
 1969 4465 3151 78 36 1100001.10 1100001.14 3152
 1969 4481 3151 78 36 1100001.10 1100001.14 3152
 1969 4593 3151 78 36 1100001.10 1100001.14 3152
 1969 4577 3151 78 36 1100001.10 1100001.14 3152
 1969 4561 3151 78 36 1100001.10 1100001.14 3152
 1969 4369 3151 61 5 1.10 1.14 3152
 1969 4753 3151 73 17 1.10 1.14 3152
 1969 4737 3151 73 14 1.10 -4.86 3152
 1985 4401 3151 78 35 1100001.10 1100001.14 3152
 1985 4417 3151 78 35 1100001.10 1100001.14 3152
 1985 4753 3151 73 17 1.10 1.14 3152
 1985 4305 3196 58 4 1.10 -4.86 3197
 1985 4337 3196 58 4 1.10 -4.86 3197
 1985 4369 3196 58 4 1.10 -4.86 3197
 1985 4433 3196 58 4 1.10 -4.86 3197
 1985 4497 3196 58 4 1.10 -4.86 3197
 1985 4529 3196 58 4 1.10 -4.86 3197
 1985 4737 3151 73 14 1.10 -4.86 3152
 1985 4705 3196 58 4 1.10 -4.86 3197
 1985 4641 3196 58 4 1.10 -4.86 3197
 1985 4609 3196 58 4 1.10 -4.86 3197
 2001 4401 3151 78 36 1100001.10 1100001.14 3152
 2001 4417 3151 78 36 1100001.10 1100001.14 3152
 2001 4481 3151 60 21 1.10 1.14 3152
 2001 4753 3151 73 17 1.10 1.14 3152
 2001 4689 3151 60 21 1.10 1.14 3152
 2001 4289 3151 58 3 1.10 -4.86 3152
 2001 4737 3151 73 14 1.10 -4.86 3152
 2001 4593 3151 58 3 1.10 -4.86 3152
 2017 4465 3151 60 21 1.10 1.14 3152
 2017 4481 3151 60 21 1.10 1.14 3152
 2017 4753 3151 73 17 1.10 1.14 3152
 2017 4689 3151 60 21 1.10 1.14 3152
 2017 4673 3151 60 21 1.10 1.14 3152
 2017 4305 3196 58 4 1.10 -4.86 3197
 2017 4337 3196 58 4 1.10 -4.86 3197
 2017 4369 3196 58 4 1.10 -4.86 3197
 2017 4433 3196 58 4 1.10 -4.86 3197
 2017 4497 3196 58 4 1.10 -4.86 3197
 2017 4529 3196 58 4 1.10 -4.86 3197
 2017 4737 3151 73 14 1.10 -4.86 3152
 2017 4705 3196 58 4 1.10 -4.86 3197
 2017 4641 3196 58 4 1.10 -4.86 3197
 2017 4609 3196 58 4 1.10 -4.86 3197
 2033 4273 3192 71 1 1.10 1.14 3193
 2033 4481 3151 60 21 1.10 1.14 3152
 2033 4753 3151 73 17 1.10 1.14 3152
 2033 4689 3151 60 21 1.10 1.14 3152
 2033 4673 3151 60 21 1.10 1.14 3152
 2033 4737 3151 73 14 1.10 -4.86 3152
 2049 4401 3151 78 35 1100001.10 1100001.14 3152
 2049 4417 3151 78 35 1100001.10 1100001.14 3152
 2049 4481 3151 60 21 1.10 1.14 3152
 2049 4753 3151 73 17 1.10 1.14 3152
 2049 4689 3151 60 21 1.10 1.14 3152
 2049 4289 3151 58 3 1.10 -4.86 3152
 2049 4305 3196 58 4 1.10 -4.86 3197
 2049 4337 3196 58 4 1.10 -4.86 3197
 2049 4369 3196 58 4 1.10 -4.86 3197
 2049 4433 3196 58 4 1.10 -4.86 3197
 2049 4497 3196 58 4 1.10 -4.86 3197
 2049 4529 3196 58 4 1.10 -4.86 3197
 2049 4737 3151 73 14 1.10 -4.86 3152
 2049 4705 3196 58 4 1.10 -4.86 3197
 2049 4641 3196 58 4 1.10 -4.86 3197
 2049 4609 3196 58 4 1.10 -4.86 3197
 2065 4401 3151 78 36 1100001.10 1100001.14 3152
 2065 4417 3151 78 36 1100001.10 1100001.14 3152
 2065 4753 3151 73 17 1.10 1.14 3152
 2065 4593 3151 53 12 1.10 1.14 3152
 2065 4273 3151 58 3 1.10 -4.86 3152
 2065 4289 3151 58 3 1.10 -4.86 3152
 2065 4737 3151 73 14 1.10 -4.86 3152
 2081 4753 3151 73 17 1.10 1.14 3152
 2081 4433 3196 58 4 1.10 -4.86 3197
 2081 4529 3196 58 4 1.10 -4.86 3197
 2081 4737 3151 73 14 1.10 -4.86 3152
 2081 4705 3196 58 4 1.10 -4.86 3197
 2081 4641 3196 58 4 1.10 -4.86 3197
 2081 4609 3196 58 4 1.10 -4.86 3197
 2097 4513 3151 53 12 1.10 1.14 3152
 2097 4753 3151 73 17 1.10 1.14 3152
 2097 4737 3151 73 14 1.10 -4.86 3152
 2113 4417 3151 53 12 1.10 1.14 3152
 2113 4753 3151 73 17 1.10 1.14 3152
 2113 4689 3151 53 12 1.10 1.14 3152
 2113 4433 3196 58 4 1.10 -4.86 3197
 2113 4465 3196 58 4 1.10 -4.86 3197
 2113 4529 3196 58 4 1.10 -4.86 3197
 2113 4737 3151 73 14 1.10 -4.86 3152
 2113 4593 3151 58 3 1.10 -4.86 3152
 2113 4705 3196 58 4 1.10 -4.86 3197
 2113 4641 3196 58 4 1.10 -4.86 3197
 2113 4609 3196 58 4 1.10 -4.86 3197
 2129 4753 3151 73 17 1.10 1.14 3152
 2129 4417 3151 58 3 1.10 -4.86 3152
 2129 4737 3151 73 14 1.10 -4.86 3152
 2145 4497 3151 78 35 1100001.10 1100001.14 3152
 2145 4513 3151 78 35 1100001.10 1100001.14 3152
 2145 4689 3151 78 35 1100001.10 1100001.14 3152
 2145 4673 3151 78 35 1100001.10 1100001.14 3152
 2145 4593 3151 78 35 1100001.10 1100001.14 3152
 2145 4577 3151 78 35 1100001.10 1100001.14 3152
 2145 4561 3151 78 35 1100001.10 1100001.14 3152
 2145 4753 3151 73 17 1.10 1.14 3152
 2145 4449 3151 58 3 1.10 -4.86 3152
 2145 4465 3196 58 4 1.10 -4.86 3197
 2145 4529 3196 58 4 1.10 -4.86 3197
 2145 4737 3151 73 14 1.10 -4.86 3152
 2145 4705 3196 58 4 1.10 -4.86 3197
 2145 4641 3196 58 4 1.10 -4.86 3197
 2145 4609 3196 58 4 1.10 -4.86 3197
 2161 4497 3151 78 36 1100001.10 1100001.14 3152
 2161 4513 3151 78 36 1100001.10 1100001.14 3152
 2161 4689 3151 78 36 1100001.10 1100001.14 3152
 2161 4673 3151 78 36 1100001.10 1100001.14 3152
 2161 4593 3151 78 36 1100001.10 1100001.14 3152
 2161 4577 3151 78 36 1100001.10 1100001.14 3152
 2161 4561 3151 78 36 1100001.10 1100001.14 3152
 2161 4753 3151 73 17 1.10 1.14 3152
 2161 4737 3151 73 14 1.10 -4.86 3152
 2177 4753 3151 73 17 1.10 1.14 3152
 2177 4529 3196 58 4 1.10 -4.86 3197
 2177 4737 3151 73 14 1.10 -4.86 3152
 2177 4705 3196 58 4 1.10 -4.86 3197
 2193 4753 3151 73 17 1.10 1.14 3152
 2193 4513 3151 58 3 1.10 -4.86 3152
 2193 4737 3151 73 14 1.10 -4.86 3152
 2209 4753 3151 73 17 1.10 1.14 3152
 2209 4737 3151 73 14 1.10 -4.86 3152
 2209 4721 3151 58 3 1.10 -4.86 3152
 2225 4753 3151 73 17 1.10 1.14 3152
 2225 4737 3151 73 14 1.10 -4.86 3152
 2241 4753 3151 73 17 1.10 1.14 3152
 2241 4737 3151 73 14 1.10 -4.86 3152
 2257 4753 3151 73 17 1.10 1.14 3152
 2257 4737 3151 73 14 1.10 -4.86 3152
 2273 4753 3151 73 17 1.10 1.14 3152
 2273 4737 3151 73 14 1.10 -4.86 3152
 2289 4753 3151 73 17 1.10 1.14 3152
 2289 4737 3151 73 14 1.10 -4.86 3152
 2305 4753 3151 73 17 1.10 1.14 3152
 2305 4737 3151 73 14 1.10 -4.86 3152
 2321 4753 3151 73 17 1.10 1.14 3152
 2321 4705 3196 54 31 1.10 1.14 3197
 2321 4737 3151 73 14 1.10 -4.86 3152
 2337 4753 3151 73 17 1.10 1.14 3152
 2337 4737 3151 73 14 1.10 -4.86 3152
 2353 4753 3151 73 17 1.10 1.14 3152
 2353 4737 3151 73 14 1.10 -4.86 3152
 2369 4753 3151 73 17 1.10 1.14 3152
 2369 4721 3151 66 2 1.10 1.14 3152
 2369 4737 3151 73 14 1.10 -4.86 3152
 2385 4753 3151 73 18 1.10 -4.86 3152
 2385 4737 3151 73 15 1.10 -4.86 3152
 2641 4753 3151 73 16 1.10 -4.86 3152
 2641 4737 3151 73 13 1.10 -4.86 3152
 2657 4753 3151 73 17 1.10 1.14 3152
 2657 4705 3192 71 31 1.10 1.14 3193
 2657 4737 3151 73 14 1.10 -4.86 3152
 2673 4753 3151 73 17 1.10 1.14 3152
 2673 4737 3151 73 14 1.10 -4.86 3152
 2689 4753 3151 73 17 1.10 1.14 3152
 2689 4737 3151 73 14 1.10 -4.86 3152
 2705 4753 3151 73 17 1.10 1.14 3152
 2705 4737 3151 73 14 1.10 -4.86 3152
 2721 4753 3151 73 17 1.10 1.14 3152
 2721 4721 3151 66 1 1.10 1.14 3152
 2721 4737 3151 73 14 1.10 -4.86 3152
 2737 4753 3151 73 17 1.10 1.14 3152
 2737 4737 3151 73 14 1.10 -4.86 3152
 2753 4753 3151 73 17 1.10 1.14 3152
 2753 4737 3151 73 14 1.10 -4.86 3152
 2769 4593 3192 67 26 1.10 1.14 3193
 2769 4753 3151 73 17 1.10 1.14 3152
 2769 4737 3151 73 14 1.10 -4.86 3152
 2785 4753 3151 73 17 1.10 1.14 3152
 2785 4737 3151 73 14 1.10 -4.86 3152
 2801 4753 3151 73 17 1.10 1.14 3152
 2801 4737 3151 73 14 1.10 -4.86 3152
 2817 4577 3645 68 1 1.10 11.14 3646
 2817 4753 3151 73 17 1.10 1.14 3152
 2817 4737 3151 73 14 1.10 -4.86 3152
 2833 4753 3151 73 17 1.10 1.14 3152
 2833 4737 3151 73 14 1.10 -4.86 3152
 2849 4753 3151 73 17 1.10 1.14 3152
 2849 4737 3151 73 14 1.10 -4.86 3152
 2865 4753 3151 73 17 1.10 1.14 3152
 2865 4737 3151 73 14 1.10 -4.86 3152
 2881 4753 3151 73 17 1.10 1.14 3152
 2881 4737 3151 73 14 1.10 -4.86 3152
 2897 4641 3195 68 2 1.10 11.14 3196
 2897 4753 3151 73 17 1.10 1.14 3152
 2897 4737 3151 73 14 1.10 -4.86 3152
 2913 4753 3151 73 17 1.10 1.14 3152
 2913 4737 3151 73 14 1.10 -4.86 3152
 2929 4753 3151 73 17 1.10 1.14 3152
 2929 4737 3151 73 14 1.10 -4.86 3152
 2945 4753 3151 73 17 1.10 1.14 3152
 2945 4737 3151 73 14 1.10 -4.86 3152
 2961 4753 3151 73 17 1.10 1.14 3152
 2961 4737 3151 73 14 1.10 -4.86 3152
 2977 4753 3151 73 17 1.10 1.14 3152
 2977 4737 3151 73 14 1.10 -4.86 3152
 2993 4753 3151 73 17 1.10 1.14 3152
 2993 4737 3151 73 14 1.10 -4.86 3152
 3009 4753 3151 73 17 1.10 1.14 3152
 3009 4737 3151 73 14 1.10 -4.86 3152
 3025 4753 3151 73 17 1.10 1.14 3152
 3025 4737 3151 73 14 1.10 -4.86 3152
 3041 4753 3151 73 17 1.10 1.14 3152
 3041 4737 3151 73 14 1.10 -4.86 3152
 3057 4705 3151 81 1 -999998.90 -18.86 3152
