 -10 306 684 0.42 1 1 1 1 1 2 2 301 0.42 1
-1
-1
-1
-1
-1
-1
-1
-1
-1
-1
-1
-1
-1
-1
-1
-1
-1
-1
-1
-1
-1
-1
y255.255.255
Bowser's Castle
 1 4705 3693 87 11 1.10 1.14 3694
 1 4497 3195 87 12 1.10 1.14 3196
 33 4609 3151 79 52 4.24 4.14 0
 33 4625 3151 79 53 4.24 4.14 0
 33 4593 3151 79 57 4.24 4.14 0
 33 4641 3151 79 59 4.24 4.14 0
 33 4673 3192 51 1 1.10 1.14 3193 1
 65 4705 3693 87 11 1.10 1.14 3694
 97 4497 3195 87 12 1.10 1.14 3196
 129 4705 3693 87 11 1.10 1.14 3694
 145 4689 3151 87 10 1.10 1.14 3152
 161 4641 3151 79 60 4.24 4.14 0
 161 4657 3151 79 61 4.24 4.14 0
 161 4673 3151 87 10 1.10 1.14 3152
 161 4689 3151 87 10 1.10 1.14 3152
 177 4689 3151 87 10 1.10 1.14 3152
 193 4705 3693 87 11 1.10 1.14 3694
 193 4497 3195 87 12 1.10 1.14 3196
 257 4673 3192 53 15 1.10 1.14 3193
 257 4705 3693 87 11 1.10 1.14 3694
 289 4497 3195 87 12 1.10 1.14 3196
 305 4689 3151 87 10 1.10 1.14 3152
 321 4641 3151 79 62 4.24 4.14 0
 321 4657 3151 79 63 4.24 4.14 0
 321 4689 3151 87 10 1.10 1.14 3152
 321 4673 3151 87 10 1.10 1.14 3152
 321 4705 3693 87 11 1.10 1.14 3694
 337 4689 3151 87 10 1.10 1.14 3152
 385 4705 3693 87 11 1.10 1.14 3694
 385 4497 3195 87 12 1.10 1.14 3196
 449 4705 3693 87 11 1.10 1.14 3694
 465 4673 3192 53 15 1.10 1.14 3193
 481 4401 3195 87 12 1.10 1.14 3196
 481 4497 3195 87 12 1.10 1.14 3196
 513 4673 3195 87 12 1.10 1.14 3196
 577 4497 3151 63 12 1.10 1.14 3152
 577 4609 3151 59 3 1.10 1.14 3152
 577 4401 3195 87 12 1.10 1.14 3196
 593 4497 3151 63 12 1.10 1.14 3152
 609 4497 3151 63 12 1.10 1.14 3152
 609 4689 3151 87 10 1.10 1.14 3152
 609 4705 3693 87 11 1.10 1.14 3694
 625 4497 3151 63 12 1.10 1.14 3152
 625 4689 3151 87 10 1.10 1.14 3152
 625 4641 3194 62 2 1.10 1.14 3195
 641 4497 3151 63 12 1.10 1.14 3152
 657 4497 3151 63 12 1.10 1.14 3152
 673 4401 3195 87 12 1.10 1.14 3196
 673 4497 3151 63 12 1.10 1.14 3152
 673 4753 3151 87 10 1.10 1.14 3152
 673 4737 3151 87 10 1.10 1.14 3152
 673 4721 3151 63 14 1.10 1.14 3152
 673 4577 3194 62 2 1.10 1.14 3195
 689 4497 3151 63 12 1.10 1.14 3152
 689 4753 3151 63 16 1.10 1.14 3152
 689 4737 3151 63 16 1.10 1.14 3152
 689 4721 3151 63 14 1.10 1.14 3152
 705 4497 3151 63 12 1.10 1.14 3152
 705 4753 3151 63 16 1.10 1.14 3152
 705 4737 3151 63 16 1.10 1.14 3152
 705 4721 3151 63 14 1.10 1.14 3152
 705 4673 3194 62 2 1.10 1.14 3195
 721 4497 3151 63 12 1.10 1.14 3152
 721 4753 3151 63 16 1.10 1.14 3152
 721 4737 3151 63 16 1.10 1.14 3152
 721 4721 3151 63 14 1.10 1.14 3152
 737 4497 3151 63 12 1.10 1.14 3152
 737 4753 3151 63 16 1.10 1.14 3152
 737 4737 3151 63 16 1.10 1.14 3152
 737 4721 3151 63 14 1.10 1.14 3152
 753 4497 3151 63 12 1.10 1.14 3152
 753 4753 3151 63 16 1.10 1.14 3152
 753 4737 3151 63 16 1.10 1.14 3152
 753 4721 3151 63 14 1.10 1.14 3152
 769 4497 3151 63 12 1.10 1.14 3152
 769 4753 3151 63 16 1.10 1.14 3152
 769 4737 3151 63 16 1.10 1.14 3152
 769 4721 3151 63 15 1.10 1.14 3152
 769 4609 3194 62 2 1.10 1.14 3195
 769 4401 3195 87 12 1.10 1.14 3196
 785 4497 3151 63 12 1.10 1.14 3152
 785 4753 3151 63 16 1.10 1.14 3152
 785 4737 3151 63 16 1.10 1.14 3152
 785 4721 3151 63 14 1.10 1.14 3152
 801 4497 3151 63 12 1.10 1.14 3152
 801 4753 3151 63 16 1.10 1.14 3152
 801 4737 3151 63 16 1.10 1.14 3152
 801 4721 3151 63 14 1.10 1.14 3152
 817 4497 3151 63 12 1.10 1.14 3152
 817 4753 3151 63 16 1.10 1.14 3152
 817 4737 3151 63 16 1.10 1.14 3152
 817 4721 3151 63 14 1.10 1.14 3152
 833 4753 3151 63 16 1.10 1.14 3152
 833 4737 3151 63 16 1.10 1.14 3152
 833 4721 3151 63 14 1.10 1.14 3152
 833 4497 3151 63 12 1.10 1.14 3152
 849 4753 3151 63 16 1.10 1.14 3152
 849 4737 3151 63 16 1.10 1.14 3152
 849 4721 3151 63 15 1.10 1.14 3152
 849 4689 3194 62 2 1.10 1.14 3195
 849 4497 3151 63 12 1.10 1.14 3152
 865 4753 3151 63 16 1.10 1.14 3152
 865 4737 3151 63 16 1.10 1.14 3152
 865 4721 3151 63 14 1.10 1.14 3152
 865 4497 3151 63 12 1.10 1.14 3152
 865 4401 3195 87 12 1.10 1.14 3196
 881 4753 3151 63 16 1.10 1.14 3152
 881 4737 3151 63 16 1.10 1.14 3152
 881 4721 3151 63 14 1.10 1.14 3152
 881 4577 3194 62 2 1.10 1.14 3195
 881 4497 3151 63 12 1.10 1.14 3152
 897 4753 3151 63 16 1.10 1.14 3152
 897 4737 3151 63 16 1.10 1.14 3152
 897 4721 3151 63 14 1.10 1.14 3152
 897 4561 3151 67 14 1.10 1.14 3152
 897 4497 3151 63 12 1.10 1.14 3152
 913 4753 3151 63 16 1.10 1.14 3152
 913 4737 3151 63 16 1.10 1.14 3152
 913 4721 3151 63 15 1.10 1.14 3152
 913 4497 3151 63 12 1.10 1.14 3152
 929 4753 3151 63 16 1.10 1.14 3152
 929 4737 3151 63 16 1.10 1.14 3152
 929 4721 3151 63 14 1.10 1.14 3152
 929 4497 3151 63 12 1.10 1.14 3152
 945 4753 3151 63 16 1.10 1.14 3152
 945 4737 3151 63 16 1.10 1.14 3152
 945 4721 3151 63 14 1.10 1.14 3152
 945 4497 3151 63 12 1.10 1.14 3152
 961 4673 3195 87 12 1.10 1.14 3196
 961 4497 3195 87 12 1.10 1.14 3196
 961 4305 3195 87 12 1.10 1.14 3196
 961 4401 3195 87 12 1.10 1.14 3196
 977 4657 3151 79 72 4.24 4.14 0
 977 4625 3151 79 71 4.24 4.14 0
 977 4641 3151 79 71 4.24 4.14 0
 977 4609 3151 79 71 4.24 4.14 0
 977 4593 3151 79 70 4.24 4.14 0
 1025 4657 3151 79 72 4.24 4.14 0
 1025 4641 3151 79 71 4.24 4.14 0
 1025 4625 3151 79 71 4.24 4.14 0
 1025 4609 3151 79 71 4.24 4.14 0
 1025 4593 3151 79 70 4.24 4.14 0
 1057 4273 3195 87 12 1.10 1.14 3196
 1057 4657 3151 55 3 1.10 1.14 3152
 1057 4545 3151 87 10 1.10 1.14 3152
 1057 4673 3195 87 12 1.10 1.14 3196
 1073 4481 3151 87 10 1.10 1.14 3152
 1073 4609 3151 87 10 1.10 1.14 3152
 1089 4481 3693 87 11 1.10 1.14 3694
 1089 4417 3693 87 11 1.10 1.14 3694
 1089 4609 3693 87 11 1.10 1.14 3694
 1089 4545 3693 87 11 1.10 1.14 3694
 1121 4625 3151 56 12 -3.90 -6.86 3152
 1137 4433 3151 56 12 -3.90 -6.86 3152
 1153 4273 3195 87 12 1.10 1.14 3196
 1153 4481 3151 87 10 1.10 1.14 3152
 1153 4689 3151 62 5 1.10 1.14 3152
 1153 4609 3151 87 10 1.10 1.14 3152
 1169 4545 3151 87 10 1.10 1.14 3152
 1169 4689 3151 62 5 1.10 1.14 3152
 1185 4369 3195 87 12 1.10 1.14 3196
 1185 4465 3195 87 12 1.10 1.14 3196
 1185 4561 3195 87 12 1.10 1.14 3196
 1185 4689 3151 62 5 1.10 1.14 3152
 1185 4657 3151 63 12 1.10 1.14 3152
 1201 4689 3151 62 5 1.10 1.14 3152
 1201 4657 3151 63 12 1.10 1.14 3152
 1217 4689 3151 62 5 1.10 1.14 3152
 1217 4657 3151 63 12 1.10 1.14 3152
 1233 4689 3151 62 5 1.10 1.14 3152
 1233 4657 3151 63 12 1.10 1.14 3152
 1249 4689 3151 62 5 1.10 1.14 3152
 1249 4657 3151 63 12 1.10 1.14 3152
 1265 4689 3151 62 5 1.10 1.14 3152
 1265 4657 3151 63 12 1.10 1.14 3152
 1281 4369 3693 87 11 1.10 1.14 3694
 1281 4433 3693 87 11 1.10 1.14 3694
 1281 4497 3693 87 11 1.10 1.14 3694
 1281 4609 3151 87 10 1.10 1.14 3152
 1281 4593 3151 87 10 1.10 1.14 3152
 1281 4561 3151 87 10 1.10 1.14 3152
 1281 4577 3151 87 10 1.10 1.14 3152
 1281 4689 3151 62 5 1.10 1.14 3152
 1297 4577 3151 87 10 1.10 1.14 3152
 1297 4593 3151 87 10 1.10 1.14 3152
 1297 4561 3151 87 10 1.10 1.14 3152
 1297 4689 3151 62 5 1.10 1.14 3152
 1313 4577 3151 87 10 1.10 1.14 3152
 1313 4561 3151 87 10 1.10 1.14 3152
 1313 4689 3151 62 5 1.10 1.14 3152
 1329 4561 3151 87 10 1.10 1.14 3152
 1329 4689 3151 62 5 1.10 1.14 3152
 1345 4401 3693 87 11 1.10 1.14 3694
 1345 4465 3693 87 11 1.10 1.14 3694
 1345 4529 3151 87 10 1.10 1.14 3152
 1345 4545 3151 87 10 1.10 1.14 3152
 1345 4705 3693 87 11 1.10 1.14 3694
 1345 4641 3693 87 11 1.10 1.14 3694
 1361 4529 3151 87 10 1.10 1.14 3152
 1361 4625 3151 87 10 1.10 1.14 3152
 1377 4529 3151 87 10 1.10 1.14 3152
 1377 4625 3151 87 10 1.10 1.14 3152
 1377 4609 3151 87 10 1.10 1.14 3152
 1393 4529 3151 87 10 1.10 1.14 3152
 1393 4625 3151 87 10 1.10 1.14 3152
 1393 4609 3151 87 10 1.10 1.14 3152
 1393 4593 3151 87 10 1.10 1.14 3152
 1393 4561 3192 71 6 1.10 1.14 3193 43 1
 1409 4385 3195 87 12 1.10 1.14 3196
 1409 4481 3195 87 12 1.10 1.14 3196
 1409 4577 3195 87 12 1.10 1.14 3196
 1409 4673 3195 87 12 1.10 1.14 3196
 1505 4577 3151 81 1 -999998.90 -18.86 3152
