 -10 269 684 0.42 1 1 1 1 1 2 2 301 0.42 1
-1
-1
-1
-1
-1
-1
-1
-1
-1
-1
-1
-1
-1
-1
-1
-1
-1
-1
-1
-1
-1
-1
y0
Fortress
 1 4657 3151 67 1 1.10 1.14 3152
 1 4689 3693 87 61 1.10 1.14 3694
 1 4561 3693 87 61 1.10 1.14 3694
 1 4529 3151 87 60 1.10 1.14 3152
 1 4545 3151 87 60 1.10 1.14 3152
 17 4529 3151 87 60 1.10 1.14 3152
 17 4545 3151 87 60 1.10 1.14 3152
 33 4529 3151 87 60 1.10 1.14 3152
 33 4545 3151 87 60 1.10 1.14 3152
 49 4529 3151 87 60 1.10 1.14 3152
 49 4545 3151 87 60 1.10 1.14 3152
 65 4657 3192 51 1 1.10 1.14 3193 1
 65 4689 3693 87 61 1.10 1.14 3694
 65 4529 3693 87 61 1.10 1.14 3694
 81 4641 3151 67 1 1.10 1.14 3152
 129 4529 3693 87 61 1.10 1.14 3694
 129 4657 3151 67 1 1.10 1.14 3152
 129 4737 3151 87 60 1.10 1.14 3152
 145 4737 3151 87 60 1.10 1.14 3152
 161 4689 3151 87 60 1.10 1.14 3152
 161 4657 3151 87 60 1.10 1.14 3152
 161 4641 3151 87 60 1.10 1.14 3152
 161 4673 3151 87 60 1.10 1.14 3152
 161 4737 3151 87 60 1.10 1.14 3152
 177 4689 3151 87 60 1.10 1.14 3152
 177 4641 3151 87 60 1.10 1.14 3152
 177 4657 3151 87 60 1.10 1.14 3152
 177 4673 3151 87 60 1.10 1.14 3152
 177 4737 3151 87 60 1.10 1.14 3152
 193 4689 3151 87 60 1.10 1.14 3152
 193 4641 3151 87 60 1.10 1.14 3152
 193 4673 3151 87 60 1.10 1.14 3152
 193 4657 3151 87 60 1.10 1.14 3152
 193 4609 3151 67 1 1.10 1.14 3152
 193 4721 3151 67 1 1.10 1.14 3152
 193 4737 3151 87 60 1.10 1.14 3152
 193 4529 3151 87 60 1.10 1.14 3152
 209 4689 3151 87 60 1.10 1.14 3152
 209 4641 3151 87 60 1.10 1.14 3152
 209 4673 3151 87 60 1.10 1.14 3152
 209 4657 3151 87 60 1.10 1.14 3152
 209 4737 3151 87 60 1.10 1.14 3152
 209 4529 3151 87 60 1.10 1.14 3152
 225 4689 3151 87 60 1.10 1.14 3152
 225 4673 3151 87 60 1.10 1.14 3152
 225 4657 3151 87 60 1.10 1.14 3152
 225 4641 3151 87 60 1.10 1.14 3152
 225 4705 3151 87 60 1.10 1.14 3152
 225 4721 3151 87 60 1.10 1.14 3152
 225 4737 3151 87 60 1.10 1.14 3152
 225 4529 3151 87 60 1.10 1.14 3152
 241 4641 3151 87 60 1.10 1.14 3152
 241 4657 3151 87 60 1.10 1.14 3152
 241 4625 3151 87 60 1.10 1.14 3152
 241 4609 3151 87 60 1.10 1.14 3152
 241 4737 3151 87 60 1.10 1.14 3152
 241 4529 3151 87 60 1.10 1.14 3152
 257 4641 3151 87 60 1.10 1.14 3152
 257 4657 3151 87 60 1.10 1.14 3152
 257 4625 3151 87 60 1.10 1.14 3152
 257 4609 3151 87 60 1.10 1.14 3152
 257 4737 3151 87 60 1.10 1.14 3152
 257 4529 3151 87 60 1.10 1.14 3152
 273 4641 3151 87 60 1.10 1.14 3152
 273 4657 3151 87 60 1.10 1.14 3152
 273 4625 3151 87 60 1.10 1.14 3152
 273 4609 3151 87 60 1.10 1.14 3152
 273 4561 3151 67 1 1.10 1.14 3152
 273 4577 3192 53 6 1.10 1.14 3193
 273 4737 3151 87 60 1.10 1.14 3152
 273 4529 3151 87 60 1.10 1.14 3152
 289 4721 3151 87 60 1.10 1.14 3152
 289 4689 3151 67 1 1.10 1.14 3152
 289 4737 3151 87 60 1.10 1.14 3152
 289 4529 3151 87 60 1.10 1.14 3152
 305 4721 3151 87 60 1.10 1.14 3152
 305 4625 3151 67 1 1.10 1.14 3152
 305 4737 3151 87 60 1.10 1.14 3152
 305 4529 3151 87 60 1.10 1.14 3152
 321 4721 3151 87 60 1.10 1.14 3152
 321 4657 3151 87 60 1.10 1.14 3152
 321 4673 3151 87 60 1.10 1.14 3152
 321 4737 3151 87 60 1.10 1.14 3152
 321 4529 3151 87 60 1.10 1.14 3152
 337 4545 3151 87 60 1.10 1.14 3152
 337 4721 3151 87 60 1.10 1.14 3152
 337 4673 3151 87 60 1.10 1.14 3152
 337 4657 3151 87 60 1.10 1.14 3152
 337 4561 3151 87 60 1.10 1.14 3152
 337 4577 3151 87 60 1.10 1.14 3152
 337 4737 3151 87 60 1.10 1.14 3152
 337 4529 3151 87 60 1.10 1.14 3152
 353 4545 3151 87 60 1.10 1.14 3152
 353 4721 3151 87 60 1.10 1.14 3152
 353 4673 3151 87 60 1.10 1.14 3152
 353 4657 3151 87 60 1.10 1.14 3152
 353 4577 3151 87 60 1.10 1.14 3152
 353 4641 3151 87 60 1.10 1.14 3152
 353 4561 3151 87 60 1.10 1.14 3152
 353 4609 3151 67 1 1.10 1.14 3152
 353 4737 3151 87 60 1.10 1.14 3152
 353 4529 3151 87 60 1.10 1.14 3152
 369 4545 3151 87 60 1.10 1.14 3152
 369 4577 3151 87 60 1.10 1.14 3152
 369 4641 3151 87 60 1.10 1.14 3152
 369 4673 3151 87 60 1.10 1.14 3152
 369 4657 3151 87 60 1.10 1.14 3152
 369 4721 3151 87 60 1.10 1.14 3152
 369 4561 3151 87 60 1.10 1.14 3152
 369 4689 3192 56 4 1.10 1.14 3193
 369 4737 3151 87 60 1.10 1.14 3152
 369 4529 3151 87 60 1.10 1.14 3152
 385 4545 3151 87 60 1.10 1.14 3152
 385 4641 3151 87 60 1.10 1.14 3152
 385 4657 3151 87 60 1.10 1.14 3152
 385 4673 3151 87 60 1.10 1.14 3152
 385 4689 3151 87 60 1.10 1.14 3152
 385 4705 3151 87 60 1.10 1.14 3152
 385 4721 3151 87 60 1.10 1.14 3152
 385 4577 3151 87 60 1.10 1.14 3152
 385 4561 3151 87 60 1.10 1.14 3152
 385 4737 3151 87 60 1.10 1.14 3152
 385 4529 3151 87 60 1.10 1.14 3152
 401 4673 3151 87 60 1.10 1.14 3152
 401 4529 3151 87 60 1.10 1.14 3152
 417 4673 3151 87 60 1.10 1.14 3152
 417 4609 3151 67 1 1.10 1.14 3152
 417 4529 3151 87 60 1.10 1.14 3152
 433 4673 3151 87 60 1.10 1.14 3152
 433 4529 3151 87 60 1.10 1.14 3152
 449 4673 3151 87 60 1.10 1.14 3152
 449 4625 3151 87 60 1.10 1.14 3152
 449 4641 3151 87 60 1.10 1.14 3152
 449 4657 3151 87 60 1.10 1.14 3152
 449 4529 3151 87 60 1.10 1.14 3152
 465 4529 3151 87 60 1.10 1.14 3152
 465 4625 3151 87 60 1.10 1.14 3152
 465 4593 3192 71 6 1.10 1.14 3193 27 1
 481 4529 3151 87 60 1.10 1.14 3152
 481 4625 3151 87 60 1.10 1.14 3152
 481 4609 3151 87 60 1.10 1.14 3152
 481 4593 3151 87 60 1.10 1.14 3152
 481 4577 3151 87 60 1.10 1.14 3152
 481 4561 3151 87 60 1.10 1.14 3152
 481 4545 3151 87 60 1.10 1.14 3152
