 -10 3 2 262 661 0.42 1 1 2
-1
-1
-1
-1
-1
-1
-1
-1
-1
-1
-1
-1
-1
-1
-1
-1
-1
-1
-1
-1
 -1
 17 81 16000 8 17 1100001 1100001.14 3808
 17 145 7297 12 4 11 11.14 3808
 17 129 7297 12 4 11 11.14 3808
 17 113 7297 12 4 11 11.14 3808
 17 49 7296 12 5 11 11.14 3808
 17 17 7296 12 5 11 11.14 3808
 17 161 7297 12 4 11 11.14 3808
 33 81 16000 8 17 1100001 1100001.14 3808
 33 33 7286 13 1 11 11.14 3808
 33 97 7286 13 1 11 11.14 3808
 33 129 7286 13 1 11 11.14 3808
 33 161 7286 13 1 11 11.14 3808
 33 161 7301 15 2 1 1.14 3808 23 1
 33 33 16000 1 1 1 -8.86 3808
 49 129 16000 8 27 1100001 1100001.14 3808
 49 81 16000 8 25 1100001 1100001.14 3808
 49 113 16000 8 20 1100001 1100001.14 3808
 49 97 16000 8 20 1100001 1100001.14 3808
 49 17 7296 12 5 11 11.14 3808
 49 49 7296 12 5 11 11.14 3808
 49 97 16000 11 1 6 6.14 3808
 65 129 16000 8 17 1100001 1100001.14 3808
 65 65 7286 13 1 11 11.14 3808
 65 97 7286 13 1 11 11.14 3808
 65 33 7286 13 1 11 11.14 3808
 65 161 7286 13 1 11 11.14 3808
 65 145 16000 12 2 11 11.14 3808
 65 65 7300 15 1 1 1.14 3808 21 1
 81 129 16000 8 25 1100001 1100001.14 3808
 81 145 16000 8 20 1100001 1100001.14 3808
 81 161 16000 8 20 1100001 1100001.14 3808
 81 17 7296 12 5 11 11.14 3808
 81 49 7296 12 5 11 11.14 3808
 81 161 16000 11 1 6 6.14 3808
 97 17 16000 8 32 1100001 1100001.14 3808
 97 97 7286 13 1 11 11.14 3808
 97 33 7286 13 1 11 11.14 3808
 97 161 7286 13 1 11 11.14 3808
 97 145 16000 12 2 11 11.14 3808
 97 97 7283 17 2 1 1.14 3808 25 1
 113 81 16000 8 32 1100001 1100001.14 3808
 113 113 16000 12 2 11 11.14 3808
 113 17 7296 12 5 11 11.14 3808
 113 49 7296 12 5 11 11.14 3808
 113 145 16000 12 2 11 11.14 3808
 129 129 7286 13 1 11 11.14 3808
 129 65 7286 13 1 11 11.14 3808
 129 33 7286 13 1 11 11.14 3808
 129 81 7460 12 16 11 11.14 3808
 129 113 16000 12 2 11 11.14 3808
 129 97 7286 13 1 11 11.14 3808
 129 161 7286 13 1 11 11.14 3808
 129 129 7312 16 1 1 1.14 3808 127 1
 129 65 7545 14 1 1 1.14 3808 1 bla
 129 97 7315 16 3 1 1.14 3808 26 1
 145 161 16000 8 32 1100001 1100001.14 3808
 145 17 7296 12 5 11 11.14 3808
 145 49 7296 12 5 11 11.14 3808
 161 161 7297 12 4 11 11.14 3808
 161 113 16000 12 2 11 11.14 3808
 161 33 7286 13 1 11 11.14 3808
 161 145 7297 12 4 11 11.14 3808
 161 129 7286 13 1 11 11.14 3808
 177 161 7297 12 4 11 11.14 3808
 177 113 16000 12 2 11 11.14 3808
 177 17 7296 12 5 11 11.14 3808
 177 49 7296 12 5 11 11.14 3808
 177 145 7297 12 4 11 11.14 3808
 193 161 7297 12 4 11 11.14 3808
 193 33 7286 13 1 11 11.14 3808
 193 97 7286 13 1 11 11.14 3808
 193 65 7286 13 1 11 11.14 3808
 193 129 7286 13 1 11 11.14 3808
 193 49 7542 19 1 1 1.14 3808
 193 97 7543 18 1 1 1.14 3808 27 1
 209 17 16201 4 2 1200001 1200001.14 16216
 209 129 16201 4 2 1200001 1200001.14 16216
 209 81 16201 4 2 1200001 1200001.14 16216
 209 65 8009 4 1 1200001 1200001.14 3152
 209 17 3151 5 22 1100001 1100001.14 3152
 209 33 3151 5 22 1100001 1100001.14 3152
 209 49 3151 5 22 1100001 1100001.14 3152
 209 65 3151 5 22 1100001 1100001.14 3152
 209 81 3151 5 22 1100001 1100001.14 3152
 209 97 3151 5 22 1100001 1100001.14 3152
 209 113 3151 5 22 1100001 1100001.14 3152
 209 129 3151 5 22 1100001 1100001.14 3152
 209 145 3151 5 22 1100001 1100001.14 3152
 209 161 3151 5 22 1100001 1100001.14 3152
 209 65 7460 12 16 11 11.14 3152
 225 65 8009 4 1 1200001 1200001.14 3152
 225 65 7286 13 1 11 11.14 3152
 225 97 7286 13 1 11 11.14 3152
 225 97 7302 15 3 1 1.14 3152 33 1
 241 65 8009 4 1 1200001 1200001.14 3152
 257 33 8009 4 1 1200001 1200001.14 3808
 257 49 8009 4 1 1200001 1200001.14 3808
 257 65 8009 4 1 1200001 1200001.14 3808
 257 17 8009 4 1 1200001 1200001.14 3808
 257 81 8009 4 1 1200001 1200001.14 3808
 257 97 8009 4 1 1200001 1200001.14 3808
 257 113 8009 4 1 1200001 1200001.14 3808
 257 129 8009 4 1 1200001 1200001.14 3808
 257 145 8009 4 1 1200001 1200001.14 3808
 257 161 8009 4 1 1200001 1200001.14 3808
 257 17 16000 5 28 1100001 1100001.14 3808
 257 33 16000 5 28 1100001 1100001.14 3808
 257 49 16000 5 28 1100001 1100001.14 3808
 257 65 16000 5 28 1100001 1100001.14 3808
 257 81 16000 5 28 1100001 1100001.14 3808
 257 97 16000 5 28 1100001 1100001.14 3808
 257 113 16000 5 28 1100001 1100001.14 3808
 257 129 16000 5 28 1100001 1100001.14 3808
 257 161 16000 5 40 1100001 1100001.14 3808
 257 145 16000 5 40 1100001 1100001.14 3808
 257 65 7286 13 1 11 11.14 3808
 273 65 3151 3 7 1200001 1200001.14 3152
 273 81 3151 3 7 1200001 1200001.14 3152
 273 97 3151 3 7 1200001 1200001.14 3152
 273 113 3151 3 7 1200001 1200001.14 3152
 273 129 3151 3 7 1200001 1200001.14 3152
 273 49 3151 3 7 1200001 1200001.14 3152
 273 17 3151 3 7 1200001 1200001.14 3152
 273 33 3151 3 7 1200001 1200001.14 3152
 273 145 3151 3 10 1200001 1200001.14 3152
 273 161 3151 3 10 1200001 1200001.14 3152
 273 97 7290 12 17 11 11.14 3808
 273 113 7290 12 17 11 11.14 3808
 273 129 7290 12 17 11 11.14 3808
 273 145 3151 12 2 11 11.14 3152
 273 17 7290 12 17 11 11.14 3152
 273 33 7290 12 17 11 11.14 3152
 273 161 3151 12 11 11 11.14 3152
 289 17 3151 3 7 1200001 1200001.14 3152
 289 113 3151 3 7 1200001 1200001.14 3152
 289 113 3151 3 7 1200001 1200001.14 3152
 289 33 16212 3 9 1200001 1200001.14 16217
 289 129 3151 3 7 1200001 1200001.14 3152
 289 145 3151 3 10 1200001 1200001.14 3152
 289 161 3151 3 10 1200001 1200001.14 3152
 289 17 7290 12 17 11 11.14 3152
 289 97 7286 13 1 11 11.14 3808
 289 33 7286 13 1 11 11.14 3808
 289 49 7460 12 16 11 11.14 3808
 289 65 7286 13 1 11 11.14 3808
 289 129 7286 13 1 11 11.14 3808
 289 145 3151 12 2 11 11.14 3152
 289 161 7286 13 1 11 11.14 3152
 289 33 7545 14 1 1 1.14 3808 1 bla
 289 65 7322 16 2 1 1.14 3808 26 1
 289 129 7303 15 4 1 1.14 3808 37 1
 289 161 16134 14 7 1 0.14 3152 2
 305 113 3151 3 7 1200001 1200001.14 3152
 305 129 3151 3 7 1200001 1200001.14 3152
 305 145 3151 3 10 1200001 1200001.14 3152
 305 161 3151 3 10 1200001 1200001.14 3152
 305 17 3151 3 7 1200001 1200001.14 3152
 305 97 7460 12 16 11 11.14 3808
 305 145 3151 12 2 11 11.14 3152
 305 17 7290 12 17 11 11.14 3152
 321 129 3151 3 7 1200001 1200001.14 3152
 321 113 3151 3 7 1200001 1200001.14 3152
 321 145 3151 3 10 1200001 1200001.14 3152
 321 161 3151 3 10 1200001 1200001.14 3152
 321 17 3151 3 7 1200001 1200001.14 3152
 321 17 3151 3 7 1200001 1200001.14 3152
 321 17 3151 3 7 1200001 1200001.14 3152
 321 129 7286 13 1 11 11.14 3152
 321 97 7286 13 1 11 11.14 3152
 321 145 3151 12 2 11 11.14 3152
 321 161 7286 13 1 11 11.14 3152
 321 33 7286 13 1 11 11.14 3808
 321 17 7290 12 17 11 11.14 3808
 321 97 7544 18 2 1 1.14 3152 35 1
 321 33 7541 19 2 1 1.14 3808
 337 113 3151 3 7 1200001 1200001.14 3152
 337 129 3151 3 7 1200001 1200001.14 3152
 337 145 3151 3 10 1200001 1200001.14 3152
 337 17 3151 3 7 1200001 1200001.14 3152
 337 161 3151 3 10 1200001 1200001.14 3152
 337 65 7290 12 17 11 11.14 3808
 337 145 3151 12 2 11 11.14 3152
 337 129 7290 12 17 11 11.14 3152
 337 17 7290 12 17 11 11.14 3152
 353 113 3151 3 7 1200001 1200001.14 3152
 353 129 3151 3 7 1200001 1200001.14 3152
 353 145 3151 3 10 1200001 1200001.14 3152
 353 17 3151 3 7 1200001 1200001.14 3152
 353 161 3151 3 10 1200001 1200001.14 3152
 353 33 7286 13 1 11 11.14 3808
 353 65 7290 12 17 11 11.14 3152
 353 145 3151 12 2 11 11.14 3152
 353 81 7290 12 17 11 11.14 3152
 353 97 7290 12 17 11 11.14 3152
 353 113 7290 12 17 11 11.14 3152
 353 129 7290 12 17 11 11.14 3152
 353 17 7290 12 17 11 11.14 3152
 353 161 7286 13 1 11 11.14 3152
 353 33 7546 14 2 1 1.14 3808 1 bla
 353 161 16137 16 6 1 1.14 3152 45 1
 369 161 16000 3 4 1200001 1200001.14 3808
 369 33 3151 3 7 1200001 1200001.14 3152
 369 49 3151 3 7 1200001 1200001.14 3152
 369 145 3151 3 10 1200001 1200001.14 3152
 369 161 3151 3 10 1200001 1200001.14 3152
 369 65 3151 3 10 1200001 1200001.14 3152
 369 81 3151 3 10 1200001 1200001.14 3152
 369 97 3151 3 10 1200001 1200001.14 3152
 369 113 3151 3 10 1200001 1200001.14 3152
 369 129 3151 3 10 1200001 1200001.14 3152
 369 17 3151 3 7 1200001 1200001.14 3152
 369 145 3151 12 2 11 11.14 3152
 369 129 3151 12 2 11 11.14 3152
 369 113 3151 12 2 11 11.14 3152
 369 97 3151 12 2 11 11.14 3152
 369 81 3151 12 2 11 11.14 3152
 369 65 3151 12 2 11 11.14 3152
 369 49 7290 12 17 11 11.14 3152
 369 161 3151 12 11 11 11.14 3152
 385 33 3151 3 7 1200001 1200001.14 3152
 385 49 3151 3 7 1200001 1200001.14 3152
 385 17 3151 3 7 1200001 1200001.14 3152
 385 113 3151 3 10 1200001 1200001.14 3152
 385 129 3151 3 10 1200001 1200001.14 3152
 385 145 3151 3 10 1200001 1200001.14 3152
 385 161 3151 3 10 1200001 1200001.14 3152
 385 65 3151 3 10 1200001 1200001.14 3152
 385 81 3151 3 10 1200001 1200001.14 3152
 385 97 3151 3 10 1200001 1200001.14 3152
 385 49 7290 12 17 11 11.14 3152
 385 129 7286 13 1 11 11.14 3152
 385 161 7286 13 1 11 11.14 3152
 385 97 7286 13 1 11 11.14 3152
 385 65 7286 13 1 11 11.14 3152
 385 65 7315 16 3 1 1.14 3152 39 1
 385 129 15679 17 5 1 1.14 3152 40 1
 401 17 3151 3 7 1200001 1200001.14 3152
 401 33 3151 3 7 1200001 1200001.14 3152
 401 49 3151 3 10 1200001 1200001.14 3152
 401 81 3151 3 10 1200001 1200001.14 3152
 401 113 3151 3 10 1200001 1200001.14 3152
 401 145 3151 3 10 1200001 1200001.14 3152
 401 129 3151 3 10 1200001 1200001.14 3152
 401 161 3151 3 10 1200001 1200001.14 3152
 401 97 3151 3 10 1200001 1200001.14 3152
 401 65 3151 3 10 1200001 1200001.14 3152
 401 81 7287 12 8 11 11.14 3152
 401 145 7294 12 9 11 11.14 3152
 401 129 7294 12 9 11 11.14 3152
 401 49 3151 12 2 11 11.14 3152
 401 65 3151 12 2 11 11.14 3152
 401 33 7290 12 17 11 11.14 3152
 417 49 16000 3 4 1200001 1200001.14 3808
 417 81 16000 3 4 1200001 1200001.14 3808
 417 145 16000 3 4 1200001 1200001.14 3808
 417 113 16000 3 4 1200001 1200001.14 3808
 417 129 16000 3 4 1200001 1200001.14 3808
 417 17 3151 3 7 1200001 1200001.14 3152
 417 33 3151 3 7 1200001 1200001.14 3152
 417 145 3151 3 10 1200001 1200001.14 3152
 417 129 3151 3 10 1200001 1200001.14 3152
 417 113 3151 3 10 1200001 1200001.14 3152
 417 81 3151 3 10 1200001 1200001.14 3152
 417 49 3151 3 10 1200001 1200001.14 3152
 417 161 3151 3 10 1200001 1200001.14 3152
 417 97 3151 3 10 1200001 1200001.14 3152
 417 65 3151 3 10 1200001 1200001.14 3152
 417 81 16000 12 10 11 11.14 3808
 417 129 7294 12 9 11 11.14 3808
 417 49 3151 12 2 11 11.14 3152
 417 161 7286 13 1 11 11.14 3152
 417 97 7286 13 1 11 11.14 3152
 417 65 7286 13 1 11 11.14 3152
 417 33 7290 12 17 11 11.14 3152
 417 65 7546 14 2 1 1.14 3152 1 bla
 417 97 7304 15 5 1 1.14 3152 38 1
 417 145 15546 2 2 1 0.14 15548 42 1
 433 17 3151 3 7 1200001 1200001.14 3152
 433 33 3151 3 7 1200001 1200001.14 3152
 433 81 3151 3 10 1200001 1200001.14 3152
 433 113 3151 3 10 1200001 1200001.14 3152
 433 129 3151 3 10 1200001 1200001.14 3152
 433 145 3151 3 10 1200001 1200001.14 3152
 433 49 3151 3 10 1200001 1200001.14 3152
 433 161 3151 3 10 1200001 1200001.14 3152
 433 65 3151 3 10 1200001 1200001.14 3152
 433 97 3151 3 10 1200001 1200001.14 3152
 433 81 7287 12 8 11 11.14 3152
 433 129 7294 12 9 11 11.14 3152
 433 49 3151 12 2 11 11.14 3152
 433 33 7290 12 17 11 11.14 3152
 449 113 16000 3 4 1200001 1200001.14 3808
 449 129 16000 3 4 1200001 1200001.14 3808
 449 145 16000 3 4 1200001 1200001.14 3808
 449 17 3151 3 7 1200001 1200001.14 3152
 449 33 3151 3 7 1200001 1200001.14 3152
 449 145 3151 3 10 1200001 1200001.14 3152
 449 129 3151 3 10 1200001 1200001.14 3152
 449 113 3151 3 10 1200001 1200001.14 3152
 449 161 3151 3 10 1200001 1200001.14 3152
 449 49 3151 3 10 1200001 1200001.14 3152
 449 65 3151 3 10 1200001 1200001.14 3152
 449 81 3151 3 10 1200001 1200001.14 3152
 449 97 3151 3 10 1200001 1200001.14 3152
 449 145 7294 12 9 11 11.14 3808
 449 129 7294 12 9 11 11.14 3808
 449 161 7294 12 9 11 11.14 3152
 449 49 3151 12 2 11 11.14 3152
 449 97 7286 13 1 11 11.14 3152
 449 65 7286 13 1 11 11.14 3152
 449 33 7290 12 17 11 11.14 3152
