 -10 240 3436 0.42 1 1 1 1 1 2 2 301 0.42 1
-1
-1
-1
-1
-1
-1
-1
-1
-1
-1
-1
-1
-1
-1
-1
-1
-1
-1
-1
-1
-1
-1
y0
VoiD
 1 4721 3151 92 101 1.10 6.14 3152
 1 4753 3151 92 104 1.10 6.14 3152
 1 4737 3151 92 104 1.10 6.14 3152
 17 4721 3151 92 101 1.10 6.14 3152
 17 4753 3151 92 104 1.10 6.14 3152
 17 4737 3151 92 104 1.10 6.14 3152
 17 4689 3192 53 13 1.10 -5.86 3193
 33 4721 3151 92 101 1.10 6.14 3152
 33 4753 3151 92 104 1.10 6.14 3152
 33 4737 3151 92 104 1.10 6.14 3152
 49 4721 3151 92 101 1.10 6.14 3152
 49 4753 3151 92 104 1.10 6.14 3152
 49 4737 3151 92 104 1.10 6.14 3152
 65 4721 3151 92 108 1.10 6.14 3152
 65 4737 3151 92 110 1.10 6.14 3152
 65 4753 3151 92 110 1.10 6.14 3152
 81 4657 3151 75 19 6.10 6.14 3152
 81 4673 3151 75 22 6.10 6.14 3152
 81 4689 3151 75 22 6.10 6.14 3152
 81 4705 3151 75 22 6.10 6.14 3152
 81 4721 3151 75 22 6.10 6.14 3152
 81 4737 3151 75 22 6.10 6.14 3152
 81 4753 3151 75 22 6.10 6.14 3152
 81 4609 3151 67 1 1.10 1.14 3152
 81 4593 3151 67 1 1.10 1.14 3152
 97 4657 3151 75 20 6.10 6.14 3152
 97 4753 3151 75 23 6.10 6.14 3152
 97 4737 3151 75 23 6.10 6.14 3152
 97 4721 3151 75 23 6.10 6.14 3152
 97 4705 3151 75 23 6.10 6.14 3152
 97 4689 3151 75 23 6.10 6.14 3152
 97 4673 3151 75 23 6.10 6.14 3152
 97 4593 3151 67 1 1.10 1.14 3152
 97 4609 3151 67 1 1.10 1.14 3152
 113 4657 3151 75 20 6.10 6.14 3152
 113 4753 3151 75 23 6.10 6.14 3152
 113 4721 3151 75 23 6.10 6.14 3152
 113 4737 3151 75 23 6.10 6.14 3152
 113 4673 3151 75 23 6.10 6.14 3152
 113 4705 3151 75 23 6.10 6.14 3152
 113 4689 3151 75 23 6.10 6.14 3152
 113 4641 3151 90 6 1.10 1.14 3152
 129 4657 3151 75 20 6.10 6.14 3152
 129 4753 3151 75 23 6.10 6.14 3152
 129 4737 3151 75 23 6.10 6.14 3152
 129 4721 3151 75 23 6.10 6.14 3152
 129 4673 3151 75 23 6.10 6.14 3152
 129 4705 3151 75 23 6.10 6.14 3152
 129 4689 3151 75 23 6.10 6.14 3152
 129 4625 3192 51 1 1.10 1.14 3193 0
 145 4657 3151 75 20 6.10 6.14 3152
 145 4753 3151 75 23 6.10 6.14 3152
 145 4737 3151 75 23 6.10 6.14 3152
 145 4721 3151 75 23 6.10 6.14 3152
 145 4673 3151 75 23 6.10 6.14 3152
 145 4689 3151 75 23 6.10 6.14 3152
 145 4705 3151 75 23 6.10 6.14 3152
 145 4609 3151 67 1 1.10 1.14 3152
 145 4593 3151 67 1 1.10 1.14 3152
 161 4657 3151 75 21 6.10 6.14 3152
 161 4753 3151 75 24 6.10 6.14 3152
 161 4737 3151 75 24 6.10 6.14 3152
 161 4721 3151 75 24 6.10 6.14 3152
 161 4705 3151 75 24 6.10 6.14 3152
 161 4689 3151 75 24 6.10 6.14 3152
 161 4673 3151 75 24 6.10 6.14 3152
 161 4593 3151 67 1 1.10 1.14 3152
 161 4609 3151 67 1 1.10 1.14 3152
 177 4721 3151 92 106 1.10 6.14 3152
 177 4737 3151 92 109 1.10 6.14 3152
 177 4753 3151 92 109 1.10 6.14 3152
 193 4721 3151 92 101 1.10 6.14 3152
 193 4753 3151 92 104 1.10 6.14 3152
 193 4737 3151 92 104 1.10 6.14 3152
 209 4721 3151 92 101 1.10 6.14 3152
 209 4753 3151 92 104 1.10 6.14 3152
 209 4737 3151 92 104 1.10 6.14 3152
 225 4721 3151 92 101 1.10 6.14 3152
 225 4753 3151 92 104 1.10 6.14 3152
 225 4737 3151 92 104 1.10 6.14 3152
 225 4689 3192 53 13 1.10 -5.86 3193
 241 4721 3151 92 101 1.10 6.14 3152
 241 4737 3151 92 104 1.10 6.14 3152
 241 4753 3151 92 104 1.10 6.14 3152
 257 4529 3151 96 1 -13.90 -13.86 3152
 257 4545 3151 96 1 -13.90 -13.86 3152
 257 4721 3151 92 101 1.10 6.14 3152
 257 4753 3151 92 104 1.10 6.14 3152
 257 4737 3151 92 104 1.10 6.14 3152
 257 4705 3151 96 1 -13.90 -13.86 3152
 257 4689 3151 96 1 -13.90 -13.86 3152
 257 4673 3151 96 1 -13.90 -13.86 3152
 257 4657 3151 96 1 -13.90 -13.86 3152
 257 4641 3151 96 1 -13.90 -13.86 3152
 257 4625 3151 96 1 -13.90 -13.86 3152
 257 4609 3151 96 1 -13.90 -13.86 3152
 257 4577 3151 96 1 -13.90 -13.86 3152
 257 4561 3151 96 1 -13.90 -13.86 3152
 257 4593 3151 96 1 -13.90 -13.86 3152
 257 4721 3151 96 1 -13.90 -13.86 3152
 257 4737 3151 96 1 -13.90 -13.86 3152
 257 4753 3151 96 1 -13.90 -13.86 3152
 273 4721 3151 92 101 1.10 6.14 3152
 273 4753 3151 92 104 1.10 6.14 3152
 273 4737 3151 92 104 1.10 6.14 3152
 289 4721 3151 92 114 1.10 6.14 3152
 289 4753 3151 92 104 1.10 6.14 3152
 289 4737 3151 92 111 1.10 6.14 3152
 305 4737 3151 92 114 1.10 6.14 3152
 305 4753 3151 92 111 1.10 6.14 3152
 305 4673 3151 67 1 1.10 1.14 3152
 321 4753 3151 92 101 1.10 6.14 3152
 321 4641 3151 67 1 1.10 1.14 3152
 337 4753 3151 92 101 1.10 6.14 3152
 353 4737 3151 92 103 1.10 6.14 3152
 353 4721 3151 92 103 1.10 6.14 3152
 353 4705 3151 92 103 1.10 6.14 3152
 353 4689 3151 92 103 1.10 6.14 3152
 353 4673 3151 92 100 1.10 6.14 3152
 353 4753 3151 92 112 1.10 6.14 3152
 353 4625 3151 67 1 1.10 1.14 3152
 369 4673 3151 92 101 1.10 6.14 3152
 369 4753 3151 92 104 1.10 6.14 3152
 369 4737 3151 92 104 1.10 6.14 3152
 369 4721 3151 92 104 1.10 6.14 3152
 369 4705 3151 92 104 1.10 6.14 3152
 369 4689 3151 92 104 1.10 6.14 3152
 385 4673 3151 92 101 1.10 6.14 3152
 385 4689 3151 92 104 1.10 6.14 3152
 385 4705 3151 92 104 1.10 6.14 3152
 385 4721 3151 92 104 1.10 6.14 3152
 385 4737 3151 92 104 1.10 6.14 3152
 385 4753 3151 92 104 1.10 6.14 3152
 385 4625 3151 59 1 1.10 1.14 3152
 401 4673 3151 92 101 1.10 6.14 3152
 401 4689 3151 92 104 1.10 6.14 3152
 401 4705 3151 92 104 1.10 6.14 3152
 401 4721 3151 92 104 1.10 6.14 3152
 401 4737 3151 92 104 1.10 6.14 3152
 401 4753 3151 92 104 1.10 6.14 3152
 417 4673 3151 92 102 1.10 6.14 3152
 417 4689 3151 92 105 1.10 6.14 3152
 417 4705 3151 92 105 1.10 6.14 3152
 417 4721 3151 92 111 1.10 6.14 3152
 417 4737 3151 92 104 1.10 6.14 3152
 417 4753 3151 92 104 1.10 6.14 3152
 433 4721 3151 92 101 1.10 6.14 3152
 433 4737 3151 92 104 1.10 6.14 3152
 433 4753 3151 92 104 1.10 6.14 3152
 449 4721 3151 92 108 1.10 6.14 3152
 449 4737 3151 92 110 1.10 6.14 3152
 449 4753 3151 92 110 1.10 6.14 3152
 481 4513 3151 96 1 -13.90 -13.86 3152
 481 4529 3151 96 1 -13.90 -13.86 3152
 481 4545 3151 96 1 -13.90 -13.86 3152
 481 4705 3151 96 1 -13.90 -13.86 3152
 481 4689 3151 96 1 -13.90 -13.86 3152
 481 4673 3151 96 1 -13.90 -13.86 3152
 481 4657 3151 96 1 -13.90 -13.86 3152
 481 4609 3151 96 1 -13.90 -13.86 3152
 481 4593 3151 96 1 -13.90 -13.86 3152
 481 4577 3151 96 1 -13.90 -13.86 3152
 481 4561 3151 96 1 -13.90 -13.86 3152
 481 4625 3151 96 1 -13.90 -13.86 3152
 481 4641 3151 96 1 -13.90 -13.86 3152
 497 4689 3151 75 19 6.10 6.14 3152
 497 4705 3151 75 22 6.10 6.14 3152
 497 4721 3151 75 22 6.10 6.14 3152
 497 4737 3151 75 22 6.10 6.14 3152
 497 4753 3151 75 22 6.10 6.14 3152
 513 4689 3151 75 20 6.10 6.14 3152
 513 4737 3151 75 23 6.10 6.14 3152
 513 4721 3151 75 23 6.10 6.14 3152
 513 4705 3151 75 23 6.10 6.14 3152
 513 4753 3151 75 23 6.10 6.14 3152
 529 4689 3151 75 20 6.10 6.14 3152
 529 4753 3151 75 23 6.10 6.14 3152
 529 4705 3151 75 23 6.10 6.14 3152
 529 4737 3151 75 23 6.10 6.14 3152
 529 4721 3151 75 23 6.10 6.14 3152
 529 4657 3192 53 13 1.10 -5.86 3193
 545 4689 3151 75 20 6.10 6.14 3152
 545 4705 3151 75 23 6.10 6.14 3152
 545 4721 3151 75 23 6.10 6.14 3152
 545 4737 3151 75 23 6.10 6.14 3152
 545 4753 3151 75 23 6.10 6.14 3152
 545 4641 3151 67 1 1.10 1.14 3152
 545 4625 3151 67 1 1.10 1.14 3152
 561 4689 3151 75 21 6.10 6.14 3152
 561 4705 3151 75 24 6.10 6.14 3152
 561 4721 3151 75 24 6.10 6.14 3152
 561 4737 3151 75 24 6.10 6.14 3152
 561 4753 3151 75 24 6.10 6.14 3152
 561 4625 3151 67 1 1.10 1.14 3152
 561 4641 3151 67 1 1.10 1.14 3152
 577 4705 3151 64 1 6.10 6.14 3152
 577 4721 3151 64 2 6.10 6.14 3152
 593 4705 3151 64 1 6.10 6.14 3152
 593 4721 3151 64 2 6.10 6.14 3152
 609 4705 3151 64 1 6.10 6.14 3152
 609 4721 3151 64 2 6.10 6.14 3152
 609 4705 3151 90 6 1.10 1.14 3152
 625 4705 3151 64 1 6.10 6.14 3152
 625 4721 3151 64 2 6.10 6.14 3152
 625 4689 3192 51 1 1.10 1.14 3193 1
 641 4705 3151 64 1 6.10 6.14 3152
 641 4721 3151 64 2 6.10 6.14 3152
 657 4721 3151 75 30 6.10 6.14 3152
 673 4721 3151 75 31 6.10 6.14 3152
 673 4673 3151 67 1 1.10 1.14 3152
 673 4657 3151 67 1 1.10 1.14 3152
 689 4721 3151 75 31 6.10 6.14 3152
 689 4737 3151 75 33 6.10 6.14 3152
 689 4753 3151 75 34 6.10 6.14 3152
 689 4657 3151 67 1 1.10 1.14 3152
 689 4673 3151 67 1 1.10 1.14 3152
 705 4721 3151 75 31 6.10 6.14 3152
 721 4721 3151 75 32 6.10 6.14 3152
 721 4657 3151 75 30 6.10 6.14 3152
 737 4657 3151 75 31 6.10 6.14 3152
 737 4625 3192 53 13 1.10 -5.86 3193
 753 4737 3151 75 34 6.10 6.14 3152
 753 4753 3151 75 34 6.10 6.14 3152
 753 4721 3151 75 34 6.10 6.14 3152
 753 4705 3151 75 34 6.10 6.14 3152
 753 4689 3151 75 34 6.10 6.14 3152
 753 4673 3151 75 33 6.10 6.14 3152
 753 4657 3151 75 31 6.10 6.14 3152
 753 4609 3151 96 1 -13.90 -13.86 3152
 753 4593 3151 96 1 -13.90 -13.86 3152
 753 4577 3151 96 1 -13.90 -13.86 3152
 753 4561 3151 96 1 -13.90 -13.86 3152
 753 4753 3151 96 1 -13.90 -13.86 3152
 753 4737 3151 96 1 -13.90 -13.86 3152
 753 4721 3151 96 1 -13.90 -13.86 3152
 753 4705 3151 96 1 -13.90 -13.86 3152
 753 4689 3151 96 1 -13.90 -13.86 3152
 753 4673 3151 96 1 -13.90 -13.86 3152
 753 4657 3151 96 1 -13.90 -13.86 3152
 753 4641 3151 96 1 -13.90 -13.86 3152
 753 4625 3151 96 1 -13.90 -13.86 3152
 753 4497 3151 96 1 -13.90 -13.86 3152
 753 4513 3151 96 1 -13.90 -13.86 3152
 753 4529 3151 96 1 -13.90 -13.86 3152
 753 4545 3151 96 1 -13.90 -13.86 3152
 769 4657 3151 75 31 6.10 6.14 3152
 785 4657 3151 75 32 6.10 6.14 3152
 801 4609 3151 67 1 1.10 1.14 3152
 817 4609 3151 59 1 1.10 1.14 3152
 833 4705 3151 92 100 1.10 6.14 3152
 833 4721 3151 92 103 1.10 6.14 3152
 833 4737 3151 92 103 1.10 6.14 3152
 833 4753 3151 92 103 1.10 6.14 3152
 833 4609 3151 67 1 1.10 1.14 3152
 849 4689 3151 92 121 1.10 6.14 3152
 849 4705 3151 92 125 1.10 6.14 3152
 849 4753 3151 92 104 1.10 6.14 3152
 849 4721 3151 92 104 1.10 6.14 3152
 849 4737 3151 92 104 1.10 6.14 3152
 865 4689 3151 92 122 1.10 6.14 3152
 865 4705 3151 92 126 1.10 6.14 3152
 865 4753 3151 92 104 1.10 6.14 3152
 865 4737 3151 92 104 1.10 6.14 3152
 865 4721 3151 92 104 1.10 6.14 3152
 881 4689 3151 92 123 1.10 6.14 3152
 881 4753 3151 92 104 1.10 6.14 3152
 881 4737 3151 92 104 1.10 6.14 3152
 881 4721 3151 92 104 1.10 6.14 3152
 881 4705 3151 92 104 1.10 6.14 3152
 881 4641 3151 67 1 1.10 1.14 3152
 897 4689 3151 92 124 1.10 6.14 3152
 897 4753 3151 92 104 1.10 6.14 3152
 897 4737 3151 92 104 1.10 6.14 3152
 897 4705 3151 92 104 1.10 6.14 3152
 897 4721 3151 92 104 1.10 6.14 3152
 913 4673 3151 92 103 1.10 6.14 3152
 913 4657 3151 92 103 1.10 6.14 3152
 913 4641 3151 92 113 1.10 6.14 3152
 913 4689 3151 92 112 1.10 6.14 3152
 913 4753 3151 92 104 1.10 6.14 3152
 913 4705 3151 92 104 1.10 6.14 3152
 913 4721 3151 92 104 1.10 6.14 3152
 913 4737 3151 92 104 1.10 6.14 3152
 913 4609 3151 67 1 1.10 1.14 3152
 929 4641 3151 92 101 1.10 6.14 3152
 929 4753 3151 92 104 1.10 6.14 3152
 929 4737 3151 92 104 1.10 6.14 3152
 929 4721 3151 92 104 1.10 6.14 3152
 929 4705 3151 92 104 1.10 6.14 3152
 929 4689 3151 92 104 1.10 6.14 3152
 929 4673 3151 92 104 1.10 6.14 3152
 929 4657 3151 92 104 1.10 6.14 3152
