 -10 1247 3457 0.42 1 1 1 1 1 2 2 301 0.42 1
hellomario E tileset.png
-1
-1
-1
-1
-1
-1
-1
-1
-1
-1
-1
-1
-1
-1
-1
-1
-1
-1
-1
-1
-1
y0
VoiD
 1 4513 3151 93 101 1.10 6.14 3152
 1 4529 3151 93 101 1.10 6.14 3152
 1 4545 3151 93 101 1.10 6.14 3152
 1 4497 3151 93 101 1.10 6.14 3152
 1 4753 3151 93 101 1.10 6.14 3152
 1 4737 3151 93 101 1.10 6.14 3152
 1 4721 3151 93 101 1.10 6.14 3152
 1 4705 3151 93 101 1.10 6.14 3152
 1 4689 3151 93 101 1.10 6.14 3152
 1 4673 3151 93 101 1.10 6.14 3152
 1 4657 3151 93 101 1.10 6.14 3152
 1 4641 3151 93 101 1.10 6.14 3152
 1 4625 3151 93 101 1.10 6.14 3152
 1 4609 3151 93 101 1.10 6.14 3152
 1 4593 3151 93 101 1.10 6.14 3152
 1 4577 3151 93 101 1.10 6.14 3152
 1 4561 3151 93 101 1.10 6.14 3152
 17 4513 3151 93 101 1.10 6.14 3152
 17 4529 3151 93 101 1.10 6.14 3152
 17 4545 3151 93 101 1.10 6.14 3152
 17 4497 3151 93 101 1.10 6.14 3152
 17 4753 3151 93 101 1.10 6.14 3152
 17 4737 3151 93 101 1.10 6.14 3152
 17 4721 3151 93 114 1.10 6.14 3152
 17 4705 3151 93 102 1.10 6.14 3152
 17 4689 3151 93 102 1.10 6.14 3152
 17 4673 3151 93 102 1.10 6.14 3152
 17 4657 3151 93 102 1.10 6.14 3152
 17 4641 3151 93 102 1.10 6.14 3152
 17 4625 3151 93 102 1.10 6.14 3152
 17 4609 3151 93 111 1.10 6.14 3152
 17 4561 3151 93 101 1.10 6.14 3152
 17 4577 3151 93 101 1.10 6.14 3152
 17 4593 3151 93 101 1.10 6.14 3152
 33 4513 3151 93 101 1.10 6.14 3152
 33 4529 3151 93 101 1.10 6.14 3152
 33 4545 3151 93 101 1.10 6.14 3152
 33 4497 3151 93 101 1.10 6.14 3152
 33 4753 3151 93 101 1.10 6.14 3152
 33 4737 3151 93 101 1.10 6.14 3152
 33 4721 3151 93 98 1.10 6.14 3152
 33 4561 3151 93 101 1.10 6.14 3152
 33 4577 3151 93 101 1.10 6.14 3152
 33 4593 3151 93 101 1.10 6.14 3152
 33 4625 3694 69 1 1.10 -4.86 3695
 33 4609 3694 70 18 1.10 -5.86 3695 0
 49 4513 3151 93 101 1.10 6.14 3152
 49 4529 3151 93 101 1.10 6.14 3152
 49 4545 3151 93 101 1.10 6.14 3152
 49 4497 3151 93 101 1.10 6.14 3152
 49 4753 3151 93 101 1.10 6.14 3152
 49 4737 3151 93 101 1.10 6.14 3152
 49 4721 3151 93 98 1.10 6.14 3152
 49 4561 3151 93 101 1.10 6.14 3152
 49 4577 3151 93 101 1.10 6.14 3152
 49 4593 3151 93 101 1.10 6.14 3152
 65 4513 3151 93 101 1.10 6.14 3152
 65 4529 3151 93 101 1.10 6.14 3152
 65 4545 3151 93 101 1.10 6.14 3152
 65 4497 3151 93 101 1.10 6.14 3152
 65 4753 3151 93 101 1.10 6.14 3152
 65 4737 3151 93 101 1.10 6.14 3152
 65 4721 3151 93 98 1.10 6.14 3152
 65 4609 3151 93 112 1.10 6.14 3152
 65 4561 3151 93 101 1.10 6.14 3152
 65 4577 3151 93 101 1.10 6.14 3152
 65 4593 3151 93 101 1.10 6.14 3152
 65 4625 3151 93 103 1.10 6.14 3152
 65 4705 3151 53 1 1.10 -5.86 3152
 81 4545 3151 93 101 1.10 6.14 3152
 81 4529 3151 93 101 1.10 6.14 3152
 81 4513 3151 93 101 1.10 6.14 3152
 81 4497 3151 93 101 1.10 6.14 3152
 81 4753 3151 93 102 1.10 6.14 3152
 81 4737 3151 93 102 1.10 6.14 3152
 81 4721 3151 93 99 1.10 6.14 3152
 81 4625 3151 93 104 1.10 6.14 3152
 81 4609 3151 93 101 1.10 6.14 3152
 81 4593 3151 93 101 1.10 6.14 3152
 81 4577 3151 93 101 1.10 6.14 3152
 81 4561 3151 93 101 1.10 6.14 3152
 97 4545 3151 93 101 1.10 6.14 3152
 97 4529 3151 93 101 1.10 6.14 3152
 97 4513 3151 93 101 1.10 6.14 3152
 97 4497 3151 93 101 1.10 6.14 3152
 97 4625 3151 93 104 1.10 6.14 3152
 97 4609 3151 93 101 1.10 6.14 3152
 97 4593 3151 93 101 1.10 6.14 3152
 97 4577 3151 93 101 1.10 6.14 3152
 97 4561 3151 93 101 1.10 6.14 3152
 113 4545 3151 93 101 1.10 6.14 3152
 113 4529 3151 93 101 1.10 6.14 3152
 113 4513 3151 93 101 1.10 6.14 3152
 113 4497 3151 93 101 1.10 6.14 3152
 113 4625 3151 93 136 1.10 6.14 3152
 113 4609 3151 93 111 1.10 6.14 3152
 113 4593 3151 93 101 1.10 6.14 3152
 113 4577 3151 93 101 1.10 6.14 3152
 113 4561 3151 93 101 1.10 6.14 3152
 129 4545 3151 93 101 1.10 6.14 3152
 129 4529 3151 93 101 1.10 6.14 3152
 129 4513 3151 93 101 1.10 6.14 3152
 129 4497 3151 93 101 1.10 6.14 3152
 129 4609 3151 93 104 1.10 6.14 3152
 129 4593 3151 93 101 1.10 6.14 3152
 129 4577 3151 93 101 1.10 6.14 3152
 129 4561 3151 93 101 1.10 6.14 3152
 145 4545 3151 93 101 1.10 6.14 3152
 145 4529 3151 93 101 1.10 6.14 3152
 145 4513 3151 93 101 1.10 6.14 3152
 145 4497 3151 93 101 1.10 6.14 3152
 145 4753 3151 93 100 1.10 6.14 3152
 145 4737 3151 93 100 1.10 6.14 3152
 145 4721 3151 93 97 1.10 6.14 3152
 145 4609 3151 93 104 1.10 6.14 3152
 145 4593 3151 93 101 1.10 6.14 3152
 145 4577 3151 93 101 1.10 6.14 3152
 145 4561 3151 93 101 1.10 6.14 3152
 161 4545 3151 93 101 1.10 6.14 3152
 161 4529 3151 93 101 1.10 6.14 3152
 161 4513 3151 93 101 1.10 6.14 3152
 161 4497 3151 93 101 1.10 6.14 3152
 161 4753 3151 93 101 1.10 6.14 3152
 161 4737 3151 93 101 1.10 6.14 3152
 161 4721 3151 93 98 1.10 6.14 3152
 161 4609 3151 93 104 1.10 6.14 3152
 161 4593 3151 93 101 1.10 6.14 3152
 161 4577 3151 93 101 1.10 6.14 3152
 161 4561 3151 93 101 1.10 6.14 3152
 161 4705 3694 69 2 1.10 -4.86 3695
 161 4689 3694 69 1 1.10 -4.86 3695
 161 4657 3196 55 19 1.10 -5.86 3197
 177 4545 3151 93 101 1.10 6.14 3152
 177 4529 3151 93 101 1.10 6.14 3152
 177 4513 3151 93 101 1.10 6.14 3152
 177 4497 3151 93 101 1.10 6.14 3152
 177 4561 3151 93 101 1.10 6.14 3152
 177 4753 3151 93 101 1.10 6.14 3152
 177 4577 3151 93 101 1.10 6.14 3152
 177 4593 3151 93 101 1.10 6.14 3152
 177 4737 3151 93 101 1.10 6.14 3152
 177 4721 3151 93 98 1.10 6.14 3152
 177 4625 3151 93 135 1.10 6.14 3152
 177 4609 3151 93 112 1.10 6.14 3152
 193 4289 3151 93 101 1.10 6.14 3152
 193 4305 3151 93 101 1.10 6.14 3152
 193 4321 3151 93 101 1.10 6.14 3152
 193 4337 3151 93 101 1.10 6.14 3152
 193 4353 3151 93 101 1.10 6.14 3152
 193 4369 3151 93 101 1.10 6.14 3152
 193 4385 3151 93 101 1.10 6.14 3152
 193 4401 3151 93 101 1.10 6.14 3152
 193 4417 3151 93 101 1.10 6.14 3152
 193 4433 3151 93 101 1.10 6.14 3152
 193 4449 3151 93 101 1.10 6.14 3152
 193 4465 3151 93 101 1.10 6.14 3152
 193 4481 3151 93 101 1.10 6.14 3152
 193 4545 3151 93 101 1.10 6.14 3152
 193 4529 3151 93 101 1.10 6.14 3152
 193 4513 3151 93 101 1.10 6.14 3152
 193 4497 3151 93 101 1.10 6.14 3152
 193 4561 3151 93 101 1.10 6.14 3152
 193 4753 3151 93 101 1.10 6.14 3152
 193 4577 3151 93 101 1.10 6.14 3152
 193 4593 3151 93 101 1.10 6.14 3152
 193 4737 3151 93 101 1.10 6.14 3152
 193 4721 3151 93 98 1.10 6.14 3152
 193 4625 3151 93 104 1.10 6.14 3152
 193 4609 3151 93 101 1.10 6.14 3152
 209 4289 3151 93 101 1.10 6.14 3152
 209 4273 3151 93 101 1.10 6.14 3152
 209 4305 3151 93 101 1.10 6.14 3152
 209 4321 3151 93 101 1.10 6.14 3152
 209 4337 3151 93 101 1.10 6.14 3152
 209 4353 3151 93 101 1.10 6.14 3152
 209 4369 3151 93 101 1.10 6.14 3152
 209 4385 3151 93 101 1.10 6.14 3152
 209 4401 3151 93 101 1.10 6.14 3152
 209 4481 3151 93 101 1.10 6.14 3152
 209 4497 3151 93 101 1.10 6.14 3152
 209 4545 3151 93 101 1.10 6.14 3152
 209 4529 3151 93 101 1.10 6.14 3152
 209 4513 3151 93 101 1.10 6.14 3152
 209 4417 3693 93 143 1.10 6.14 3694
 209 4257 3151 93 101 1.10 6.14 3152
 209 4241 3151 93 101 1.10 6.14 3152
 209 4225 3151 93 101 1.10 6.14 3152
 209 4561 3151 93 101 1.10 6.14 3152
 209 4753 3151 93 101 1.10 6.14 3152
 209 4577 3151 93 101 1.10 6.14 3152
 209 4593 3151 93 101 1.10 6.14 3152
 209 4737 3151 93 101 1.10 6.14 3152
 209 4721 3151 93 99 1.10 6.14 3152
 209 4625 3151 93 136 1.10 6.14 3152
 209 4609 3151 93 111 1.10 6.14 3152
 225 4273 3151 93 101 1.10 6.14 3152
 225 4289 3151 93 101 1.10 6.14 3152
 225 4305 3151 93 101 1.10 6.14 3152
 225 4481 3151 93 101 1.10 6.14 3152
 225 4497 3151 93 101 1.10 6.14 3152
 225 4513 3151 93 101 1.10 6.14 3152
 225 4545 3151 93 101 1.10 6.14 3152
 225 4529 3151 93 101 1.10 6.14 3152
 225 4321 3195 93 144 1.10 6.14 3196
 225 4257 3151 93 101 1.10 6.14 3152
 225 4241 3151 93 101 1.10 6.14 3152
 225 4225 3151 93 101 1.10 6.14 3152
 225 4561 3151 93 101 1.10 6.14 3152
 225 4753 3151 93 101 1.10 6.14 3152
 225 4577 3151 93 101 1.10 6.14 3152
 225 4593 3151 93 111 1.10 6.14 3152
 225 4737 3151 93 98 1.10 6.14 3152
 225 4609 3151 93 136 1.10 6.14 3152
 241 4273 3151 93 101 1.10 6.14 3152
 241 4289 3151 93 101 1.10 6.14 3152
 241 4305 3151 93 101 1.10 6.14 3152
 241 4481 3151 93 101 1.10 6.14 3152
 241 4497 3151 93 101 1.10 6.14 3152
 241 4513 3151 93 101 1.10 6.14 3152
 241 4529 3151 93 101 1.10 6.14 3152
 241 4545 3151 93 101 1.10 6.14 3152
 241 4257 3151 93 101 1.10 6.14 3152
 241 4241 3151 93 101 1.10 6.14 3152
 241 4225 3151 93 101 1.10 6.14 3152
 241 4561 3151 93 101 1.10 6.14 3152
 241 4753 3151 93 101 1.10 6.14 3152
 241 4577 3151 93 111 1.10 6.14 3152
 241 4593 3151 93 136 1.10 6.14 3152
 241 4737 3151 93 113 1.10 6.14 3152
 241 4721 3151 93 115 1.10 6.14 3152
 257 4225 3195 93 144 1.10 6.14 3196
 257 4481 3151 93 101 1.10 6.14 3152
 257 4497 3151 93 101 1.10 6.14 3152
 257 4513 3151 93 101 1.10 6.14 3152
 257 4529 3151 93 101 1.10 6.14 3152
 257 4545 3151 93 101 1.10 6.14 3152
 257 4561 3151 93 111 1.10 6.14 3152
 257 4753 3151 93 101 1.10 6.14 3152
 257 4577 3151 93 136 1.10 6.14 3152
 257 4737 3151 93 101 1.10 6.14 3152
 257 4721 3151 93 127 1.10 6.14 3152
 257 4705 3151 93 123 1.10 6.14 3152
 273 4417 3151 93 101 1.10 6.14 3152
 273 4433 3151 93 101 1.10 6.14 3152
 273 4449 3151 93 101 1.10 6.14 3152
 273 4465 3151 93 101 1.10 6.14 3152
 273 4481 3151 93 101 1.10 6.14 3152
 273 4497 3151 93 101 1.10 6.14 3152
 273 4513 3151 93 101 1.10 6.14 3152
 273 4529 3151 93 101 1.10 6.14 3152
 273 4545 3151 93 111 1.10 6.14 3152
 273 4561 3151 93 136 1.10 6.14 3152
 273 4753 3151 93 101 1.10 6.14 3152
 273 4737 3151 93 101 1.10 6.14 3152
 273 4721 3151 93 128 1.10 6.14 3152
 273 4705 3151 93 124 1.10 6.14 3152
 289 4417 3151 93 101 1.10 6.14 3152
 289 4433 3151 93 101 1.10 6.14 3152
 289 4449 3151 93 101 1.10 6.14 3152
 289 4465 3151 93 101 1.10 6.14 3152
 289 4481 3151 93 101 1.10 6.14 3152
 289 4497 3151 93 101 1.10 6.14 3152
 289 4513 3151 93 101 1.10 6.14 3152
 289 4529 3151 93 140 1.10 6.14 3152
 289 4545 3151 93 136 1.10 6.14 3152
 289 4753 3151 93 101 1.10 6.14 3152
 289 4737 3151 93 101 1.10 6.14 3152
 289 4721 3151 93 101 1.10 6.14 3152
 289 4705 3151 93 125 1.10 6.14 3152
 305 4417 3151 93 101 1.10 6.14 3152
 305 4433 3151 93 101 1.10 6.14 3152
 305 4449 3151 93 101 1.10 6.14 3152
 305 4465 3151 93 101 1.10 6.14 3152
 305 4481 3151 93 101 1.10 6.14 3152
 305 4497 3151 93 101 1.10 6.14 3152
 305 4513 3151 93 101 1.10 6.14 3152
 305 4529 3151 93 141 1.10 6.14 3152
 305 4753 3151 93 101 1.10 6.14 3152
 305 4737 3151 93 101 1.10 6.14 3152
 305 4721 3151 93 101 1.10 6.14 3152
 305 4705 3151 93 126 1.10 6.14 3152
 321 4321 3151 93 101 1.10 6.14 3152
 321 4337 3151 93 101 1.10 6.14 3152
 321 4353 3151 93 111 1.10 6.14 3152
 321 4369 3151 93 102 1.10 6.14 3152
 321 4385 3151 93 102 1.10 6.14 3152
 321 4401 3151 93 102 1.10 6.14 3152
 321 4417 3151 93 102 1.10 6.14 3152
 321 4433 3151 93 102 1.10 6.14 3152
 321 4449 3151 93 114 1.10 6.14 3152
 321 4465 3151 93 101 1.10 6.14 3152
 321 4481 3151 93 101 1.10 6.14 3152
 321 4497 3151 93 101 1.10 6.14 3152
 321 4513 3151 93 140 1.10 6.14 3152
 321 4529 3151 93 142 1.10 6.14 3152
 321 4753 3151 93 101 1.10 6.14 3152
 321 4737 3151 93 101 1.10 6.14 3152
 321 4721 3151 93 101 1.10 6.14 3152
 321 4705 3151 93 98 1.10 6.14 3152
 337 4321 3151 93 101 1.10 6.14 3152
 337 4337 3151 93 111 1.10 6.14 3152
 337 4353 3151 93 136 1.10 6.14 3152
 337 4449 3151 93 98 1.10 6.14 3152
 337 4465 3151 93 101 1.10 6.14 3152
 337 4481 3151 93 101 1.10 6.14 3152
 337 4497 3151 93 101 1.10 6.14 3152
 337 4513 3151 93 141 1.10 6.14 3152
 337 4401 3694 70 1 1.10 -4.86 3695
 337 4433 3694 70 2 1.10 -4.86 3695 28 1.1
 337 4417 3694 70 17 1.10 -5.86 3695 1.2
 337 4753 3151 93 101 1.10 6.14 3152
 337 4737 3151 93 101 1.10 6.14 3152
 337 4721 3151 93 101 1.10 6.14 3152
 337 4705 3151 93 98 1.10 6.14 3152
 337 4641 3151 59 1 1.10 1.14 3152
 337 4641 3151 67 2 0.10 0.14 3152
 353 4321 3151 93 111 1.10 6.14 3152
 353 4225 3195 93 144 1.10 6.14 3196
 353 4337 3151 93 136 1.10 6.14 3152
 353 4449 3151 93 98 1.10 6.14 3152
 353 4465 3151 93 101 1.10 6.14 3152
 353 4481 3151 93 101 1.10 6.14 3152
 353 4497 3151 93 140 1.10 6.14 3152
 353 4513 3151 93 142 1.10 6.14 3152
 353 4753 3151 93 101 1.10 6.14 3152
 353 4737 3151 93 101 1.10 6.14 3152
 353 4721 3151 93 101 1.10 6.14 3152
 353 4705 3151 93 98 1.10 6.14 3152
 353 4641 3151 60 3 1.10 1.14 3152
 353 4673 3192 53 5 1.10 -5.86 3193
 369 4321 3151 93 104 1.10 6.14 3152
 369 4449 3151 93 98 1.10 6.14 3152
 369 4465 3151 93 101 1.10 6.14 3152
 369 4481 3151 93 101 1.10 6.14 3152
 369 4497 3151 93 104 1.10 6.14 3152
 369 4753 3151 93 101 1.10 6.14 3152
 369 4737 3151 93 101 1.10 6.14 3152
 369 4721 3151 93 101 1.10 6.14 3152
 369 4705 3151 93 98 1.10 6.14 3152
 369 4641 3151 59 1 1.10 1.14 3152
 369 4721 3151 96 1 -13.90 -13.86 3152
 385 4321 3151 93 104 1.10 6.14 3152
 385 4449 3151 93 98 1.10 6.14 3152
 385 4465 3151 93 101 1.10 6.14 3152
 385 4481 3151 93 101 1.10 6.14 3152
 385 4497 3151 93 104 1.10 6.14 3152
 385 4481 3151 53 17 -3.90 -5.86 3152
 385 4753 3151 93 101 1.10 6.14 3152
 385 4737 3151 93 101 1.10 6.14 3152
 385 4721 3151 93 101 1.10 6.14 3152
 385 4705 3151 93 98 1.10 6.14 3152
 385 4721 3151 96 1 -13.90 -13.86 3152
 401 4321 3151 93 104 1.10 6.14 3152
 401 4449 3151 93 98 1.10 6.14 3152
 401 4465 3151 93 101 1.10 6.14 3152
 401 4481 3151 93 101 1.10 6.14 3152
 401 4497 3151 93 104 1.10 6.14 3152
 401 4385 3151 59 1 1.10 1.14 3152
 401 4753 3151 93 101 1.10 6.14 3152
 401 4737 3151 93 101 1.10 6.14 3152
 401 4721 3151 93 101 1.10 6.14 3152
 401 4705 3151 93 127 1.10 6.14 3152
 401 4689 3151 93 123 1.10 6.14 3152
 401 4721 3151 96 1 -13.90 -13.86 3152
 417 4321 3151 93 104 1.10 6.14 3152
 417 4449 3151 93 98 1.10 6.14 3152
 417 4465 3151 93 101 1.10 6.14 3152
 417 4481 3151 93 101 1.10 6.14 3152
 417 4497 3151 93 139 1.10 6.14 3152
 417 4385 3151 60 1 1.10 1.14 3152
 417 4513 3151 93 137 1.10 6.14 3152
 417 4753 3151 93 101 1.10 6.14 3152
 417 4737 3151 93 101 1.10 6.14 3152
 417 4721 3151 93 101 1.10 6.14 3152
 417 4705 3151 93 128 1.10 6.14 3152
 417 4689 3151 93 124 1.10 6.14 3152
 417 4721 3151 96 1 -13.90 -13.86 3152
 417 4705 3151 96 1 -13.90 -13.86 3152
 433 4321 3151 93 104 1.10 6.14 3152
 433 4449 3151 93 98 1.10 6.14 3152
 433 4465 3151 93 101 1.10 6.14 3152
 433 4481 3151 93 101 1.10 6.14 3152
 433 4497 3151 93 101 1.10 6.14 3152
 433 4385 3151 59 5 1.10 1.14 3152
 433 4433 3151 53 1 1.10 -5.86 3152
 433 4513 3151 93 138 1.10 6.14 3152
 433 4753 3151 93 101 1.10 6.14 3152
 433 4737 3151 93 101 1.10 6.14 3152
 433 4721 3151 93 101 1.10 6.14 3152
 433 4705 3151 93 101 1.10 6.14 3152
 433 4689 3151 93 125 1.10 6.14 3152
 433 4721 3151 96 1 -13.90 -13.86 3152
 433 4705 3151 96 1 -13.90 -13.86 3152
 449 4321 3151 93 104 1.10 6.14 3152
 449 4449 3151 93 98 1.10 6.14 3152
 449 4465 3151 93 101 1.10 6.14 3152
 449 4481 3151 93 101 1.10 6.14 3152
 449 4225 3195 93 144 1.10 6.14 3196
 449 4497 3151 93 101 1.10 6.14 3152
 449 4385 3151 60 3 1.10 1.14 3152
 449 4513 3151 93 112 1.10 6.14 3152
 449 4529 3151 93 135 1.10 6.14 3152
 449 4753 3151 93 101 1.10 6.14 3152
 449 4737 3151 93 101 1.10 6.14 3152
 449 4721 3151 93 101 1.10 6.14 3152
 449 4705 3151 93 101 1.10 6.14 3152
 449 4689 3151 93 126 1.10 6.14 3152
 449 4673 3151 53 2 1.10 -5.86 3152
 449 4721 3151 96 1 -13.90 -13.86 3152
 449 4705 3151 96 1 -13.90 -13.86 3152
 465 4321 3151 93 104 1.10 6.14 3152
 465 4449 3151 93 98 1.10 6.14 3152
 465 4465 3151 93 101 1.10 6.14 3152
 465 4481 3151 93 101 1.10 6.14 3152
 465 4497 3151 93 101 1.10 6.14 3152
 465 4385 3151 59 1 1.10 1.14 3152
 465 4513 3151 93 101 1.10 6.14 3152
 465 4529 3151 93 139 1.10 6.14 3152
 465 4545 3151 93 137 1.10 6.14 3152
 465 4753 3151 93 101 1.10 6.14 3152
 465 4737 3151 93 101 1.10 6.14 3152
 465 4721 3151 93 101 1.10 6.14 3152
 465 4705 3151 93 101 1.10 6.14 3152
 465 4689 3151 93 98 1.10 6.14 3152
 465 4721 3151 96 1 -13.90 -13.86 3152
 465 4705 3151 96 1 -13.90 -13.86 3152
 481 4321 3151 93 104 1.10 6.14 3152
 481 4465 3151 93 101 1.10 6.14 3152
 481 4449 3151 93 98 1.10 6.14 3152
 481 4481 3151 93 101 1.10 6.14 3152
 481 4497 3151 93 101 1.10 6.14 3152
 481 4481 3151 53 17 -3.90 -5.86 3152
 481 4513 3151 93 101 1.10 6.14 3152
 481 4529 3151 93 101 1.10 6.14 3152
 481 4545 3151 93 138 1.10 6.14 3152
 481 4753 3151 93 101 1.10 6.14 3152
 481 4737 3151 93 101 1.10 6.14 3152
 481 4721 3151 93 101 1.10 6.14 3152
 481 4705 3151 93 101 1.10 6.14 3152
 481 4689 3151 93 98 1.10 6.14 3152
 481 4721 3151 96 1 -13.90 -13.86 3152
 481 4705 3151 96 1 -13.90 -13.86 3152
 497 4321 3151 93 112 1.10 6.14 3152
 497 4337 3151 93 100 1.10 6.14 3152
 497 4353 3151 93 100 1.10 6.14 3152
 497 4369 3151 93 135 1.10 6.14 3152
 497 4481 3151 93 101 1.10 6.14 3152
 497 4465 3151 93 101 1.10 6.14 3152
 497 4449 3151 93 98 1.10 6.14 3152
 497 4497 3151 93 101 1.10 6.14 3152
 497 4513 3151 93 101 1.10 6.14 3152
 497 4529 3151 93 101 1.10 6.14 3152
 497 4545 3151 93 112 1.10 6.14 3152
 497 4561 3151 93 135 1.10 6.14 3152
 497 4753 3151 93 101 1.10 6.14 3152
 497 4737 3151 93 101 1.10 6.14 3152
 497 4721 3151 93 101 1.10 6.14 3152
 497 4705 3151 93 101 1.10 6.14 3152
 497 4689 3151 93 98 1.10 6.14 3152
 497 4657 3192 53 5 1.10 -5.86 3193
 497 4721 3151 96 1 -13.90 -13.86 3152
 497 4705 3151 96 1 -13.90 -13.86 3152
 513 4321 3151 93 101 1.10 6.14 3152
 513 4337 3151 93 101 1.10 6.14 3152
 513 4353 3151 93 101 1.10 6.14 3152
 513 4369 3151 93 112 1.10 6.14 3152
 513 4385 3151 93 135 1.10 6.14 3152
 513 4481 3151 93 101 1.10 6.14 3152
 513 4465 3151 93 101 1.10 6.14 3152
 513 4449 3151 93 98 1.10 6.14 3152
 513 4497 3151 93 101 1.10 6.14 3152
 513 4513 3151 93 101 1.10 6.14 3152
 513 4529 3151 93 101 1.10 6.14 3152
 513 4545 3151 93 101 1.10 6.14 3152
 513 4753 3151 93 101 1.10 6.14 3152
 513 4737 3151 93 101 1.10 6.14 3152
 513 4721 3151 93 101 1.10 6.14 3152
 513 4705 3151 93 101 1.10 6.14 3152
 513 4689 3151 93 98 1.10 6.14 3152
 513 4577 3151 93 135 1.10 6.14 3152
 513 4561 3151 93 112 1.10 6.14 3152
 513 4721 3151 96 1 -13.90 -13.86 3152
 513 4705 3151 96 1 -13.90 -13.86 3152
 529 4321 3151 93 101 1.10 6.14 3152
 529 4481 3151 93 101 1.10 6.14 3152
 529 4337 3151 93 101 1.10 6.14 3152
 529 4353 3151 93 101 1.10 6.14 3152
 529 4369 3151 93 101 1.10 6.14 3152
 529 4385 3151 93 112 1.10 6.14 3152
 529 4465 3151 93 101 1.10 6.14 3152
 529 4401 3151 93 100 1.10 6.14 3152
 529 4417 3151 93 100 1.10 6.14 3152
 529 4433 3151 93 100 1.10 6.14 3152
 529 4449 3151 93 113 1.10 6.14 3152
 529 4497 3151 93 101 1.10 6.14 3152
 529 4513 3151 93 101 1.10 6.14 3152
 529 4529 3151 93 101 1.10 6.14 3152
 529 4545 3151 93 101 1.10 6.14 3152
 529 4753 3151 93 101 1.10 6.14 3152
 529 4737 3151 93 101 1.10 6.14 3152
 529 4721 3151 93 101 1.10 6.14 3152
 529 4705 3151 93 101 1.10 6.14 3152
 529 4689 3151 93 98 1.10 6.14 3152
 529 4641 3151 93 103 1.10 6.14 3152
 529 4625 3151 93 100 1.10 6.14 3152
 529 4609 3151 93 100 1.10 6.14 3152
 529 4593 3151 93 100 1.10 6.14 3152
 529 4577 3151 93 112 1.10 6.14 3152
 529 4561 3151 93 101 1.10 6.14 3152
 529 4721 3151 96 1 -13.90 -13.86 3152
 529 4705 3151 96 1 -13.90 -13.86 3152
 545 4225 3195 93 144 1.10 6.14 3196
 545 4481 3151 93 101 1.10 6.14 3152
 545 4465 3151 93 101 1.10 6.14 3152
 545 4449 3151 93 101 1.10 6.14 3152
 545 4433 3151 93 101 1.10 6.14 3152
 545 4417 3151 93 101 1.10 6.14 3152
 545 4321 3195 93 144 1.10 6.14 3196
 545 4497 3151 93 101 1.10 6.14 3152
 545 4513 3151 93 101 1.10 6.14 3152
 545 4529 3151 93 101 1.10 6.14 3152
 545 4545 3151 93 101 1.10 6.14 3152
 545 4753 3151 93 101 1.10 6.14 3152
 545 4737 3151 93 101 1.10 6.14 3152
 545 4721 3151 93 101 1.10 6.14 3152
 545 4705 3151 93 101 1.10 6.14 3152
 545 4689 3151 93 98 1.10 6.14 3152
 545 4641 3151 93 104 1.10 6.14 3152
 545 4625 3151 93 101 1.10 6.14 3152
 545 4609 3151 93 101 1.10 6.14 3152
 545 4593 3151 93 101 1.10 6.14 3152
 545 4577 3151 93 101 1.10 6.14 3152
 545 4561 3151 93 101 1.10 6.14 3152
 545 4673 3151 60 1 1.10 1.14 3152
 545 4657 3151 60 1 1.10 1.14 3152
 545 4721 3151 96 1 -13.90 -13.86 3152
 545 4705 3151 96 1 -13.90 -13.86 3152
 561 4417 3195 93 144 1.10 6.14 3196
 561 4513 3151 93 101 1.10 6.14 3152
 561 4529 3151 93 101 1.10 6.14 3152
 561 4545 3151 93 101 1.10 6.14 3152
 561 4753 3151 93 101 1.10 6.14 3152
 561 4737 3151 93 101 1.10 6.14 3152
 561 4721 3151 93 101 1.10 6.14 3152
 561 4705 3151 93 101 1.10 6.14 3152
 561 4689 3151 93 98 1.10 6.14 3152
 561 4641 3151 93 104 1.10 6.14 3152
 561 4625 3151 93 101 1.10 6.14 3152
 561 4609 3151 93 101 1.10 6.14 3152
 561 4593 3151 93 101 1.10 6.14 3152
 561 4577 3151 93 101 1.10 6.14 3152
 561 4561 3151 93 101 1.10 6.14 3152
 561 4673 3151 60 1 1.10 1.14 3152
 561 4657 3151 60 1 1.10 1.14 3152
 561 4721 3151 96 1 -13.90 -13.86 3152
 561 4705 3151 96 1 -13.90 -13.86 3152
 577 4513 3151 93 101 1.10 6.14 3152
 577 4529 3151 93 101 1.10 6.14 3152
 577 4545 3151 93 101 1.10 6.14 3152
 577 4753 3151 93 101 1.10 6.14 3152
 577 4737 3151 93 101 1.10 6.14 3152
 577 4721 3151 93 101 1.10 6.14 3152
 577 4705 3151 93 101 1.10 6.14 3152
 577 4689 3151 93 98 1.10 6.14 3152
 577 4641 3151 93 104 1.10 6.14 3152
 577 4625 3151 93 101 1.10 6.14 3152
 577 4609 3151 93 101 1.10 6.14 3152
 577 4593 3151 93 101 1.10 6.14 3152
 577 4577 3151 93 101 1.10 6.14 3152
 577 4561 3151 93 101 1.10 6.14 3152
 577 4721 3151 96 1 -13.90 -13.86 3152
 577 4705 3151 96 1 -13.90 -13.86 3152
 593 4513 3151 93 101 1.10 6.14 3152
 593 4529 3151 93 101 1.10 6.14 3152
 593 4545 3151 93 101 1.10 6.14 3152
 593 4753 3151 93 101 1.10 6.14 3152
 593 4737 3151 93 101 1.10 6.14 3152
 593 4721 3151 93 101 1.10 6.14 3152
 593 4705 3151 93 101 1.10 6.14 3152
 593 4689 3151 93 131 1.10 6.14 3152
 593 4641 3151 93 104 1.10 6.14 3152
 593 4625 3151 93 101 1.10 6.14 3152
 593 4609 3151 93 101 1.10 6.14 3152
 593 4593 3151 93 101 1.10 6.14 3152
 593 4577 3151 93 101 1.10 6.14 3152
 593 4561 3151 93 101 1.10 6.14 3152
 593 4721 3151 96 1 -13.90 -13.86 3152
 593 4705 3151 96 1 -13.90 -13.86 3152
 609 4513 3151 93 101 1.10 6.14 3152
 609 4529 3151 93 101 1.10 6.14 3152
 609 4545 3151 93 101 1.10 6.14 3152
 609 4753 3151 93 101 1.10 6.14 3152
 609 4737 3151 93 101 1.10 6.14 3152
 609 4721 3151 93 101 1.10 6.14 3152
 609 4705 3151 93 101 1.10 6.14 3152
 609 4689 3151 93 132 1.10 6.14 3152
 609 4641 3151 93 104 1.10 6.14 3152
 609 4625 3151 93 101 1.10 6.14 3152
 609 4609 3151 93 101 1.10 6.14 3152
 609 4593 3151 93 101 1.10 6.14 3152
 609 4577 3151 93 101 1.10 6.14 3152
 609 4561 3151 93 101 1.10 6.14 3152
 609 4721 3151 96 1 -13.90 -13.86 3152
 609 4705 3151 96 1 -13.90 -13.86 3152
 625 4513 3151 93 101 1.10 6.14 3152
 625 4529 3151 93 101 1.10 6.14 3152
 625 4545 3151 93 101 1.10 6.14 3152
 625 4753 3151 93 101 1.10 6.14 3152
 625 4737 3151 93 101 1.10 6.14 3152
 625 4721 3151 93 101 1.10 6.14 3152
 625 4705 3151 93 129 1.10 6.14 3152
 625 4689 3151 93 133 1.10 6.14 3152
 625 4641 3151 93 104 1.10 6.14 3152
 625 4625 3151 93 101 1.10 6.14 3152
 625 4609 3151 93 101 1.10 6.14 3152
 625 4593 3151 93 101 1.10 6.14 3152
 625 4577 3151 93 101 1.10 6.14 3152
 625 4561 3151 93 101 1.10 6.14 3152
 625 4721 3151 96 1 -13.90 -13.86 3152
 625 4705 3151 96 1 -13.90 -13.86 3152
 641 4513 3151 93 101 1.10 6.14 3152
 641 4529 3151 93 101 1.10 6.14 3152
 641 4545 3151 93 101 1.10 6.14 3152
 641 4753 3151 93 101 1.10 6.14 3152
 641 4737 3151 93 101 1.10 6.14 3152
 641 4721 3151 93 101 1.10 6.14 3152
 641 4561 3151 93 101 1.10 6.14 3152
 641 4577 3151 93 101 1.10 6.14 3152
 641 4593 3151 93 101 1.10 6.14 3152
 641 4705 3151 93 130 1.10 6.14 3152
 641 4689 3151 93 134 1.10 6.14 3152
 641 4641 3151 93 104 1.10 6.14 3152
 641 4625 3151 93 101 1.10 6.14 3152
 641 4609 3151 93 101 1.10 6.14 3152
 641 4721 3151 96 1 -13.90 -13.86 3152
 657 4497 3151 93 101 1.10 6.14 3152
 657 4513 3151 93 101 1.10 6.14 3152
 657 4529 3151 93 101 1.10 6.14 3152
 657 4545 3151 93 101 1.10 6.14 3152
 657 4753 3151 93 101 1.10 6.14 3152
 657 4737 3151 93 101 1.10 6.14 3152
 657 4721 3151 93 101 1.10 6.14 3152
 657 4561 3151 93 101 1.10 6.14 3152
 657 4577 3151 93 101 1.10 6.14 3152
 657 4593 3151 93 101 1.10 6.14 3152
 657 4705 3151 93 98 1.10 6.14 3152
 657 4641 3151 93 104 1.10 6.14 3152
 657 4625 3151 93 101 1.10 6.14 3152
 657 4609 3151 93 101 1.10 6.14 3152
 657 4721 3151 96 1 -13.90 -13.86 3152
 673 4497 3151 93 101 1.10 6.14 3152
 673 4513 3151 93 101 1.10 6.14 3152
 673 4529 3151 93 101 1.10 6.14 3152
 673 4545 3151 93 101 1.10 6.14 3152
 673 4753 3151 93 101 1.10 6.14 3152
 673 4737 3151 93 101 1.10 6.14 3152
 673 4721 3151 93 101 1.10 6.14 3152
 673 4705 3151 93 98 1.10 6.14 3152
 673 4641 3151 93 105 1.10 6.14 3152
 673 4625 3151 93 102 1.10 6.14 3152
 673 4609 3151 93 102 1.10 6.14 3152
 673 4593 3151 93 111 1.10 6.14 3152
 673 4577 3151 93 101 1.10 6.14 3152
 673 4561 3151 93 101 1.10 6.14 3152
 689 4481 3151 93 101 1.10 6.14 3152
 689 4497 3151 93 101 1.10 6.14 3152
 689 4513 3151 93 101 1.10 6.14 3152
 689 4529 3151 93 101 1.10 6.14 3152
 689 4545 3151 93 101 1.10 6.14 3152
 689 4753 3151 93 101 1.10 6.14 3152
 689 4737 3151 93 101 1.10 6.14 3152
 689 4721 3151 93 101 1.10 6.14 3152
 689 4705 3151 93 113 1.10 6.14 3152
 689 4689 3151 93 115 1.10 6.14 3152
 689 4593 3151 93 136 1.10 6.14 3152
 689 4577 3151 93 111 1.10 6.14 3152
 689 4561 3151 93 101 1.10 6.14 3152
 705 4481 3151 93 101 1.10 6.14 3152
 705 4497 3151 93 101 1.10 6.14 3152
 705 4513 3151 93 101 1.10 6.14 3152
 705 4529 3151 93 101 1.10 6.14 3152
 705 4545 3151 93 101 1.10 6.14 3152
 705 4753 3151 93 101 1.10 6.14 3152
 705 4737 3151 93 101 1.10 6.14 3152
 705 4721 3151 93 114 1.10 6.14 3152
 705 4705 3151 93 102 1.10 6.14 3152
 705 4689 3151 93 99 1.10 6.14 3152
 705 4577 3151 93 136 1.10 6.14 3152
 705 4561 3151 93 111 1.10 6.14 3152
 721 4481 3151 93 101 1.10 6.14 3152
 721 4497 3151 93 101 1.10 6.14 3152
 721 4513 3151 93 101 1.10 6.14 3152
 721 4529 3151 93 101 1.10 6.14 3152
 721 4545 3151 93 101 1.10 6.14 3152
 721 4753 3151 93 101 1.10 6.14 3152
 721 4737 3151 93 101 1.10 6.14 3152
 721 4721 3151 93 98 1.10 6.14 3152
 721 4561 3151 93 104 1.10 6.14 3152
 721 4689 3196 55 24 1.10 -5.86 3197
 737 4481 3151 93 101 1.10 6.14 3152
 737 4497 3151 93 101 1.10 6.14 3152
 737 4513 3151 93 101 1.10 6.14 3152
 737 4529 3151 93 101 1.10 6.14 3152
 737 4545 3151 93 101 1.10 6.14 3152
 737 4753 3151 93 101 1.10 6.14 3152
 737 4737 3151 93 101 1.10 6.14 3152
 737 4721 3151 93 98 1.10 6.14 3152
 737 4561 3151 93 104 1.10 6.14 3152
 753 4481 3151 93 101 1.10 6.14 3152
 753 4497 3151 93 101 1.10 6.14 3152
 753 4513 3151 93 101 1.10 6.14 3152
 753 4529 3151 93 101 1.10 6.14 3152
 753 4545 3151 93 101 1.10 6.14 3152
 753 4753 3151 93 101 1.10 6.14 3152
 753 4737 3151 93 101 1.10 6.14 3152
 753 4721 3151 93 113 1.10 6.14 3152
 753 4705 3151 93 100 1.10 6.14 3152
 753 4689 3151 93 97 1.10 6.14 3152
 753 4625 3151 93 103 1.10 6.14 3152
 753 4609 3151 93 100 1.10 6.14 3152
 753 4593 3151 93 100 1.10 6.14 3152
 753 4577 3151 93 100 1.10 6.14 3152
 753 4561 3151 93 112 1.10 6.14 3152
 769 4481 3151 93 101 1.10 6.14 3152
 769 4497 3151 93 101 1.10 6.14 3152
 769 4513 3151 93 101 1.10 6.14 3152
 769 4529 3151 93 101 1.10 6.14 3152
 769 4545 3151 93 101 1.10 6.14 3152
 769 4753 3151 93 101 1.10 6.14 3152
 769 4737 3151 93 101 1.10 6.14 3152
 769 4721 3151 93 114 1.10 6.14 3152
 769 4705 3151 93 102 1.10 6.14 3152
 769 4689 3151 93 99 1.10 6.14 3152
 769 4625 3151 93 105 1.10 6.14 3152
 769 4609 3151 93 102 1.10 6.14 3152
 769 4593 3151 93 102 1.10 6.14 3152
 769 4577 3151 93 102 1.10 6.14 3152
 769 4561 3151 93 111 1.10 6.14 3152
 785 4481 3151 93 101 1.10 6.14 3152
 785 4497 3151 93 101 1.10 6.14 3152
 785 4513 3151 93 101 1.10 6.14 3152
 785 4529 3151 93 101 1.10 6.14 3152
 785 4545 3151 93 101 1.10 6.14 3152
 785 4753 3151 93 101 1.10 6.14 3152
 785 4737 3151 93 101 1.10 6.14 3152
 785 4721 3151 93 98 1.10 6.14 3152
 785 4561 3151 93 104 1.10 6.14 3152
 785 4689 3196 55 24 1.10 -5.86 3197
 801 4481 3151 93 101 1.10 6.14 3152
 801 4497 3151 93 101 1.10 6.14 3152
 801 4513 3151 93 101 1.10 6.14 3152
 801 4529 3151 93 101 1.10 6.14 3152
 801 4545 3151 93 101 1.10 6.14 3152
 801 4753 3151 93 101 1.10 6.14 3152
 801 4737 3151 93 101 1.10 6.14 3152
 801 4721 3151 93 98 1.10 6.14 3152
 801 4561 3151 93 104 1.10 6.14 3152
 817 4481 3151 93 101 1.10 6.14 3152
 817 4497 3151 93 101 1.10 6.14 3152
 817 4513 3151 93 101 1.10 6.14 3152
 817 4529 3151 93 101 1.10 6.14 3152
 817 4545 3151 93 101 1.10 6.14 3152
 817 4753 3151 93 101 1.10 6.14 3152
 817 4737 3151 93 101 1.10 6.14 3152
 817 4721 3151 93 113 1.10 6.14 3152
 817 4705 3151 93 100 1.10 6.14 3152
 817 4689 3151 93 97 1.10 6.14 3152
 817 4625 3151 93 103 1.10 6.14 3152
 817 4609 3151 93 100 1.10 6.14 3152
 817 4593 3151 93 100 1.10 6.14 3152
 817 4577 3151 93 100 1.10 6.14 3152
 817 4561 3151 93 112 1.10 6.14 3152
 833 4481 3151 93 101 1.10 6.14 3152
 833 4497 3151 93 101 1.10 6.14 3152
 833 4513 3151 93 101 1.10 6.14 3152
 833 4529 3151 93 101 1.10 6.14 3152
 833 4545 3151 93 101 1.10 6.14 3152
 833 4753 3151 93 101 1.10 6.14 3152
 833 4737 3151 93 101 1.10 6.14 3152
 833 4721 3151 93 114 1.10 6.14 3152
 833 4705 3151 93 102 1.10 6.14 3152
 833 4689 3151 93 99 1.10 6.14 3152
 833 4625 3151 93 105 1.10 6.14 3152
 833 4609 3151 93 102 1.10 6.14 3152
 833 4593 3151 93 102 1.10 6.14 3152
 833 4577 3151 93 102 1.10 6.14 3152
 833 4561 3151 93 111 1.10 6.14 3152
 849 4481 3151 93 101 1.10 6.14 3152
 849 4497 3151 93 101 1.10 6.14 3152
 849 4513 3151 93 101 1.10 6.14 3152
 849 4529 3151 93 101 1.10 6.14 3152
 849 4545 3151 93 101 1.10 6.14 3152
 849 4753 3151 93 101 1.10 6.14 3152
 849 4737 3151 93 101 1.10 6.14 3152
 849 4721 3151 93 98 1.10 6.14 3152
 849 4561 3151 93 104 1.10 6.14 3152
 849 4689 3196 55 24 1.10 -5.86 3197
 865 4481 3151 93 101 1.10 6.14 3152
 865 4513 3151 93 101 1.10 6.14 3152
 865 4497 3151 93 101 1.10 6.14 3152
 865 4529 3151 93 101 1.10 6.14 3152
 865 4545 3151 93 101 1.10 6.14 3152
 865 4753 3151 93 101 1.10 6.14 3152
 865 4737 3151 93 101 1.10 6.14 3152
 865 4721 3151 93 98 1.10 6.14 3152
 865 4561 3151 93 104 1.10 6.14 3152
 881 4481 3151 93 101 1.10 6.14 3152
 881 4513 3151 93 101 1.10 6.14 3152
 881 4529 3151 93 101 1.10 6.14 3152
 881 4497 3151 93 101 1.10 6.14 3152
 881 4545 3151 93 101 1.10 6.14 3152
 881 4753 3151 93 101 1.10 6.14 3152
 881 4737 3151 93 101 1.10 6.14 3152
 881 4721 3151 93 113 1.10 6.14 3152
 881 4705 3151 93 100 1.10 6.14 3152
 881 4689 3151 93 97 1.10 6.14 3152
 881 4625 3151 93 103 1.10 6.14 3152
 881 4609 3151 93 100 1.10 6.14 3152
 881 4593 3151 93 100 1.10 6.14 3152
 881 4577 3151 93 100 1.10 6.14 3152
 881 4561 3151 93 112 1.10 6.14 3152
 897 4481 3151 93 101 1.10 6.14 3152
 897 4513 3151 93 101 1.10 6.14 3152
 897 4529 3151 93 101 1.10 6.14 3152
 897 4497 3151 93 101 1.10 6.14 3152
 897 4545 3151 93 101 1.10 6.14 3152
 897 4753 3151 93 101 1.10 6.14 3152
 897 4737 3151 93 101 1.10 6.14 3152
 897 4721 3151 93 101 1.10 6.14 3152
 897 4705 3151 93 101 1.10 6.14 3152
 897 4689 3151 93 98 1.10 6.14 3152
 897 4625 3151 93 104 1.10 6.14 3152
 897 4609 3151 93 101 1.10 6.14 3152
 897 4593 3151 93 101 1.10 6.14 3152
 897 4577 3151 93 101 1.10 6.14 3152
 897 4561 3151 93 101 1.10 6.14 3152
 913 4481 3151 93 101 1.10 6.14 3152
 913 4513 3151 93 101 1.10 6.14 3152
 913 4529 3151 93 101 1.10 6.14 3152
 913 4497 3151 93 101 1.10 6.14 3152
 913 4545 3151 93 101 1.10 6.14 3152
 913 4753 3151 93 101 1.10 6.14 3152
 913 4737 3151 93 101 1.10 6.14 3152
 913 4721 3151 93 101 1.10 6.14 3152
 913 4705 3151 93 101 1.10 6.14 3152
 913 4689 3151 93 98 1.10 6.14 3152
 913 4625 3151 93 104 1.10 6.14 3152
 913 4609 3151 93 101 1.10 6.14 3152
 913 4593 3151 93 101 1.10 6.14 3152
 913 4577 3151 93 101 1.10 6.14 3152
 913 4561 3151 93 101 1.10 6.14 3152
 929 4513 3151 93 101 1.10 6.14 3152
 929 4529 3151 93 101 1.10 6.14 3152
 929 4497 3151 93 101 1.10 6.14 3152
 929 4545 3151 93 101 1.10 6.14 3152
 929 4753 3151 93 101 1.10 6.14 3152
 929 4737 3151 93 101 1.10 6.14 3152
 929 4721 3151 93 101 1.10 6.14 3152
 929 4705 3151 93 101 1.10 6.14 3152
 929 4689 3151 93 98 1.10 6.14 3152
 929 4625 3151 93 104 1.10 6.14 3152
 929 4609 3151 93 101 1.10 6.14 3152
 929 4593 3151 93 101 1.10 6.14 3152
 929 4577 3151 93 101 1.10 6.14 3152
 929 4561 3151 93 101 1.10 6.14 3152
 945 4513 3151 93 101 1.10 6.14 3152
 945 4529 3151 93 101 1.10 6.14 3152
 945 4497 3151 93 101 1.10 6.14 3152
 945 4545 3151 93 101 1.10 6.14 3152
 945 4753 3151 93 101 1.10 6.14 3152
 945 4737 3151 93 101 1.10 6.14 3152
 945 4721 3151 93 101 1.10 6.14 3152
 945 4705 3151 93 101 1.10 6.14 3152
 945 4689 3151 93 98 1.10 6.14 3152
 945 4625 3151 93 104 1.10 6.14 3152
 945 4609 3151 93 101 1.10 6.14 3152
 945 4593 3151 93 101 1.10 6.14 3152
 945 4577 3151 93 101 1.10 6.14 3152
 945 4561 3151 93 101 1.10 6.14 3152
 961 4513 3151 93 101 1.10 6.14 3152
 961 4529 3151 93 101 1.10 6.14 3152
 961 4497 3151 93 101 1.10 6.14 3152
 961 4545 3151 93 101 1.10 6.14 3152
 961 4753 3151 93 101 1.10 6.14 3152
 961 4737 3151 93 101 1.10 6.14 3152
 961 4721 3151 93 101 1.10 6.14 3152
 961 4705 3151 93 101 1.10 6.14 3152
 961 4689 3151 93 98 1.10 6.14 3152
 961 4625 3151 93 104 1.10 6.14 3152
 961 4609 3151 93 101 1.10 6.14 3152
 961 4593 3151 93 101 1.10 6.14 3152
 961 4577 3151 93 101 1.10 6.14 3152
 961 4561 3151 93 101 1.10 6.14 3152
 977 4753 3151 93 101 1.10 6.14 3152
 977 4737 3151 93 101 1.10 6.14 3152
 977 4721 3151 93 101 1.10 6.14 3152
 977 4705 3151 93 114 1.10 6.14 3152
 977 4689 3151 93 99 1.10 6.14 3152
 977 4625 3151 93 105 1.10 6.14 3152
 977 4529 3151 93 101 1.10 6.14 3152
 977 4545 3151 93 101 1.10 6.14 3152
 977 4609 3151 93 102 1.10 6.14 3152
 977 4593 3151 93 111 1.10 6.14 3152
 977 4577 3151 93 101 1.10 6.14 3152
 977 4561 3151 93 101 1.10 6.14 3152
 993 4753 3151 93 101 1.10 6.14 3152
 993 4737 3151 93 101 1.10 6.14 3152
 993 4721 3151 93 101 1.10 6.14 3152
 993 4705 3151 93 98 1.10 6.14 3152
 993 4689 3694 69 2 1.10 -4.86 3695
 993 4673 3694 69 1 1.10 -4.86 3695
 993 4641 3196 55 19 1.10 -5.86 3197
 993 4625 3694 69 1 1.10 -4.86 3695
 993 4609 3694 69 2 1.10 -4.86 3695
 993 4529 3151 93 101 1.10 6.14 3152
 993 4545 3151 93 101 1.10 6.14 3152
 993 4593 3151 93 104 1.10 6.14 3152
 993 4577 3151 93 101 1.10 6.14 3152
 993 4561 3151 93 101 1.10 6.14 3152
 1009 4753 3151 93 101 1.10 6.14 3152
 1009 4737 3151 93 101 1.10 6.14 3152
 1009 4721 3151 93 101 1.10 6.14 3152
 1009 4705 3151 93 98 1.10 6.14 3152
 1009 4529 3151 93 101 1.10 6.14 3152
 1009 4545 3151 93 101 1.10 6.14 3152
 1009 4593 3151 93 104 1.10 6.14 3152
 1009 4577 3151 93 101 1.10 6.14 3152
 1009 4561 3151 93 101 1.10 6.14 3152
 1025 4753 3151 93 101 1.10 6.14 3152
 1025 4737 3151 93 101 1.10 6.14 3152
 1025 4721 3151 93 101 1.10 6.14 3152
 1025 4705 3151 93 98 1.10 6.14 3152
 1025 4689 3694 70 2 1.10 -4.86 3695 28 1
 1025 4673 3694 70 1 1.10 -4.86 3695
 1025 4641 3196 55 21 1.10 -5.86 3197
 1025 4625 3694 69 1 1.10 -4.86 3695
 1025 4609 3694 69 2 1.10 -4.86 3695
 1025 4593 3151 93 104 1.10 6.14 3152
 1025 4529 3151 93 101 1.10 6.14 3152
 1025 4545 3151 93 101 1.10 6.14 3152
 1025 4577 3151 93 101 1.10 6.14 3152
 1025 4561 3151 93 101 1.10 6.14 3152
 1041 4753 3151 93 101 1.10 6.14 3152
 1041 4737 3151 93 101 1.10 6.14 3152
 1041 4721 3151 93 101 1.10 6.14 3152
 1041 4705 3151 93 98 1.10 6.14 3152
 1041 4593 3151 93 104 1.10 6.14 3152
 1041 4577 3151 93 101 1.10 6.14 3152
 1041 4529 3151 93 101 1.10 6.14 3152
 1041 4545 3151 93 101 1.10 6.14 3152
 1041 4561 3151 93 101 1.10 6.14 3152
 1057 4753 3151 93 101 1.10 6.14 3152
 1057 4737 3151 93 101 1.10 6.14 3152
 1057 4721 3151 93 101 1.10 6.14 3152
 1057 4705 3151 93 98 1.10 6.14 3152
 1057 4689 3694 69 2 1.10 -4.86 3695
 1057 4673 3694 69 1 1.10 -4.86 3695
 1057 4641 3196 55 19 1.10 -5.86 3197
 1057 4625 3694 69 1 1.10 -4.86 3695
 1057 4609 3694 69 2 1.10 -4.86 3695
 1057 4593 3151 93 104 1.10 6.14 3152
 1057 4577 3151 93 101 1.10 6.14 3152
 1057 4561 3151 93 101 1.10 6.14 3152
 1057 4529 3151 93 101 1.10 6.14 3152
 1057 4545 3151 93 101 1.10 6.14 3152
 1073 4753 3151 93 101 1.10 6.14 3152
 1073 4737 3151 93 101 1.10 6.14 3152
 1073 4721 3151 93 101 1.10 6.14 3152
 1073 4705 3151 93 98 1.10 6.14 3152
 1073 4593 3151 93 104 1.10 6.14 3152
 1073 4577 3151 93 101 1.10 6.14 3152
 1073 4561 3151 93 101 1.10 6.14 3152
 1073 4545 3151 93 101 1.10 6.14 3152
 1073 4529 3151 93 101 1.10 6.14 3152
 1089 4753 3151 93 101 1.10 6.14 3152
 1089 4737 3151 93 101 1.10 6.14 3152
 1089 4721 3151 93 101 1.10 6.14 3152
 1089 4705 3151 93 98 1.10 6.14 3152
 1089 4689 3694 70 17 1.10 -5.86 3695 1.1
 1089 4673 3694 69 1 1.10 -4.86 3695
 1089 4641 3196 55 21 1.10 -5.86 3197
 1089 4625 3694 69 1 1.10 -4.86 3695
 1089 4609 3694 69 2 1.10 -4.86 3695
 1089 4593 3151 93 104 1.10 6.14 3152
 1089 4577 3151 93 101 1.10 6.14 3152
 1089 4561 3151 93 101 1.10 6.14 3152
 1089 4545 3151 93 101 1.10 6.14 3152
 1089 4529 3151 93 101 1.10 6.14 3152
 1105 4753 3151 93 101 1.10 6.14 3152
 1105 4737 3151 93 101 1.10 6.14 3152
 1105 4721 3151 93 101 1.10 6.14 3152
 1105 4705 3151 93 98 1.10 6.14 3152
 1105 4593 3151 93 104 1.10 6.14 3152
 1105 4577 3151 93 101 1.10 6.14 3152
 1105 4561 3151 93 101 1.10 6.14 3152
 1105 4545 3151 93 101 1.10 6.14 3152
 1105 4529 3151 93 101 1.10 6.14 3152
 1105 4465 3693 93 143 1.10 6.14 3694
 1105 4401 3693 93 143 1.10 6.14 3694
 1121 4753 3151 93 101 1.10 6.14 3152
 1121 4737 3151 93 101 1.10 6.14 3152
 1121 4721 3151 93 101 1.10 6.14 3152
 1121 4705 3151 93 98 1.10 6.14 3152
 1121 4689 3694 69 2 1.10 -4.86 3695
 1121 4673 3694 69 1 1.10 -4.86 3695
 1121 4641 3196 55 19 1.10 -5.86 3197
 1121 4625 3694 69 1 1.10 -4.86 3695
 1121 4609 3694 69 2 1.10 -4.86 3695
 1121 4593 3151 93 104 1.10 6.14 3152
 1121 4577 3151 93 101 1.10 6.14 3152
 1121 4561 3151 93 101 1.10 6.14 3152
 1121 4545 3151 93 101 1.10 6.14 3152
 1121 4529 3151 93 101 1.10 6.14 3152
 1137 4753 3151 93 101 1.10 6.14 3152
 1137 4737 3151 93 101 1.10 6.14 3152
 1137 4721 3151 93 101 1.10 6.14 3152
 1137 4705 3151 93 98 1.10 6.14 3152
 1137 4593 3151 93 104 1.10 6.14 3152
 1137 4577 3151 93 101 1.10 6.14 3152
 1137 4561 3151 93 101 1.10 6.14 3152
 1137 4545 3151 93 101 1.10 6.14 3152
 1137 4529 3151 93 101 1.10 6.14 3152
 1153 4753 3151 93 101 1.10 6.14 3152
 1153 4737 3151 93 101 1.10 6.14 3152
 1153 4721 3151 93 101 1.10 6.14 3152
 1153 4705 3151 93 98 1.10 6.14 3152
 1153 4689 3694 69 2 1.10 -4.86 3695
 1153 4673 3694 69 1 1.10 -4.86 3695
 1153 4641 3196 55 21 1.10 -5.86 3197
 1153 4625 3694 69 1 1.10 -4.86 3695
 1153 4609 3694 69 2 1.10 -4.86 3695
 1153 4593 3151 93 104 1.10 6.14 3152
 1153 4577 3151 93 101 1.10 6.14 3152
 1153 4561 3151 93 101 1.10 6.14 3152
 1153 4545 3151 93 101 1.10 6.14 3152
 1153 4529 3151 93 101 1.10 6.14 3152
 1169 4753 3151 93 101 1.10 6.14 3152
 1169 4737 3151 93 101 1.10 6.14 3152
 1169 4721 3151 93 101 1.10 6.14 3152
 1169 4705 3151 93 98 1.10 6.14 3152
 1169 4593 3151 93 104 1.10 6.14 3152
 1169 4577 3151 93 101 1.10 6.14 3152
 1169 4561 3151 93 101 1.10 6.14 3152
 1169 4545 3151 93 101 1.10 6.14 3152
 1169 4529 3151 93 101 1.10 6.14 3152
 1169 4465 3693 93 143 1.10 6.14 3694
 1169 4401 3693 93 143 1.10 6.14 3694
 1185 4753 3151 93 101 1.10 6.14 3152
 1185 4737 3151 93 101 1.10 6.14 3152
 1185 4721 3151 93 101 1.10 6.14 3152
 1185 4705 3151 93 113 1.10 6.14 3152
 1185 4689 3151 93 100 1.10 6.14 3152
 1185 4673 3151 93 97 1.10 6.14 3152
 1185 4593 3151 93 136 1.10 6.14 3152
 1185 4577 3151 93 111 1.10 6.14 3152
 1185 4561 3151 93 101 1.10 6.14 3152
 1185 4545 3151 93 101 1.10 6.14 3152
 1185 4529 3151 93 101 1.10 6.14 3152
 1201 4689 3151 93 101 1.10 6.14 3152
 1201 4705 3693 93 143 1.10 6.14 3694
 1201 4673 3151 93 98 1.10 6.14 3152
 1201 4577 3151 93 136 1.10 6.14 3152
 1201 4561 3151 93 111 1.10 6.14 3152
 1201 4545 3151 93 101 1.10 6.14 3152
 1201 4529 3151 93 101 1.10 6.14 3152
 1217 4689 3151 93 101 1.10 6.14 3152
 1217 4673 3151 93 98 1.10 6.14 3152
 1217 4561 3151 93 136 1.10 6.14 3152
 1217 4545 3151 93 111 1.10 6.14 3152
 1217 4529 3151 93 101 1.10 6.14 3152
 1233 4689 3151 93 101 1.10 6.14 3152
 1233 4673 3151 93 98 1.10 6.14 3152
 1233 4545 3151 93 105 1.10 6.14 3152
 1233 4529 3151 93 102 1.10 6.14 3152
 1233 4513 3151 93 102 1.10 6.14 3152
 1233 4497 3151 93 102 1.10 6.14 3152
 1233 4481 3151 93 111 1.10 6.14 3152
 1233 4369 3151 93 101 1.10 6.14 3152
 1233 4353 3151 93 101 1.10 6.14 3152
 1233 4385 3195 93 144 1.10 6.14 3196
 1249 4689 3151 93 101 1.10 6.14 3152
 1249 4673 3151 93 98 1.10 6.14 3152
 1249 4481 3151 93 104 1.10 6.14 3152
 1249 4353 3151 93 101 1.10 6.14 3152
 1249 4369 3151 93 101 1.10 6.14 3152
 1265 4689 3151 93 101 1.10 6.14 3152
 1265 4705 3693 93 143 1.10 6.14 3694
 1265 4673 3151 93 98 1.10 6.14 3152
 1265 4369 3151 93 101 1.10 6.14 3152
 1265 4481 3151 93 104 1.10 6.14 3152
 1265 4353 3151 93 101 1.10 6.14 3152
 1281 4689 3151 93 101 1.10 6.14 3152
 1281 4673 3151 93 98 1.10 6.14 3152
 1281 4481 3151 93 104 1.10 6.14 3152
 1281 4369 3151 93 101 1.10 6.14 3152
 1281 4353 3151 93 101 1.10 6.14 3152
 1297 4689 3151 93 101 1.10 6.14 3152
 1297 4673 3151 93 98 1.10 6.14 3152
 1297 4657 3151 53 2 1.10 -5.86 3152
 1297 4481 3151 93 104 1.10 6.14 3152
 1297 4369 3151 93 101 1.10 6.14 3152
 1297 4353 3151 93 101 1.10 6.14 3152
 1313 4689 3151 93 101 1.10 6.14 3152
 1313 4673 3151 93 98 1.10 6.14 3152
 1313 4481 3151 93 104 1.10 6.14 3152
 1313 4369 3151 93 101 1.10 6.14 3152
 1313 4353 3151 93 101 1.10 6.14 3152
 1313 4337 3151 93 101 1.10 6.14 3152
 1329 4385 3693 93 143 1.10 6.14 3694
 1329 4705 3693 93 143 1.10 6.14 3694
 1329 4689 3151 93 101 1.10 6.14 3152
 1329 4673 3151 93 98 1.10 6.14 3152
 1329 4561 3151 60 2 1.10 1.14 3152
 1329 4481 3151 93 104 1.10 6.14 3152
 1329 4465 3151 93 101 1.10 6.14 3152
 1329 4449 3151 93 101 1.10 6.14 3152
 1329 4369 3151 93 101 1.10 6.14 3152
 1329 4353 3151 93 101 1.10 6.14 3152
 1329 4337 3151 93 101 1.10 6.14 3152
 1329 4321 3151 93 101 1.10 6.14 3152
 1345 4689 3151 93 101 1.10 6.14 3152
 1345 4673 3151 93 98 1.10 6.14 3152
 1345 4657 3151 66 1 1.10 1.14 3152
 1345 4561 3151 59 3 1.10 1.14 3152
 1345 4481 3151 93 105 1.10 6.14 3152
 1345 4465 3151 93 111 1.10 6.14 3152
 1345 4449 3151 93 101 1.10 6.14 3152
 1345 4369 3151 93 101 1.10 6.14 3152
 1345 4353 3151 93 101 1.10 6.14 3152
 1345 4321 3151 93 101 1.10 6.14 3152
 1345 4337 3151 93 101 1.10 6.14 3152
 1345 4305 3151 93 101 1.10 6.14 3152
 1361 4273 3693 93 143 1.10 6.14 3694
 1361 4689 3151 93 101 1.10 6.14 3152
 1361 4673 3151 93 98 1.10 6.14 3152
 1361 4561 3151 60 2 1.10 1.14 3152
 1361 4465 3151 93 141 1.10 6.14 3152
 1361 4449 3151 93 101 1.10 6.14 3152
 1361 4369 3151 93 101 1.10 6.14 3152
 1361 4353 3151 93 101 1.10 6.14 3152
 1361 4337 3151 93 101 1.10 6.14 3152
 1377 4337 3151 93 101 1.10 6.14 3152
 1377 4353 3151 93 101 1.10 6.14 3152
 1377 4369 3151 93 101 1.10 6.14 3152
 1377 4465 3151 93 142 1.10 6.14 3152
 1377 4449 3151 93 140 1.10 6.14 3152
 1377 4689 3151 93 101 1.10 6.14 3152
 1377 4673 3151 93 98 1.10 6.14 3152
 1393 4337 3151 93 101 1.10 6.14 3152
 1393 4353 3151 93 101 1.10 6.14 3152
 1393 4369 3151 93 101 1.10 6.14 3152
 1393 4385 3151 93 101 1.10 6.14 3152
 1393 4449 3151 93 136 1.10 6.14 3152
 1393 4433 3151 93 111 1.10 6.14 3152
 1393 4401 3151 93 101 1.10 6.14 3152
 1393 4417 3151 93 101 1.10 6.14 3152
 1393 4513 3151 61 22 1.10 1.14 3152
 1393 4705 3693 93 143 1.10 6.14 3694
 1393 4689 3151 93 101 1.10 6.14 3152
 1393 4673 3151 93 98 1.10 6.14 3152
 1393 4657 3151 53 1 1.10 -5.86 3152
 1409 4337 3151 93 101 1.10 6.14 3152
 1409 4353 3151 93 101 1.10 6.14 3152
 1409 4369 3151 93 101 1.10 6.14 3152
 1409 4385 3151 93 101 1.10 6.14 3152
 1409 4401 3151 93 111 1.10 6.14 3152
 1409 4417 3151 93 102 1.10 6.14 3152
 1409 4433 3151 93 105 1.10 6.14 3152
 1409 4513 3151 61 22 1.10 1.14 3152
 1409 4689 3151 93 101 1.10 6.14 3152
 1409 4673 3151 93 98 1.10 6.14 3152
 1425 4289 3693 93 143 1.10 6.14 3694
 1425 4353 3151 93 101 1.10 6.14 3152
 1425 4369 3151 93 101 1.10 6.14 3152
 1425 4385 3151 93 101 1.10 6.14 3152
 1425 4401 3151 93 104 1.10 6.14 3152
 1425 4513 3151 61 22 1.10 1.14 3152
 1425 4689 3151 93 101 1.10 6.14 3152
 1425 4673 3151 93 98 1.10 6.14 3152
 1425 4657 3151 53 1 1.10 -5.86 3152
 1425 4257 3151 93 101 1.10 6.14 3152
 1425 4273 3151 93 101 1.10 6.14 3152
 1441 4353 3151 93 101 1.10 6.14 3152
 1441 4369 3151 93 101 1.10 6.14 3152
 1441 4385 3151 93 101 1.10 6.14 3152
 1441 4401 3151 93 104 1.10 6.14 3152
 1441 4609 3151 60 2 1.10 1.14 3152
 1441 4689 3151 93 101 1.10 6.14 3152
 1441 4673 3151 93 98 1.10 6.14 3152
 1441 4657 3151 53 1 1.10 -5.86 3152
 1441 4257 3151 93 101 1.10 6.14 3152
 1441 4273 3151 93 101 1.10 6.14 3152
 1457 4353 3151 93 101 1.10 6.14 3152
 1457 4369 3151 93 101 1.10 6.14 3152
 1457 4385 3151 93 101 1.10 6.14 3152
 1457 4401 3151 93 104 1.10 6.14 3152
 1457 4609 3151 60 2 1.10 1.14 3152
 1457 4577 3192 52 1 1.10 1.14 3193
 1457 4705 3693 93 143 1.10 6.14 3694
 1457 4689 3151 93 101 1.10 6.14 3152
 1457 4673 3151 93 98 1.10 6.14 3152
 1457 4641 3192 51 1 1.10 1.14 3193 1
 1457 4257 3151 93 101 1.10 6.14 3152
 1457 4273 3151 93 101 1.10 6.14 3152
 1473 4353 3151 93 101 1.10 6.14 3152
 1473 4369 3151 93 101 1.10 6.14 3152
 1473 4385 3151 93 101 1.10 6.14 3152
 1473 4401 3151 93 141 1.10 6.14 3152
 1473 4609 3151 60 2 1.10 1.14 3152
 1473 4481 3151 61 22 1.10 1.14 3152
 1473 4689 3151 93 101 1.10 6.14 3152
 1473 4673 3151 93 98 1.10 6.14 3152
 1473 4257 3151 93 101 1.10 6.14 3152
 1473 4273 3151 93 101 1.10 6.14 3152
 1489 4289 3693 93 143 1.10 6.14 3694
 1489 4353 3151 93 101 1.10 6.14 3152
 1489 4369 3151 93 101 1.10 6.14 3152
 1489 4385 3151 93 140 1.10 6.14 3152
 1489 4401 3151 93 142 1.10 6.14 3152
 1489 4481 3151 61 22 1.10 1.14 3152
 1489 4689 3151 93 101 1.10 6.14 3152
 1489 4673 3151 93 98 1.10 6.14 3152
 1489 4641 3192 54 1 1.10 -5.86 3193
 1489 4257 3151 93 101 1.10 6.14 3152
 1489 4273 3151 93 101 1.10 6.14 3152
 1505 4353 3151 93 101 1.10 6.14 3152
 1505 4369 3151 93 101 1.10 6.14 3152
 1505 4385 3151 93 141 1.10 6.14 3152
 1505 4481 3151 61 22 1.10 1.14 3152
 1505 4689 3151 93 101 1.10 6.14 3152
 1505 4673 3151 93 108 1.10 6.14 3152
 1505 4257 3151 93 101 1.10 6.14 3152
 1505 4273 3151 93 101 1.10 6.14 3152
 1521 4353 3151 93 101 1.10 6.14 3152
 1521 4369 3151 93 140 1.10 6.14 3152
 1521 4385 3151 93 142 1.10 6.14 3152
 1521 4753 3151 63 16 1.10 1.14 3152
 1521 4737 3151 63 16 1.10 1.14 3152
 1521 4721 3151 63 16 1.10 1.14 3152
 1521 4705 3151 63 16 1.10 1.14 3152
 1521 4689 3151 63 16 1.10 1.14 3152
 1521 4673 3151 63 14 1.10 1.14 3152
 1521 4257 3151 93 101 1.10 6.14 3152
 1521 4273 3151 93 101 1.10 6.14 3152
 1537 4353 3151 93 140 1.10 6.14 3152
 1537 4369 3151 93 136 1.10 6.14 3152
 1537 4753 3151 63 16 1.10 1.14 3152
 1537 4737 3151 63 16 1.10 1.14 3152
 1537 4721 3151 63 16 1.10 1.14 3152
 1537 4705 3151 63 16 1.10 1.14 3152
 1537 4689 3151 63 16 1.10 1.14 3152
 1537 4673 3151 63 15 1.10 1.14 3152
 1537 4257 3151 93 101 1.10 6.14 3152
 1537 4273 3151 93 101 1.10 6.14 3152
 1553 4289 3693 93 143 1.10 6.14 3694
 1553 4353 3151 93 104 1.10 6.14 3152
 1553 4449 3151 61 22 1.10 1.14 3152
 1553 4753 3151 63 16 1.10 1.14 3152
 1553 4737 3151 63 16 1.10 1.14 3152
 1553 4721 3151 63 16 1.10 1.14 3152
 1553 4705 3151 63 16 1.10 1.14 3152
 1553 4689 3151 63 16 1.10 1.14 3152
 1553 4673 3151 63 14 1.10 1.14 3152
 1553 4257 3151 93 101 1.10 6.14 3152
 1553 4273 3151 93 101 1.10 6.14 3152
 1569 4353 3151 93 104 1.10 6.14 3152
 1569 4417 3192 71 1 1.10 1.14 3193
 1569 4449 3151 61 22 1.10 1.14 3152
 1569 4705 3693 93 143 1.10 6.14 3694
 1569 4689 3151 93 101 1.10 6.14 3152
 1569 4673 3151 93 106 1.10 6.14 3152
 1569 4641 3192 54 1 1.10 -5.86 3193
 1569 4257 3151 93 101 1.10 6.14 3152
 1569 4273 3151 93 101 1.10 6.14 3152
 1585 4353 3151 93 139 1.10 6.14 3152
 1585 4369 3151 93 137 1.10 6.14 3152
 1585 4449 3151 61 22 1.10 1.14 3152
 1585 4689 3151 93 101 1.10 6.14 3152
 1585 4673 3151 93 98 1.10 6.14 3152
 1585 4257 3151 93 101 1.10 6.14 3152
 1585 4273 3151 93 101 1.10 6.14 3152
 1601 4353 3151 93 101 1.10 6.14 3152
 1601 4369 3151 93 138 1.10 6.14 3152
 1601 4689 3151 93 101 1.10 6.14 3152
 1601 4673 3151 93 98 1.10 6.14 3152
 1601 4257 3151 93 101 1.10 6.14 3152
 1601 4273 3151 93 101 1.10 6.14 3152
 1617 4289 3693 93 143 1.10 6.14 3694
 1617 4353 3151 93 101 1.10 6.14 3152
 1617 4369 3151 93 139 1.10 6.14 3152
 1617 4385 3151 93 135 1.10 6.14 3152
 1617 4689 3151 93 101 1.10 6.14 3152
 1617 4673 3151 93 98 1.10 6.14 3152
 1617 4257 3151 93 101 1.10 6.14 3152
 1617 4273 3151 93 101 1.10 6.14 3152
 1633 4545 3151 93 103 1.10 6.14 3152
 1633 4353 3151 93 101 1.10 6.14 3152
 1633 4369 3151 93 101 1.10 6.14 3152
 1633 4385 3151 93 112 1.10 6.14 3152
 1633 4401 3151 93 100 1.10 6.14 3152
 1633 4417 3151 93 100 1.10 6.14 3152
 1633 4433 3151 93 100 1.10 6.14 3152
 1633 4449 3151 93 100 1.10 6.14 3152
 1633 4465 3151 93 100 1.10 6.14 3152
 1633 4481 3151 93 100 1.10 6.14 3152
 1633 4497 3151 93 100 1.10 6.14 3152
 1633 4529 3151 93 100 1.10 6.14 3152
 1633 4513 3151 93 100 1.10 6.14 3152
 1633 4753 3151 93 101 1.10 6.14 3152
 1633 4689 3693 93 143 1.10 6.14 3694
 1633 4673 3151 93 98 1.10 6.14 3152
 1633 4257 3151 93 101 1.10 6.14 3152
 1633 4273 3151 93 101 1.10 6.14 3152
 1649 4545 3151 93 104 1.10 6.14 3152
 1649 4353 3693 93 143 1.10 6.14 3694
 1649 4417 3151 93 101 1.10 6.14 3152
 1649 4433 3151 93 101 1.10 6.14 3152
 1649 4449 3195 93 144 1.10 6.14 3196
 1649 4753 3151 93 101 1.10 6.14 3152
 1649 4673 3151 93 98 1.10 6.14 3152
 1649 4657 3151 57 28 1.10 -5.86 3152
 1649 4257 3151 93 101 1.10 6.14 3152
 1649 4273 3151 93 101 1.10 6.14 3152
 1665 4545 3151 93 104 1.10 6.14 3152
 1665 4417 3151 93 101 1.10 6.14 3152
 1665 4433 3151 93 101 1.10 6.14 3152
 1665 4753 3151 93 101 1.10 6.14 3152
 1665 4673 3151 93 98 1.10 6.14 3152
 1665 4257 3151 93 101 1.10 6.14 3152
 1665 4273 3151 93 101 1.10 6.14 3152
 1681 4321 3151 93 101 1.10 6.14 3152
 1681 4337 3151 93 101 1.10 6.14 3152
 1681 4753 3151 93 101 1.10 6.14 3152
 1681 4417 3151 93 101 1.10 6.14 3152
 1681 4433 3151 93 101 1.10 6.14 3152
 1681 4673 3151 93 108 1.10 6.14 3152
 1681 4545 3151 93 104 1.10 6.14 3152
 1697 4321 3151 93 101 1.10 6.14 3152
 1697 4337 3151 93 101 1.10 6.14 3152
 1697 4753 3151 63 16 1.10 1.14 3152
 1697 4737 3151 63 16 1.10 1.14 3152
 1697 4721 3151 63 16 1.10 1.14 3152
 1697 4705 3151 63 16 1.10 1.14 3152
 1697 4417 3151 93 101 1.10 6.14 3152
 1697 4433 3151 93 101 1.10 6.14 3152
 1697 4545 3151 93 104 1.10 6.14 3152
 1697 4689 3151 63 14 1.10 1.14 3152
 1697 4673 3151 63 21 1.10 1.14 3152
 1713 4753 3151 63 16 1.10 1.14 3152
 1713 4737 3151 63 16 1.10 1.14 3152
 1713 4721 3151 63 16 1.10 1.14 3152
 1713 4385 3693 93 143 1.10 6.14 3694
 1713 4545 3151 93 104 1.10 6.14 3152
 1713 4705 3151 63 16 1.10 1.14 3152
 1713 4689 3151 63 14 1.10 1.14 3152
 1713 4673 3151 63 21 1.10 1.14 3152
 1729 4753 3151 63 16 1.10 1.14 3152
 1729 4737 3151 63 16 1.10 1.14 3152
 1729 4721 3151 63 16 1.10 1.14 3152
 1729 4705 3151 63 16 1.10 1.14 3152
 1729 4689 3151 63 14 1.10 1.14 3152
 1729 4545 3151 93 104 1.10 6.14 3152
 1729 4673 3151 63 21 1.10 1.14 3152
 1745 4753 3151 63 16 1.10 1.14 3152
 1745 4737 3151 63 16 1.10 1.14 3152
 1745 4721 3151 63 16 1.10 1.14 3152
 1745 4705 3151 63 16 1.10 1.14 3152
 1745 4689 3151 63 15 1.10 1.14 3152
 1745 4673 3151 63 21 1.10 1.14 3152
 1745 4545 3151 93 104 1.10 6.14 3152
 1745 4449 3195 93 144 1.10 6.14 3196
 1745 4625 3151 67 1 1.10 1.14 3152
 1761 4753 3151 63 16 1.10 1.14 3152
 1761 4737 3151 63 16 1.10 1.14 3152
 1761 4721 3151 63 16 1.10 1.14 3152
 1761 4705 3151 63 16 1.10 1.14 3152
 1761 4689 3151 63 14 1.10 1.14 3152
 1761 4545 3151 93 104 1.10 6.14 3152
 1777 4753 3151 63 16 1.10 1.14 3152
 1777 4737 3151 63 16 1.10 1.14 3152
 1777 4721 3151 63 16 1.10 1.14 3152
 1777 4705 3151 63 16 1.10 1.14 3152
 1777 4561 3151 93 137 1.10 6.14 3152
 1777 4545 3151 93 139 1.10 6.14 3152
 1777 4689 3151 63 14 1.10 1.14 3152
 1793 4753 3151 63 16 1.10 1.14 3152
 1793 4737 3151 63 16 1.10 1.14 3152
 1793 4721 3151 63 16 1.10 1.14 3152
 1793 4705 3151 63 16 1.10 1.14 3152
 1793 4561 3151 93 138 1.10 6.14 3152
 1793 4545 3151 93 101 1.10 6.14 3152
 1793 4689 3151 63 14 1.10 1.14 3152
 1809 4753 3151 63 16 1.10 1.14 3152
 1809 4737 3151 63 16 1.10 1.14 3152
 1809 4721 3151 63 16 1.10 1.14 3152
 1809 4705 3151 63 16 1.10 1.14 3152
 1809 4561 3151 93 104 1.10 6.14 3152
 1809 4545 3151 93 101 1.10 6.14 3152
 1809 4689 3151 63 14 1.10 1.14 3152
 1825 4753 3151 63 16 1.10 1.14 3152
 1825 4737 3151 63 16 1.10 1.14 3152
 1825 4721 3151 63 16 1.10 1.14 3152
 1825 4689 3196 63 20 1.10 1.14 3197
 1825 4577 3151 93 137 1.10 6.14 3152
 1825 4561 3151 93 139 1.10 6.14 3152
 1825 4545 3151 93 101 1.10 6.14 3152
 1841 4753 3151 63 16 1.10 1.14 3152
 1841 4737 3151 63 16 1.10 1.14 3152
 1841 4721 3151 63 16 1.10 1.14 3152
 1841 4577 3151 93 138 1.10 6.14 3152
 1841 4561 3151 93 101 1.10 6.14 3152
 1841 4545 3151 93 101 1.10 6.14 3152
 1841 4449 3195 93 144 1.10 6.14 3196
 1857 4753 3151 63 16 1.10 1.14 3152
 1857 4737 3151 63 16 1.10 1.14 3152
 1857 4705 3196 63 20 1.10 1.14 3197
 1857 4577 3151 93 104 1.10 6.14 3152
 1857 4561 3151 93 101 1.10 6.14 3152
 1857 4545 3151 93 101 1.10 6.14 3152
 1873 4753 3151 63 16 1.10 1.14 3152
 1873 4737 3151 63 16 1.10 1.14 3152
 1873 4593 3151 93 137 1.10 6.14 3152
 1873 4577 3151 93 139 1.10 6.14 3152
 1873 4561 3151 93 101 1.10 6.14 3152
 1873 4545 3151 93 101 1.10 6.14 3152
 1889 4753 3151 63 16 1.10 1.14 3152
 1889 4721 3192 63 18 1.10 1.14 3193
 1889 4593 3151 93 138 1.10 6.14 3152
 1889 4577 3151 93 101 1.10 6.14 3152
 1889 4561 3151 93 101 1.10 6.14 3152
 1889 4545 3151 93 101 1.10 6.14 3152
 1905 4753 3151 63 16 1.10 1.14 3152
 1905 4737 3151 63 14 1.10 1.14 3152
 1905 4609 3151 93 137 1.10 6.14 3152
 1905 4593 3151 93 139 1.10 6.14 3152
 1905 4577 3151 93 101 1.10 6.14 3152
 1905 4561 3151 93 101 1.10 6.14 3152
 1905 4545 3151 93 101 1.10 6.14 3152
 1921 4753 3151 63 16 1.10 1.14 3152
 1921 4737 3151 63 14 1.10 1.14 3152
 1921 4721 3151 63 22 1.10 1.14 3152
 1921 4545 3151 93 101 1.10 6.14 3152
 1921 4609 3151 93 138 1.10 6.14 3152
 1921 4561 3151 93 101 1.10 6.14 3152
 1921 4593 3151 93 101 1.10 6.14 3152
 1921 4577 3151 93 101 1.10 6.14 3152
 1937 4753 3151 63 16 1.10 1.14 3152
 1937 4737 3151 63 14 1.10 1.14 3152
 1937 4545 3151 93 101 1.10 6.14 3152
 1937 4609 3151 93 104 1.10 6.14 3152
 1937 4593 3151 93 101 1.10 6.14 3152
 1937 4577 3151 93 101 1.10 6.14 3152
 1937 4561 3151 93 101 1.10 6.14 3152
 1937 4449 3195 93 144 1.10 6.14 3196
 1953 4753 3151 63 16 1.10 1.14 3152
 1953 4737 3151 63 14 1.10 1.14 3152
 1953 4609 3151 93 104 1.10 6.14 3152
 1953 4545 3693 93 143 1.10 6.14 3694
 1969 4753 3151 63 16 1.10 1.14 3152
 1969 4737 3151 63 14 1.10 1.14 3152
 1969 4609 3151 93 104 1.10 6.14 3152
 1985 4737 3151 63 15 1.10 1.14 3152
 1985 4753 3151 63 16 1.10 1.14 3152
 1985 4673 3151 67 1 1.10 1.14 3152
 1985 4609 3151 93 104 1.10 6.14 3152
 2001 4753 3151 63 16 1.10 1.14 3152
 2001 4721 3196 63 19 1.10 1.14 3197
 2001 4609 3151 93 104 1.10 6.14 3152
 2017 4753 3151 63 16 1.10 1.14 3152
 2017 4545 3151 93 101 1.10 6.14 3152
 2017 4609 3151 93 104 1.10 6.14 3152
 2017 4593 3151 93 101 1.10 6.14 3152
 2017 4577 3151 93 101 1.10 6.14 3152
 2017 4561 3151 93 101 1.10 6.14 3152
 2033 4737 3151 63 16 1.10 1.14 3152
 2033 4753 3151 63 16 1.10 1.14 3152
 2033 4721 3151 63 15 1.10 1.14 3152
 2033 4673 3151 67 1 1.10 1.14 3152
 2033 4545 3151 93 101 1.10 6.14 3152
 2033 4609 3151 93 104 1.10 6.14 3152
 2033 4593 3151 93 101 1.10 6.14 3152
 2033 4577 3151 93 101 1.10 6.14 3152
 2033 4561 3151 93 101 1.10 6.14 3152
 2033 4449 3195 93 144 1.10 6.14 3196
 2049 4753 3151 63 16 1.10 1.14 3152
 2049 4721 3196 63 20 1.10 1.14 3197
 2049 4545 3151 93 101 1.10 6.14 3152
 2049 4609 3151 93 104 1.10 6.14 3152
 2049 4593 3151 93 101 1.10 6.14 3152
 2049 4577 3151 93 101 1.10 6.14 3152
 2049 4561 3151 93 101 1.10 6.14 3152
 2065 4753 3151 63 16 1.10 1.14 3152
 2065 4545 3151 93 101 1.10 6.14 3152
 2065 4609 3151 93 136 1.10 6.14 3152
 2065 4593 3151 93 111 1.10 6.14 3152
 2065 4577 3151 93 101 1.10 6.14 3152
 2065 4561 3151 93 101 1.10 6.14 3152
 2081 4737 3151 63 15 1.10 1.14 3152
 2081 4753 3151 63 16 1.10 1.14 3152
 2081 4673 3151 67 1 1.10 1.14 3152
 2081 4545 3151 93 101 1.10 6.14 3152
 2081 4593 3151 93 136 1.10 6.14 3152
 2081 4561 3151 93 101 1.10 6.14 3152
 2081 4577 3151 93 111 1.10 6.14 3152
 2097 4753 3151 63 16 1.10 1.14 3152
 2097 4721 3196 63 19 1.10 1.14 3197
 2097 4545 3151 93 101 1.10 6.14 3152
 2097 4577 3151 93 136 1.10 6.14 3152
 2097 4561 3151 93 111 1.10 6.14 3152
 2113 4753 3151 63 16 1.10 1.14 3152
 2113 4545 3151 93 111 1.10 6.14 3152
 2113 4561 3151 93 136 1.10 6.14 3152
 2129 4753 3151 63 16 1.10 1.14 3152
 2129 4737 3151 63 16 1.10 1.14 3152
 2129 4721 3151 63 15 1.10 1.14 3152
 2129 4673 3151 67 1 1.10 1.14 3152
 2129 4545 3151 93 104 1.10 6.14 3152
 2129 4449 3195 93 144 1.10 6.14 3196
 2145 4737 3151 63 16 1.10 1.14 3152
 2145 4753 3151 63 16 1.10 1.14 3152
 2145 4721 3151 63 14 1.10 1.14 3152
 2145 4545 3151 93 104 1.10 6.14 3152
 2161 4737 3151 63 16 1.10 1.14 3152
 2161 4753 3151 63 16 1.10 1.14 3152
 2161 4721 3151 63 14 1.10 1.14 3152
 2161 4545 3151 93 104 1.10 6.14 3152
 2177 4753 3151 63 16 1.10 1.14 3152
 2177 4737 3151 63 16 1.10 1.14 3152
 2177 4721 3151 63 14 1.10 1.14 3152
 2177 4545 3151 93 104 1.10 6.14 3152
 2193 4737 3151 63 16 1.10 1.14 3152
 2193 4753 3151 63 16 1.10 1.14 3152
 2193 4705 3196 63 19 1.10 1.14 3197
 2193 4545 3151 93 104 1.10 6.14 3152
 2209 4737 3151 63 16 1.10 1.14 3152
 2209 4753 3151 63 16 1.10 1.14 3152
 2209 4545 3151 93 104 1.10 6.14 3152
 2225 4737 3151 63 16 1.10 1.14 3152
 2225 4753 3151 63 16 1.10 1.14 3152
 2225 4721 3151 63 16 1.10 1.14 3152
 2225 4689 3196 63 19 1.10 1.14 3197
 2225 4545 3151 93 112 1.10 6.14 3152
 2225 4561 3151 93 135 1.10 6.14 3152
 2225 4449 3195 93 144 1.10 6.14 3196
 2241 4737 3151 63 16 1.10 1.14 3152
 2241 4753 3151 63 16 1.10 1.14 3152
 2241 4721 3151 63 16 1.10 1.14 3152
 2241 4545 3151 93 101 1.10 6.14 3152
 2241 4577 3151 93 135 1.10 6.14 3152
 2241 4561 3151 93 112 1.10 6.14 3152
 2257 4753 3151 63 16 1.10 1.14 3152
 2257 4737 3151 63 16 1.10 1.14 3152
 2257 4721 3151 63 16 1.10 1.14 3152
 2257 4705 3151 63 16 1.10 1.14 3152
 2257 4673 3196 63 19 1.10 1.14 3197
 2257 4545 3151 93 101 1.10 6.14 3152
 2257 4577 3151 93 104 1.10 6.14 3152
 2257 4561 3151 93 101 1.10 6.14 3152
 2273 4753 3151 63 16 1.10 1.14 3152
 2273 4737 3151 63 16 1.10 1.14 3152
 2273 4705 3151 63 16 1.10 1.14 3152
 2273 4721 3151 63 16 1.10 1.14 3152
 2273 4577 3151 93 104 1.10 6.14 3152
 2273 4545 3151 93 101 1.10 6.14 3152
 2273 4561 3151 93 101 1.10 6.14 3152
 2289 4753 3151 63 16 1.10 1.14 3152
 2289 4737 3151 63 16 1.10 1.14 3152
 2289 4721 3151 63 16 1.10 1.14 3152
 2289 4705 3151 63 16 1.10 1.14 3152
 2289 4673 3151 63 14 1.10 1.14 3152
 2289 4689 3151 63 16 1.10 1.14 3152
 2289 4577 3151 93 104 1.10 6.14 3152
 2289 4545 3151 93 101 1.10 6.14 3152
 2289 4561 3151 93 101 1.10 6.14 3152
 2305 4753 3151 63 16 1.10 1.14 3152
 2305 4737 3151 63 16 1.10 1.14 3152
 2305 4705 3151 63 16 1.10 1.14 3152
 2305 4721 3151 63 16 1.10 1.14 3152
 2305 4689 3151 63 16 1.10 1.14 3152
 2305 4673 3151 63 15 1.10 1.14 3152
 2305 4577 3151 93 104 1.10 6.14 3152
 2305 4545 3151 93 101 1.10 6.14 3152
 2305 4561 3151 93 101 1.10 6.14 3152
 2305 4625 3151 67 1 1.10 1.14 3152
 2321 4753 3151 63 16 1.10 1.14 3152
 2321 4737 3151 63 16 1.10 1.14 3152
 2321 4705 3151 63 16 1.10 1.14 3152
 2321 4721 3151 63 16 1.10 1.14 3152
 2321 4673 3151 63 14 1.10 1.14 3152
 2321 4689 3151 63 16 1.10 1.14 3152
 2321 4577 3151 93 104 1.10 6.14 3152
 2321 4545 3151 93 101 1.10 6.14 3152
 2321 4561 3151 93 101 1.10 6.14 3152
 2321 4449 3195 93 144 1.10 6.14 3196
 2337 4753 3151 63 16 1.10 1.14 3152
 2337 4737 3151 63 16 1.10 1.14 3152
 2337 4705 3151 63 16 1.10 1.14 3152
 2337 4721 3151 63 16 1.10 1.14 3152
 2337 4689 3151 63 16 1.10 1.14 3152
 2337 4673 3151 63 14 1.10 1.14 3152
 2337 4577 3151 93 104 1.10 6.14 3152
 2337 4545 3151 93 101 1.10 6.14 3152
 2337 4561 3151 93 101 1.10 6.14 3152
 2353 4753 3151 63 16 1.10 1.14 3152
 2353 4737 3151 63 16 1.10 1.14 3152
 2353 4721 3151 63 16 1.10 1.14 3152
 2353 4705 3151 63 16 1.10 1.14 3152
 2353 4689 3151 63 16 1.10 1.14 3152
 2353 4673 3151 63 14 1.10 1.14 3152
 2353 4577 3151 93 104 1.10 6.14 3152
 2353 4545 3151 93 101 1.10 6.14 3152
 2353 4561 3151 93 101 1.10 6.14 3152
 2369 4753 3151 63 16 1.10 1.14 3152
 2369 4737 3151 63 16 1.10 1.14 3152
 2369 4721 3151 63 16 1.10 1.14 3152
 2369 4705 3151 63 16 1.10 1.14 3152
 2369 4689 3151 63 16 1.10 1.14 3152
 2369 4673 3151 63 14 1.10 1.14 3152
 2369 4577 3151 93 104 1.10 6.14 3152
 2369 4545 3151 93 101 1.10 6.14 3152
 2369 4561 3151 93 101 1.10 6.14 3152
 2385 4753 3151 63 16 1.10 1.14 3152
 2385 4737 3151 63 16 1.10 1.14 3152
 2385 4721 3151 63 16 1.10 1.14 3152
 2385 4705 3151 63 16 1.10 1.14 3152
 2385 4673 3151 63 14 1.10 1.14 3152
 2385 4689 3151 63 16 1.10 1.14 3152
 2385 4577 3151 93 136 1.10 6.14 3152
 2385 4561 3151 93 111 1.10 6.14 3152
 2385 4545 3151 93 101 1.10 6.14 3152
 2401 4753 3151 63 16 1.10 1.14 3152
 2401 4737 3151 63 16 1.10 1.14 3152
 2401 4721 3151 63 16 1.10 1.14 3152
 2401 4705 3151 63 16 1.10 1.14 3152
 2401 4673 3151 63 14 1.10 1.14 3152
 2401 4689 3151 63 16 1.10 1.14 3152
 2401 4561 3151 93 136 1.10 6.14 3152
 2401 4545 3151 93 111 1.10 6.14 3152
 2417 4753 3151 63 16 1.10 1.14 3152
 2417 4737 3151 63 16 1.10 1.14 3152
 2417 4721 3151 63 16 1.10 1.14 3152
 2417 4705 3151 63 16 1.10 1.14 3152
 2417 4657 3151 63 22 1.10 1.14 3152
 2417 4673 3151 63 14 1.10 1.14 3152
 2417 4689 3151 63 16 1.10 1.14 3152
 2417 4529 3151 93 111 1.10 6.14 3152
 2417 4545 3151 93 136 1.10 6.14 3152
 2417 4433 3195 93 144 1.10 6.14 3196
 2433 4753 3151 63 16 1.10 1.14 3152
 2433 4737 3151 63 16 1.10 1.14 3152
 2433 4721 3151 63 16 1.10 1.14 3152
 2433 4705 3151 63 16 1.10 1.14 3152
 2433 4673 3192 63 18 1.10 1.14 3193
 2433 4529 3151 93 104 1.10 6.14 3152
 2449 4753 3151 63 16 1.10 1.14 3152
 2449 4737 3151 63 16 1.10 1.14 3152
 2449 4721 3151 63 16 1.10 1.14 3152
 2449 4689 3192 63 18 1.10 1.14 3193
 2449 4529 3151 93 104 1.10 6.14 3152
 2465 4753 3151 63 16 1.10 1.14 3152
 2465 4737 3151 63 16 1.10 1.14 3152
 2465 4721 3151 63 16 1.10 1.14 3152
 2465 4705 3151 63 14 1.10 1.14 3152
 2465 4529 3151 93 104 1.10 6.14 3152
 2481 4753 3151 63 16 1.10 1.14 3152
 2481 4737 3151 63 16 1.10 1.14 3152
 2481 4721 3151 63 16 1.10 1.14 3152
 2481 4705 3151 63 14 1.10 1.14 3152
 2481 4529 3151 93 104 1.10 6.14 3152
 2497 4753 3151 63 16 1.10 1.14 3152
 2497 4737 3151 63 16 1.10 1.14 3152
 2497 4721 3151 63 16 1.10 1.14 3152
 2497 4705 3151 63 14 1.10 1.14 3152
 2497 4529 3151 93 104 1.10 6.14 3152
 2513 4753 3151 63 16 1.10 1.14 3152
 2513 4737 3151 63 16 1.10 1.14 3152
 2513 4721 3151 63 16 1.10 1.14 3152
 2513 4705 3151 63 14 1.10 1.14 3152
 2513 4689 3151 63 22 1.10 1.14 3152
 2513 4529 3151 93 104 1.10 6.14 3152
 2513 4433 3195 93 144 1.10 6.14 3196
 2529 4753 3151 63 16 1.10 1.14 3152
 2529 4737 3151 63 16 1.10 1.14 3152
 2529 4721 3151 63 16 1.10 1.14 3152
 2529 4705 3151 63 14 1.10 1.14 3152
 2529 4529 3151 93 104 1.10 6.14 3152
 2545 4753 3151 63 16 1.10 1.14 3152
 2545 4737 3151 63 16 1.10 1.14 3152
 2545 4721 3151 63 16 1.10 1.14 3152
 2545 4705 3151 63 14 1.10 1.14 3152
 2545 4529 3151 93 104 1.10 6.14 3152
 2561 4753 3151 63 16 1.10 1.14 3152
 2561 4737 3151 63 16 1.10 1.14 3152
 2561 4721 3151 63 16 1.10 1.14 3152
 2561 4705 3151 63 14 1.10 1.14 3152
 2561 4529 3151 93 104 1.10 6.14 3152
 2577 4753 3151 63 16 1.10 1.14 3152
 2577 4737 3151 63 16 1.10 1.14 3152
 2577 4721 3151 63 16 1.10 1.14 3152
 2577 4705 3151 63 14 1.10 1.14 3152
 2577 4689 3151 63 22 1.10 1.14 3152
 2577 4529 3151 93 104 1.10 6.14 3152
 2593 4753 3151 63 16 1.10 1.14 3152
 2593 4737 3151 63 16 1.10 1.14 3152
 2593 4721 3151 63 16 1.10 1.14 3152
 2593 4705 3151 63 14 1.10 1.14 3152
 2593 4529 3151 93 104 1.10 6.14 3152
 2609 4753 3151 63 16 1.10 1.14 3152
 2609 4737 3151 63 16 1.10 1.14 3152
 2609 4721 3151 63 16 1.10 1.14 3152
 2609 4705 3151 63 14 1.10 1.14 3152
 2609 4529 3151 93 104 1.10 6.14 3152
 2609 4433 3195 93 144 1.10 6.14 3196
 2625 4753 3151 63 16 1.10 1.14 3152
 2625 4737 3151 63 16 1.10 1.14 3152
 2625 4721 3151 63 16 1.10 1.14 3152
 2625 4705 3151 63 14 1.10 1.14 3152
 2625 4529 3151 93 104 1.10 6.14 3152
 2641 4753 3151 63 16 1.10 1.14 3152
 2641 4737 3151 63 16 1.10 1.14 3152
 2641 4721 3151 63 16 1.10 1.14 3152
 2641 4705 3151 63 14 1.10 1.14 3152
 2641 4689 3151 63 22 1.10 1.14 3152
 2641 4529 3151 93 104 1.10 6.14 3152
 2657 4753 3151 63 16 1.10 1.14 3152
 2657 4737 3151 63 16 1.10 1.14 3152
 2657 4721 3151 63 16 1.10 1.14 3152
 2657 4705 3151 63 14 1.10 1.14 3152
 2657 4529 3151 93 112 1.10 6.14 3152
 2657 4577 3151 93 135 1.10 6.14 3152
 2657 4561 3151 93 100 1.10 6.14 3152
 2657 4545 3151 93 100 1.10 6.14 3152
 2673 4753 3151 63 16 1.10 1.14 3152
 2673 4737 3151 63 16 1.10 1.14 3152
 2673 4721 3151 63 16 1.10 1.14 3152
 2673 4705 3151 63 14 1.10 1.14 3152
 2673 4529 3151 93 101 1.10 6.14 3152
 2673 4593 3151 93 135 1.10 6.14 3152
 2673 4577 3151 93 112 1.10 6.14 3152
 2673 4561 3151 93 101 1.10 6.14 3152
 2673 4545 3151 93 101 1.10 6.14 3152
 2689 4753 3151 63 16 1.10 1.14 3152
 2689 4737 3151 63 16 1.10 1.14 3152
 2689 4721 3151 63 16 1.10 1.14 3152
 2689 4705 3151 63 14 1.10 1.14 3152
 2689 4593 3151 93 104 1.10 6.14 3152
 2689 4529 3693 93 143 1.10 6.14 3694
 2705 4753 3151 63 16 1.10 1.14 3152
 2705 4737 3151 63 16 1.10 1.14 3152
 2705 4721 3151 63 16 1.10 1.14 3152
 2705 4705 3151 63 14 1.10 1.14 3152
 2705 4593 3151 93 104 1.10 6.14 3152
 2705 4433 3195 93 144 1.10 6.14 3196
 2721 4753 3151 63 16 1.10 1.14 3152
 2721 4737 3151 63 16 1.10 1.14 3152
 2721 4721 3151 63 16 1.10 1.14 3152
 2721 4705 3151 63 14 1.10 1.14 3152
 2721 4593 3151 93 104 1.10 6.14 3152
 2737 4753 3151 63 16 1.10 1.14 3152
 2737 4737 3151 63 16 1.10 1.14 3152
 2737 4705 3151 63 15 1.10 1.14 3152
 2737 4721 3151 63 16 1.10 1.14 3152
 2737 4641 3151 67 1 1.10 1.14 3152
 2737 4593 3151 93 104 1.10 6.14 3152
 2753 4753 3151 63 16 1.10 1.14 3152
 2753 4737 3151 63 16 1.10 1.14 3152
 2753 4705 3151 63 15 1.10 1.14 3152
 2753 4721 3151 63 16 1.10 1.14 3152
 2753 4641 3151 67 1 1.10 1.14 3152
 2753 4529 3151 93 101 1.10 6.14 3152
 2753 4593 3151 93 104 1.10 6.14 3152
 2753 4577 3151 93 101 1.10 6.14 3152
 2753 4561 3151 93 101 1.10 6.14 3152
 2753 4545 3151 93 101 1.10 6.14 3152
 2769 4753 3151 63 16 1.10 1.14 3152
 2769 4737 3151 63 16 1.10 1.14 3152
 2769 4705 3151 63 15 1.10 1.14 3152
 2769 4721 3151 63 16 1.10 1.14 3152
 2769 4641 3151 67 1 1.10 1.14 3152
 2769 4529 3151 93 101 1.10 6.14 3152
 2769 4593 3151 93 104 1.10 6.14 3152
 2769 4577 3151 93 101 1.10 6.14 3152
 2769 4545 3151 93 101 1.10 6.14 3152
 2769 4561 3151 93 101 1.10 6.14 3152
 2785 4753 3151 63 16 1.10 1.14 3152
 2785 4737 3151 63 16 1.10 1.14 3152
 2785 4705 3151 63 14 1.10 1.14 3152
 2785 4721 3151 63 16 1.10 1.14 3152
 2785 4529 3151 93 101 1.10 6.14 3152
 2785 4593 3151 93 105 1.10 6.14 3152
 2785 4577 3151 93 111 1.10 6.14 3152
 2785 4561 3151 93 101 1.10 6.14 3152
 2785 4545 3151 93 101 1.10 6.14 3152
 2801 4753 3151 63 16 1.10 1.14 3152
 2801 4737 3151 63 16 1.10 1.14 3152
 2801 4705 3151 63 14 1.10 1.14 3152
 2801 4721 3151 63 16 1.10 1.14 3152
 2801 4529 3151 93 101 1.10 6.14 3152
 2801 4577 3151 93 141 1.10 6.14 3152
 2801 4561 3151 93 101 1.10 6.14 3152
 2801 4545 3151 93 101 1.10 6.14 3152
 2801 4433 3195 93 144 1.10 6.14 3196
 2817 4753 3151 63 16 1.10 1.14 3152
 2817 4737 3151 63 16 1.10 1.14 3152
 2817 4721 3151 63 16 1.10 1.14 3152
 2817 4705 3151 63 14 1.10 1.14 3152
 2817 4529 3151 93 101 1.10 6.14 3152
 2817 4577 3151 93 142 1.10 6.14 3152
 2817 4561 3151 93 111 1.10 6.14 3152
 2817 4545 3151 93 101 1.10 6.14 3152
 2833 4753 3151 63 16 1.10 1.14 3152
 2833 4737 3151 63 16 1.10 1.14 3152
 2833 4721 3151 63 16 1.10 1.14 3152
 2833 4705 3151 63 14 1.10 1.14 3152
 2833 4417 3151 93 101 1.10 6.14 3152
 2833 4401 3151 93 101 1.10 6.14 3152
 2833 4529 3151 93 101 1.10 6.14 3152
 2833 4561 3151 93 136 1.10 6.14 3152
 2833 4545 3151 93 111 1.10 6.14 3152
 2833 4337 3693 93 143 1.10 6.14 3694
 2849 4753 3151 63 16 1.10 1.14 3152
 2849 4737 3151 63 16 1.10 1.14 3152
 2849 4721 3151 63 16 1.10 1.14 3152
 2849 4705 3151 63 14 1.10 1.14 3152
 2849 4689 3151 63 8 1.10 1.14 3152
 2849 4673 3151 63 8 1.10 1.14 3152
 2849 4417 3151 93 101 1.10 6.14 3152
 2849 4401 3151 93 101 1.10 6.14 3152
 2849 4529 3151 93 111 1.10 6.14 3152
 2849 4545 3151 93 136 1.10 6.14 3152
 2865 4753 3151 63 16 1.10 1.14 3152
 2865 4737 3151 63 16 1.10 1.14 3152
 2865 4705 3151 63 14 1.10 1.14 3152
 2865 4721 3151 63 16 1.10 1.14 3152
 2865 4417 3151 93 101 1.10 6.14 3152
 2865 4401 3151 93 101 1.10 6.14 3152
 2865 4529 3151 93 104 1.10 6.14 3152
 2881 4753 3151 63 16 1.10 1.14 3152
 2881 4737 3151 63 16 1.10 1.14 3152
 2881 4705 3151 63 14 1.10 1.14 3152
 2881 4721 3151 63 16 1.10 1.14 3152
 2881 4401 3151 93 101 1.10 6.14 3152
 2881 4417 3151 93 101 1.10 6.14 3152
 2881 4529 3151 93 104 1.10 6.14 3152
 2897 4753 3151 63 16 1.10 1.14 3152
 2897 4737 3151 63 16 1.10 1.14 3152
 2897 4705 3151 63 14 1.10 1.14 3152
 2897 4721 3151 63 16 1.10 1.14 3152
 2897 4529 3151 93 104 1.10 6.14 3152
 2897 4337 3693 93 143 1.10 6.14 3694
 2897 4401 3693 93 143 1.10 6.14 3694
 2897 4465 3693 93 143 1.10 6.14 3694
 2913 4753 3151 63 16 1.10 1.14 3152
 2913 4737 3151 63 16 1.10 1.14 3152
 2913 4705 3151 63 14 1.10 1.14 3152
 2913 4721 3151 63 16 1.10 1.14 3152
 2913 4529 3151 93 104 1.10 6.14 3152
 2929 4753 3151 63 16 1.10 1.14 3152
 2929 4737 3151 63 16 1.10 1.14 3152
 2929 4705 3151 63 14 1.10 1.14 3152
 2929 4721 3151 63 16 1.10 1.14 3152
 2929 4689 3151 63 8 1.10 1.14 3152
 2929 4673 3151 63 8 1.10 1.14 3152
 2929 4529 3151 93 104 1.10 6.14 3152
 2945 4753 3151 63 16 1.10 1.14 3152
 2945 4737 3151 63 16 1.10 1.14 3152
 2945 4705 3151 63 14 1.10 1.14 3152
 2945 4721 3151 63 16 1.10 1.14 3152
 2945 4529 3151 93 104 1.10 6.14 3152
 2961 4753 3151 63 16 1.10 1.14 3152
 2961 4737 3151 63 16 1.10 1.14 3152
 2961 4705 3151 63 14 1.10 1.14 3152
 2961 4721 3151 63 16 1.10 1.14 3152
 2961 4417 3151 93 111 1.10 6.14 3152
 2961 4433 3151 93 102 1.10 6.14 3152
 2961 4449 3151 93 102 1.10 6.14 3152
 2961 4465 3151 93 102 1.10 6.14 3152
 2961 4481 3151 93 102 1.10 6.14 3152
 2961 4497 3151 93 114 1.10 6.14 3152
 2961 4529 3151 93 104 1.10 6.14 3152
 2961 4513 3151 93 101 1.10 6.14 3152
 2961 4321 3195 93 144 1.10 6.14 3196
 2977 4753 3151 63 16 1.10 1.14 3152
 2977 4737 3151 63 16 1.10 1.14 3152
 2977 4705 3151 63 14 1.10 1.14 3152
 2977 4721 3151 63 16 1.10 1.14 3152
 2977 4417 3151 93 104 1.10 6.14 3152
 2977 4497 3151 93 98 1.10 6.14 3152
 2977 4529 3151 93 104 1.10 6.14 3152
 2977 4513 3151 93 101 1.10 6.14 3152
 2977 4465 3192 71 31 1.10 1.14 3193
 2993 4753 3151 63 16 1.10 1.14 3152
 2993 4737 3151 63 16 1.10 1.14 3152
 2993 4705 3151 63 14 1.10 1.14 3152
 2993 4721 3151 63 16 1.10 1.14 3152
 2993 4417 3151 93 104 1.10 6.14 3152
 2993 4497 3151 93 98 1.10 6.14 3152
 2993 4529 3151 93 104 1.10 6.14 3152
 2993 4513 3151 93 101 1.10 6.14 3152
 2993 4449 3151 67 1 1.10 1.14 3152
 2993 4465 3151 67 1 1.10 1.14 3152
 3009 4753 3151 63 16 1.10 1.14 3152
 3009 4737 3151 63 16 1.10 1.14 3152
 3009 4721 3151 63 16 1.10 1.14 3152
 3009 4705 3151 63 14 1.10 1.14 3152
 3009 4689 3151 63 8 1.10 1.14 3152
 3009 4673 3151 63 8 1.10 1.14 3152
 3009 4417 3151 93 104 1.10 6.14 3152
 3009 4497 3151 93 98 1.10 6.14 3152
 3009 4529 3151 93 104 1.10 6.14 3152
 3009 4513 3151 93 101 1.10 6.14 3152
 3009 4449 3151 67 1 1.10 1.14 3152
 3009 4465 3151 67 1 1.10 1.14 3152
 3025 4753 3151 63 16 1.10 1.14 3152
 3025 4737 3151 63 16 1.10 1.14 3152
 3025 4721 3151 63 16 1.10 1.14 3152
 3025 4705 3151 63 14 1.10 1.14 3152
 3025 4417 3151 93 104 1.10 6.14 3152
 3025 4497 3151 93 98 1.10 6.14 3152
 3025 4529 3151 93 104 1.10 6.14 3152
 3025 4513 3151 93 101 1.10 6.14 3152
 3025 4449 3151 67 1 1.10 1.14 3152
 3025 4465 3151 67 1 1.10 1.14 3152
 3041 4753 3151 63 16 1.10 1.14 3152
 3041 4737 3151 63 16 1.10 1.14 3152
 3041 4721 3151 63 16 1.10 1.14 3152
 3041 4705 3151 63 14 1.10 1.14 3152
 3041 4417 3151 93 104 1.10 6.14 3152
 3041 4497 3151 93 98 1.10 6.14 3152
 3041 4529 3151 93 104 1.10 6.14 3152
 3041 4513 3151 93 101 1.10 6.14 3152
 3041 4449 3151 67 1 1.10 1.14 3152
 3041 4465 3151 67 1 1.10 1.14 3152
 3057 4753 3151 63 16 1.10 1.14 3152
 3057 4737 3151 63 16 1.10 1.14 3152
 3057 4721 3151 63 16 1.10 1.14 3152
 3057 4705 3151 63 14 1.10 1.14 3152
 3057 4689 3151 63 8 1.10 1.14 3152
 3057 4673 3151 63 8 1.10 1.14 3152
 3057 4417 3151 93 104 1.10 6.14 3152
 3057 4513 3151 93 101 1.10 6.14 3152
 3057 4529 3151 93 104 1.10 6.14 3152
 3057 4497 3151 93 98 1.10 6.14 3152
 3057 4321 3195 93 144 1.10 6.14 3196
 3057 4449 3151 67 1 1.10 1.14 3152
 3057 4465 3151 67 1 1.10 1.14 3152
 3073 4753 3151 63 16 1.10 1.14 3152
 3073 4737 3151 63 16 1.10 1.14 3152
 3073 4721 3151 63 16 1.10 1.14 3152
 3073 4705 3151 63 14 1.10 1.14 3152
 3073 4417 3151 93 104 1.10 6.14 3152
 3073 4513 3151 93 101 1.10 6.14 3152
 3073 4529 3151 93 104 1.10 6.14 3152
 3073 4497 3151 93 98 1.10 6.14 3152
 3089 4753 3151 63 16 1.10 1.14 3152
 3089 4737 3151 63 16 1.10 1.14 3152
 3089 4721 3151 63 16 1.10 1.14 3152
 3089 4705 3151 63 14 1.10 1.14 3152
 3089 4417 3151 93 104 1.10 6.14 3152
 3089 4513 3151 93 101 1.10 6.14 3152
 3089 4529 3151 93 104 1.10 6.14 3152
 3089 4497 3151 93 98 1.10 6.14 3152
 3105 4753 3151 63 16 1.10 1.14 3152
 3105 4737 3151 63 16 1.10 1.14 3152
 3105 4721 3151 63 16 1.10 1.14 3152
 3105 4705 3151 63 14 1.10 1.14 3152
 3105 4417 3151 93 104 1.10 6.14 3152
 3105 4513 3151 93 101 1.10 6.14 3152
 3105 4529 3151 93 104 1.10 6.14 3152
 3105 4497 3151 93 98 1.10 6.14 3152
 3121 4753 3151 63 16 1.10 1.14 3152
 3121 4737 3151 63 16 1.10 1.14 3152
 3121 4721 3151 63 16 1.10 1.14 3152
 3121 4705 3151 63 14 1.10 1.14 3152
 3121 4417 3151 93 104 1.10 6.14 3152
 3121 4529 3151 93 104 1.10 6.14 3152
 3121 4497 3151 93 98 1.10 6.14 3152
 3121 4513 3151 93 101 1.10 6.14 3152
 3137 4753 3151 93 100 1.10 6.14 3152
 3137 4737 3151 93 100 1.10 6.14 3152
 3137 4721 3151 93 100 1.10 6.14 3152
 3137 4705 3151 93 100 1.10 6.14 3152
 3137 4689 3151 93 100 1.10 6.14 3152
 3137 4673 3151 93 97 1.10 6.14 3152
 3137 4417 3151 93 104 1.10 6.14 3152
 3137 4529 3151 93 104 1.10 6.14 3152
 3137 4497 3151 93 98 1.10 6.14 3152
 3137 4513 3151 93 101 1.10 6.14 3152
 3153 4753 3151 93 101 1.10 6.14 3152
 3153 4737 3151 93 101 1.10 6.14 3152
 3153 4721 3151 93 101 1.10 6.14 3152
 3153 4705 3151 93 101 1.10 6.14 3152
 3153 4689 3151 93 101 1.10 6.14 3152
 3153 4673 3151 93 98 1.10 6.14 3152
 3153 4417 3151 93 104 1.10 6.14 3152
 3153 4529 3151 93 104 1.10 6.14 3152
 3153 4497 3151 93 98 1.10 6.14 3152
 3153 4513 3151 93 101 1.10 6.14 3152
 3153 4321 3195 93 144 1.10 6.14 3196
 3169 4753 3151 93 101 1.10 6.14 3152
 3169 4737 3151 93 101 1.10 6.14 3152
 3169 4721 3151 93 101 1.10 6.14 3152
 3169 4705 3151 93 101 1.10 6.14 3152
 3169 4689 3151 93 101 1.10 6.14 3152
 3169 4673 3151 93 98 1.10 6.14 3152
 3169 4417 3151 93 104 1.10 6.14 3152
 3169 4513 3151 93 101 1.10 6.14 3152
 3169 4529 3151 93 104 1.10 6.14 3152
 3169 4497 3151 93 98 1.10 6.14 3152
 3185 4753 3151 93 101 1.10 6.14 3152
 3185 4737 3151 93 101 1.10 6.14 3152
 3185 4721 3151 93 101 1.10 6.14 3152
 3185 4705 3151 93 101 1.10 6.14 3152
 3185 4689 3151 93 101 1.10 6.14 3152
 3185 4673 3151 93 98 1.10 6.14 3152
 3185 4417 3151 93 104 1.10 6.14 3152
 3185 4513 3151 93 101 1.10 6.14 3152
 3185 4529 3151 93 104 1.10 6.14 3152
 3185 4497 3151 93 98 1.10 6.14 3152
 3201 4753 3151 93 101 1.10 6.14 3152
 3201 4737 3151 93 101 1.10 6.14 3152
 3201 4721 3151 93 101 1.10 6.14 3152
 3201 4705 3151 93 101 1.10 6.14 3152
 3201 4689 3151 93 101 1.10 6.14 3152
 3201 4673 3151 93 98 1.10 6.14 3152
 3201 4417 3151 93 104 1.10 6.14 3152
 3201 4513 3151 93 101 1.10 6.14 3152
 3201 4529 3151 93 104 1.10 6.14 3152
 3201 4497 3151 93 98 1.10 6.14 3152
 3201 4641 3192 70 3 1.10 -4.86 3193
 3217 4753 3151 93 101 1.10 6.14 3152
 3217 4737 3151 93 101 1.10 6.14 3152
 3217 4721 3151 93 101 1.10 6.14 3152
 3217 4705 3151 93 101 1.10 6.14 3152
 3217 4689 3151 93 101 1.10 6.14 3152
 3217 4673 3151 93 98 1.10 6.14 3152
 3217 4417 3151 93 104 1.10 6.14 3152
 3217 4497 3151 93 98 1.10 6.14 3152
 3217 4513 3151 93 101 1.10 6.14 3152
 3217 4529 3151 93 104 1.10 6.14 3152
 3217 4641 3192 69 4 1.10 -4.86 3193
 3233 4753 3151 93 101 1.10 6.14 3152
 3233 4737 3151 93 101 1.10 6.14 3152
 3233 4721 3151 93 101 1.10 6.14 3152
 3233 4705 3151 93 101 1.10 6.14 3152
 3233 4689 3151 93 101 1.10 6.14 3152
 3233 4673 3151 93 98 1.10 6.14 3152
 3233 4417 3151 93 104 1.10 6.14 3152
 3233 4497 3151 93 98 1.10 6.14 3152
 3233 4513 3151 93 101 1.10 6.14 3152
 3233 4529 3151 93 104 1.10 6.14 3152
 3233 4641 3196 69 20 1.10 -4.86 3197
 3233 4625 3694 69 2 1.10 -4.86 3695
 3233 4609 3694 69 2 1.10 -4.86 3695
 3233 4593 3694 69 2 1.10 -4.86 3695
 3233 4577 3694 69 2 1.10 -4.86 3695
 3233 4545 3694 70 2 1.10 -4.86 3695 27 1
 3233 4561 3694 69 2 1.10 -4.86 3695
 3249 4753 3151 93 101 1.10 6.14 3152
 3249 4737 3151 93 101 1.10 6.14 3152
 3249 4721 3151 93 101 1.10 6.14 3152
 3249 4705 3151 93 101 1.10 6.14 3152
 3249 4689 3151 93 101 1.10 6.14 3152
 3249 4673 3151 93 98 1.10 6.14 3152
 3249 4321 3195 93 144 1.10 6.14 3196
 3249 4417 3151 93 104 1.10 6.14 3152
 3249 4497 3151 93 98 1.10 6.14 3152
 3249 4513 3151 93 101 1.10 6.14 3152
 3249 4529 3151 93 104 1.10 6.14 3152
 3265 4705 3693 93 143 1.10 6.14 3694
 3265 4689 3151 93 101 1.10 6.14 3152
 3265 4673 3151 93 113 1.10 6.14 3152
 3265 4657 3151 93 100 1.10 6.14 3152
 3265 4417 3151 93 104 1.10 6.14 3152
 3265 4641 3151 93 100 1.10 6.14 3152
 3265 4625 3151 93 100 1.10 6.14 3152
 3265 4609 3151 93 100 1.10 6.14 3152
 3265 4497 3151 93 98 1.10 6.14 3152
 3265 4513 3151 93 101 1.10 6.14 3152
 3265 4529 3151 93 112 1.10 6.14 3152
 3265 4593 3151 93 100 1.10 6.14 3152
 3265 4577 3151 93 100 1.10 6.14 3152
 3265 4545 3151 93 100 1.10 6.14 3152
 3265 4561 3151 93 100 1.10 6.14 3152
 3281 4417 3151 93 104 1.10 6.14 3152
 3281 4497 3151 93 98 1.10 6.14 3152
 3281 4609 3195 93 144 1.10 6.14 3196
 3281 4513 3195 93 144 1.10 6.14 3196
 3297 4417 3151 93 104 1.10 6.14 3152
 3297 4497 3151 93 98 1.10 6.14 3152
 3313 4417 3151 93 104 1.10 6.14 3152
 3313 4497 3151 93 98 1.10 6.14 3152
 3329 4705 3693 93 143 1.10 6.14 3694
 3329 4417 3151 93 104 1.10 6.14 3152
 3329 4497 3151 93 98 1.10 6.14 3152
 3329 4449 3151 71 40 1.10 1.14 3152
 3345 4321 3195 93 144 1.10 6.14 3196
 3345 4417 3151 93 104 1.10 6.14 3152
 3345 4497 3151 93 98 1.10 6.14 3152
 3361 4417 3151 93 104 1.10 6.14 3152
 3361 4497 3151 93 98 1.10 6.14 3152
 3377 4417 3151 93 104 1.10 6.14 3152
 3377 4497 3151 93 98 1.10 6.14 3152
 3377 4641 3693 93 143 1.10 6.14 3694
 3377 4577 3693 93 143 1.10 6.14 3694
 3377 4513 3693 93 143 1.10 6.14 3694
 3393 4705 3693 93 143 1.10 6.14 3694
 3393 4417 3151 93 104 1.10 6.14 3152
 3393 4497 3151 93 98 1.10 6.14 3152
 3409 4417 3151 93 104 1.10 6.14 3152
 3409 4497 3151 93 98 1.10 6.14 3152
 3425 4417 3151 93 104 1.10 6.14 3152
 3425 4497 3151 93 98 1.10 6.14 3152
 3441 4321 3195 93 144 1.10 6.14 3196
 3441 4417 3151 93 104 1.10 6.14 3152
 3441 4497 3151 93 99 1.10 6.14 3152
 3441 4513 3151 93 102 1.10 6.14 3152
 3441 4689 3151 93 114 1.10 6.14 3152
 3441 4673 3151 93 102 1.10 6.14 3152
 3441 4657 3151 93 102 1.10 6.14 3152
 3441 4641 3151 93 102 1.10 6.14 3152
 3441 4625 3151 93 102 1.10 6.14 3152
 3441 4609 3151 93 102 1.10 6.14 3152
 3441 4529 3151 93 102 1.10 6.14 3152
 3441 4545 3151 93 102 1.10 6.14 3152
 3441 4593 3151 93 102 1.10 6.14 3152
 3441 4577 3151 93 102 1.10 6.14 3152
 3441 4561 3151 93 102 1.10 6.14 3152
 3457 4753 3151 93 101 1.10 6.14 3152
 3457 4737 3151 93 101 1.10 6.14 3152
 3457 4721 3151 93 101 1.10 6.14 3152
 3457 4417 3151 93 104 1.10 6.14 3152
 3457 4705 3151 93 101 1.10 6.14 3152
 3457 4689 3151 93 98 1.10 6.14 3152
 3457 4625 3151 84 1 6.10 6.14 3152
 3457 4561 3151 84 1 6.10 6.14 3152
 3457 4497 3151 84 1 6.10 6.14 3152
 3473 4417 3151 93 104 1.10 6.14 3152
 3473 4705 3693 93 143 1.10 6.14 3694
 3473 4689 3151 93 98 1.10 6.14 3152
 3489 4417 3151 93 104 1.10 6.14 3152
 3489 4689 3151 93 98 1.10 6.14 3152
 3505 4417 3151 93 104 1.10 6.14 3152
 3505 4689 3151 93 98 1.10 6.14 3152
 3505 4673 3151 71 41 1.10 1.14 3152
 3521 4417 3151 93 139 1.10 6.14 3152
 3521 4433 3151 93 137 1.10 6.14 3152
 3521 4689 3151 93 98 1.10 6.14 3152
 3537 4321 3195 93 144 1.10 6.14 3196
 3537 4417 3151 93 101 1.10 6.14 3152
 3537 4433 3151 93 138 1.10 6.14 3152
 3537 4705 3693 93 143 1.10 6.14 3694
 3537 4689 3151 93 98 1.10 6.14 3152
 3553 4417 3151 93 101 1.10 6.14 3152
 3553 4433 3151 93 112 1.10 6.14 3152
 3553 4449 3151 93 100 1.10 6.14 3152
 3553 4465 3151 93 100 1.10 6.14 3152
 3553 4481 3151 93 100 1.10 6.14 3152
 3553 4497 3151 93 100 1.10 6.14 3152
 3553 4513 3151 93 100 1.10 6.14 3152
 3553 4689 3151 93 113 1.10 6.14 3152
 3553 4673 3151 93 100 1.10 6.14 3152
 3553 4657 3151 93 100 1.10 6.14 3152
 3553 4641 3151 93 100 1.10 6.14 3152
 3553 4625 3151 93 100 1.10 6.14 3152
 3553 4529 3151 93 100 1.10 6.14 3152
 3553 4545 3151 93 100 1.10 6.14 3152
 3553 4609 3151 93 100 1.10 6.14 3152
 3553 4593 3151 93 100 1.10 6.14 3152
 3553 4577 3151 93 100 1.10 6.14 3152
 3553 4561 3151 93 100 1.10 6.14 3152
 3569 4417 3195 93 144 1.10 6.14 3196
 3569 4513 3195 93 144 1.10 6.14 3196
 3569 4609 3195 93 144 1.10 6.14 3196
 3601 4705 3693 93 143 1.10 6.14 3694
 3633 4321 3195 93 144 1.10 6.14 3196
