 -10 1247 3498 3498.42 1 2 1 2 1 2 2 301 0.42 1
hellomario E tileset.png
-1
-1
-1
-1
-1
-1
-1
-1
-1
-1
-1
-1
-1
-1
-1
-1
-1
-1
-1
-1
Space_Junk.mp3
y0
VoiD
 1 4369 3151 93 101 1.10 6.14 3152
 1 4353 3151 93 101 1.10 6.14 3152
 1 4337 3151 93 101 1.10 6.14 3152
 1 4321 3151 93 101 1.10 6.14 3152
 1 4081 3151 93 101 1.10 6.14 3152
 1 4097 3151 93 101 1.10 6.14 3152
 1 4113 3151 93 101 1.10 6.14 3152
 1 4129 3151 93 101 1.10 6.14 3152
 1 4145 3151 93 101 1.10 6.14 3152
 1 4161 3151 93 101 1.10 6.14 3152
 1 4177 3151 93 101 1.10 6.14 3152
 1 4193 3151 93 101 1.10 6.14 3152
 1 4209 3151 93 101 1.10 6.14 3152
 1 4225 3151 93 101 1.10 6.14 3152
 1 4241 3151 93 101 1.10 6.14 3152
 1 4257 3151 93 101 1.10 6.14 3152
 1 4273 3151 93 101 1.10 6.14 3152
 1 4289 3151 93 101 1.10 6.14 3152
 1 4305 3151 93 101 1.10 6.14 3152
 1 4753 3151 93 101 1.10 6.14 3152
 1 4737 3151 93 101 1.10 6.14 3152
 1 4721 3151 95 1 1300001.10 1300001.14 3152 17 81
 1 4705 3151 95 1 1300001.10 1300001.14 3152 17 81
 1 4705 3192 69 12 1.10 -4.86 3193
 1 4689 3151 93 101 1.10 6.14 3152
 1 4673 3151 93 101 1.10 6.14 3152
 1 4657 3151 93 101 1.10 6.14 3152
 1 4641 3151 93 101 1.10 6.14 3152
 1 4625 3151 93 101 1.10 6.14 3152
 1 4609 3151 93 101 1.10 6.14 3152
 1 4593 3151 93 101 1.10 6.14 3152
 1 4577 3151 93 114 1.10 6.14 3152
 1 4561 3151 93 102 1.10 6.14 3152
 1 4545 3151 93 102 1.10 6.14 3152
 1 4529 3151 93 102 1.10 6.14 3152
 1 4513 3151 93 102 1.10 6.14 3152
 1 4497 3151 93 102 1.10 6.14 3152
 1 4481 3151 93 102 1.10 6.14 3152
 1 4465 3151 93 102 1.10 6.14 3152
 1 4449 3151 93 102 1.10 6.14 3152
 1 4433 3151 93 102 1.10 6.14 3152
 1 4417 3151 93 140 1.10 6.14 3152
 1 4401 3151 93 101 1.10 6.14 3152
 1 4385 3151 93 101 1.10 6.14 3152
 1 4065 3151 93 101 1.10 6.14 3152
 17 4369 3151 93 101 1.10 6.14 3152
 17 4353 3151 93 101 1.10 6.14 3152
 17 4337 3151 93 101 1.10 6.14 3152
 17 4321 3151 93 101 1.10 6.14 3152
 17 4081 3151 93 101 1.10 6.14 3152
 17 4097 3151 93 101 1.10 6.14 3152
 17 4113 3151 93 101 1.10 6.14 3152
 17 4129 3151 93 101 1.10 6.14 3152
 17 4145 3151 93 101 1.10 6.14 3152
 17 4161 3151 93 101 1.10 6.14 3152
 17 4177 3151 93 101 1.10 6.14 3152
 17 4193 3151 93 101 1.10 6.14 3152
 17 4209 3151 93 101 1.10 6.14 3152
 17 4225 3151 93 101 1.10 6.14 3152
 17 4241 3151 93 101 1.10 6.14 3152
 17 4257 3151 93 101 1.10 6.14 3152
 17 4273 3151 93 101 1.10 6.14 3152
 17 4289 3151 93 101 1.10 6.14 3152
 17 4305 3151 93 101 1.10 6.14 3152
 17 4753 3151 93 101 1.10 6.14 3152
 17 4737 3151 93 101 1.10 6.14 3152
 17 4721 3151 95 1 1300001.10 1300001.14 3152 17 81
 17 4705 3151 95 1 1300001.10 1300001.14 3152 17 81
 17 4705 3192 70 27 1.10 -5.86 3193 0
 17 4689 3151 93 102 1.10 6.14 3152
 17 4673 3151 93 102 1.10 6.14 3152
 17 4657 3151 93 102 1.10 6.14 3152
 17 4641 3151 93 102 1.10 6.14 3152
 17 4625 3151 93 111 1.10 6.14 3152
 17 4609 3151 93 101 1.10 6.14 3152
 17 4593 3151 93 101 1.10 6.14 3152
 17 4577 3151 93 98 1.10 6.14 3152
 17 4561 3151 75 23 6.10 6.14 3152
 17 4545 3151 75 23 6.10 6.14 3152
 17 4529 3151 75 23 6.10 6.14 3152
 17 4513 3151 75 20 6.10 6.14 3152
 17 4465 3151 59 4 1.10 1.14 3152
 17 4417 3151 93 141 1.10 6.14 3152
 17 4401 3151 93 101 1.10 6.14 3152
 17 4385 3151 93 101 1.10 6.14 3152
 17 4065 3151 93 101 1.10 6.14 3152
 33 4369 3151 93 101 1.10 6.14 3152
 33 4353 3151 93 101 1.10 6.14 3152
 33 4337 3151 93 101 1.10 6.14 3152
 33 4321 3151 93 101 1.10 6.14 3152
 33 4081 3151 93 101 1.10 6.14 3152
 33 4097 3151 93 101 1.10 6.14 3152
 33 4113 3151 93 101 1.10 6.14 3152
 33 4129 3151 93 101 1.10 6.14 3152
 33 4145 3151 93 101 1.10 6.14 3152
 33 4161 3151 93 101 1.10 6.14 3152
 33 4177 3151 93 111 1.10 6.14 3152
 33 4193 3151 93 102 1.10 6.14 3152
 33 4209 3151 93 102 1.10 6.14 3152
 33 4225 3151 93 102 1.10 6.14 3152
 33 4241 3151 93 102 1.10 6.14 3152
 33 4257 3151 93 114 1.10 6.14 3152
 33 4273 3151 93 101 1.10 6.14 3152
 33 4289 3151 93 101 1.10 6.14 3152
 33 4305 3151 93 101 1.10 6.14 3152
 33 4753 3151 93 101 1.10 6.14 3152
 33 4737 3151 93 114 1.10 6.14 3152
 33 4705 3192 69 11 1.10 -4.86 3193
 33 4657 3151 59 21 1.10 1.14 3152
 33 4625 3151 93 104 1.10 6.14 3152
 33 4609 3151 93 101 1.10 6.14 3152
 33 4593 3151 93 101 1.10 6.14 3152
 33 4577 3151 93 98 1.10 6.14 3152
 33 4561 3151 75 23 6.10 6.14 3152
 33 4545 3151 75 23 6.10 6.14 3152
 33 4529 3151 75 23 6.10 6.14 3152
 33 4513 3151 75 20 6.10 6.14 3152
 33 4417 3151 93 142 1.10 6.14 3152
 33 4401 3151 93 140 1.10 6.14 3152
 33 4385 3151 93 101 1.10 6.14 3152
 33 4065 3151 93 101 1.10 6.14 3152
 49 4113 3151 95 1 1300001.10 1300001.14 3152 209 17
 49 4081 3151 95 1 1300001.10 1300001.14 3152 209 17
 49 4369 3151 93 101 1.10 6.14 3152
 49 4353 3151 93 101 1.10 6.14 3152
 49 4337 3151 93 101 1.10 6.14 3152
 49 4321 3151 93 101 1.10 6.14 3152
 49 4129 3151 93 101 1.10 6.14 3152
 49 4145 3151 93 101 1.10 6.14 3152
 49 4161 3151 93 111 1.10 6.14 3152
 49 4177 3151 93 136 1.10 6.14 3152
 49 4257 3151 93 116 1.10 6.14 3152
 49 4273 3151 93 102 1.10 6.14 3152
 49 4289 3151 93 102 1.10 6.14 3152
 49 4305 3151 93 114 1.10 6.14 3152
 49 4081 3694 69 10 1.10 -4.86 3695
 49 4097 3196 69 21 1.10 -4.86 3197
 49 4753 3151 93 114 1.10 6.14 3152
 49 4737 3151 93 116 1.10 6.14 3152
 49 4625 3151 93 104 1.10 6.14 3152
 49 4609 3151 93 101 1.10 6.14 3152
 49 4593 3151 93 101 1.10 6.14 3152
 49 4577 3151 93 98 1.10 6.14 3152
 49 4561 3151 75 23 6.10 6.14 3152
 49 4545 3151 75 23 6.10 6.14 3152
 49 4529 3151 75 23 6.10 6.14 3152
 49 4513 3151 75 20 6.10 6.14 3152
 49 4481 3192 53 7.50 1.10 -5.86 3193
 49 4401 3151 93 141 1.10 6.14 3152
 49 4385 3151 93 101 1.10 6.14 3152
 49 4065 3151 95 1 1300001.10 1300001.14 3152 209 17
 49 4065 3694 69 10 1.10 -4.86 3695
 65 4081 3151 95 1 1300001.10 1300001.14 3152 209 17
 65 4369 3151 93 101 1.10 6.14 3152
 65 4353 3151 93 101 1.10 6.14 3152
 65 4337 3151 93 101 1.10 6.14 3152
 65 4321 3151 93 101 1.10 6.14 3152
 65 4129 3151 93 101 1.10 6.14 3152
 65 4145 3151 93 111 1.10 6.14 3152
 65 4161 3151 93 136 1.10 6.14 3152
 65 4305 3151 93 98 1.10 6.14 3152
 65 4273 3192 53 15.50 1.10 -5.86 3193
 65 4753 3151 93 98 1.10 6.14 3152
 65 4641 3151 93 135 1.10 6.14 3152
 65 4625 3151 93 112 1.10 6.14 3152
 65 4609 3151 93 101 1.10 6.14 3152
 65 4593 3151 93 101 1.10 6.14 3152
 65 4577 3151 93 98 1.10 6.14 3152
 65 4561 3151 75 24 6.10 6.14 3152
 65 4545 3151 75 24 6.10 6.14 3152
 65 4529 3151 75 24 6.10 6.14 3152
 65 4513 3151 75 21 6.10 6.14 3152
 65 4401 3151 93 142 1.10 6.14 3152
 65 4385 3151 93 140 1.10 6.14 3152
 65 4065 3151 95 1 1300001.10 1300001.14 3152 209 17
 81 4097 3151 95 1 1300001.10 1300001.14 3152 209 17
 81 4113 3151 95 1 1300001.10 1300001.14 3152 209 17
 81 4369 3151 93 101 1.10 6.14 3152
 81 4353 3151 93 101 1.10 6.14 3152
 81 4337 3151 93 101 1.10 6.14 3152
 81 4321 3151 93 101 1.10 6.14 3152
 81 4081 3151 93 101 1.10 6.14 3152
 81 4129 3151 93 101 1.10 6.14 3152
 81 4145 3151 93 104 1.10 6.14 3152
 81 4209 3151 93 97 1.10 6.14 3152
 81 4225 3151 93 135 1.10 6.14 3152
 81 4305 3151 93 121 1.10 6.14 3152
 81 4097 3192 69 12 1.10 -4.86 3193
 81 4753 3151 93 98 1.10 6.14 3152
 81 4689 3151 93 135 1.10 6.14 3152
 81 4673 3151 93 100 1.10 6.14 3152
 81 4657 3151 93 100 1.10 6.14 3152
 81 4641 3151 93 112 1.10 6.14 3152
 81 4625 3151 93 101 1.10 6.14 3152
 81 4609 3151 93 101 1.10 6.14 3152
 81 4593 3151 93 101 1.10 6.14 3152
 81 4577 3151 93 121 1.10 6.14 3152
 81 4513 3151 93 103 1.10 6.14 3152
 81 4497 3151 93 100 1.10 6.14 3152
 81 4481 3151 93 100 1.10 6.14 3152
 81 4465 3151 93 100 1.10 6.14 3152
 81 4449 3151 93 115 1.10 6.14 3152
 81 4385 3151 93 141 1.10 6.14 3152
 81 4065 3151 93 101 1.10 6.14 3152
 97 4097 3151 95 1 1300001.10 1300001.14 3152 209 17
 97 4113 3151 95 1 1300001.10 1300001.14 3152 209 17
 97 4369 3151 93 111 1.10 6.14 3152
 97 4353 3151 93 101 1.10 6.14 3152
 97 4337 3151 93 101 1.10 6.14 3152
 97 4321 3151 93 120 1.10 6.14 3152
 97 4081 3151 93 101 1.10 6.14 3152
 97 4129 3151 93 101 1.10 6.14 3152
 97 4145 3151 93 104 1.10 6.14 3152
 97 4209 3151 93 98 1.10 6.14 3152
 97 4225 3151 93 112 1.10 6.14 3152
 97 4241 3151 93 103 1.10 6.14 3152
 97 4305 3151 93 122 1.10 6.14 3152
 97 4097 3192 69 12 1.10 -4.86 3193
 97 4177 3192 53 7.50 1.10 -5.86 3193
 97 4753 3151 93 98 1.10 6.14 3152
 97 4689 3151 93 141 1.10 6.14 3152
 97 4673 3151 93 101 1.10 6.14 3152
 97 4657 3151 93 101 1.10 6.14 3152
 97 4641 3151 93 101 1.10 6.14 3152
 97 4625 3151 93 101 1.10 6.14 3152
 97 4609 3151 93 101 1.10 6.14 3152
 97 4593 3151 93 120 1.10 6.14 3152
 97 4577 3151 93 122 1.10 6.14 3152
 97 4513 3151 93 104 1.10 6.14 3152
 97 4497 3151 93 114 1.10 6.14 3152
 97 4481 3151 93 102 1.10 6.14 3152
 97 4465 3151 93 102 1.10 6.14 3152
 97 4449 3151 4 1 1400001.10 1400001.14 3152
 97 4449 3151 93 99 1.10 6.14 3152
 97 4385 3151 93 142 1.10 6.14 3152
 97 4065 3151 93 101 1.10 6.14 3152
 113 4097 3151 95 1 1300001.10 1300001.14 3152 209 17
 113 4113 3151 95 1 1300001.10 1300001.14 3152 209 17
 113 4369 3151 93 104 1.10 6.14 3152
 113 4353 3151 93 101 1.10 6.14 3152
 113 4337 3151 93 101 1.10 6.14 3152
 113 4321 3151 93 121 1.10 6.14 3152
 113 4081 3151 93 101 1.10 6.14 3152
 113 4129 3151 93 101 1.10 6.14 3152
 113 4145 3151 93 104 1.10 6.14 3152
 113 4209 3151 93 98 1.10 6.14 3152
 113 4225 3151 93 101 1.10 6.14 3152
 113 4241 3151 93 104 1.10 6.14 3152
 113 4097 3192 69 12 1.10 -4.86 3193
 113 4753 3151 93 98 1.10 6.14 3152
 113 4737 3151 53 1 1.10 -5.86 3152
 113 4689 3151 93 142 1.10 6.14 3152
 113 4673 3151 93 111 1.10 6.14 3152
 113 4657 3151 93 101 1.10 6.14 3152
 113 4641 3151 93 101 1.10 6.14 3152
 113 4625 3151 93 101 1.10 6.14 3152
 113 4609 3151 93 101 1.10 6.14 3152
 113 4593 3151 93 98 1.10 6.14 3152
 113 4561 3192 53 7.50 1.10 -5.86 3193
 113 4513 3151 93 104 1.10 6.14 3152
 113 4497 3151 93 98 1.10 6.14 3152
 113 4481 3151 4 2 1400001.10 1400001.14 3152
 113 4465 3151 4 2 1400001.10 1400001.14 3152
 113 4449 3151 4 1 1400001.10 1400001.14 3152
 113 4065 3151 93 101 1.10 6.14 3152
 129 4097 3151 95 1 1300001.10 1300001.14 3152 209 17
 129 4113 3151 95 1 1300001.10 1300001.14 3152 209 17
 129 4369 3151 93 112 1.10 6.14 3152
 129 4353 3151 93 101 1.10 6.14 3152
 129 4337 3151 93 120 1.10 6.14 3152
 129 4321 3151 93 122 1.10 6.14 3152
 129 4081 3151 93 101 1.10 6.14 3152
 129 4129 3151 93 101 1.10 6.14 3152
 129 4145 3151 93 104 1.10 6.14 3152
 129 4209 3151 93 98 1.10 6.14 3152
 129 4225 3151 93 101 1.10 6.14 3152
 129 4241 3151 93 112 1.10 6.14 3152
 129 4257 3151 93 135 1.10 6.14 3152
 129 4097 3192 69 12 1.10 -4.86 3193
 129 4177 3192 70 11 1.10 -4.86 3193
 129 4753 3151 93 119 1.10 6.14 3152
 129 4737 3151 93 117 1.10 6.14 3152
 129 4673 3151 93 136 1.10 6.14 3152
 129 4657 3151 93 111 1.10 6.14 3152
 129 4641 3151 93 101 1.10 6.14 3152
 129 4625 3151 93 101 1.10 6.14 3152
 129 4609 3151 93 101 1.10 6.14 3152
 129 4593 3151 93 131 1.10 6.14 3152
 129 4529 3151 93 135 1.10 6.14 3152
 129 4513 3151 93 112 1.10 6.14 3152
 129 4497 3151 93 98 1.10 6.14 3152
 129 4481 3151 4 2 1400001.10 1400001.14 3152
 129 4465 3151 4 2 1400001.10 1400001.14 3152
 129 4449 3151 4 1 1400001.10 1400001.14 3152
 129 4385 3151 93 135 1.10 6.14 3152
 129 4065 3151 93 101 1.10 6.14 3152
 145 4097 3151 95 1 1300001.10 1300001.14 3152 209 17
 145 4113 3151 95 1 1300001.10 1300001.14 3152 209 17
 145 4369 3151 93 102 1.10 6.14 3152
 145 4353 3151 93 102 1.10 6.14 3152
 145 4337 3151 93 99 1.10 6.14 3152
 145 4081 3151 93 101 1.10 6.14 3152
 145 4129 3151 93 101 1.10 6.14 3152
 145 4145 3151 93 112 1.10 6.14 3152
 145 4161 3151 93 100 1.10 6.14 3152
 145 4209 3151 93 113 1.10 6.14 3152
 145 4225 3151 93 101 1.10 6.14 3152
 145 4241 3151 93 101 1.10 6.14 3152
 145 4257 3151 93 104 1.10 6.14 3152
 145 4097 3192 69 12 1.10 -4.86 3193
 145 4177 3192 70 28 1.10 -5.86 3193 1
 145 4753 3151 93 101 1.10 6.14 3152
 145 4737 3151 93 118 1.10 6.14 3152
 145 4657 3151 93 136 1.10 6.14 3152
 145 4641 3151 93 111 1.10 6.14 3152
 145 4625 3151 93 101 1.10 6.14 3152
 145 4609 3151 93 101 1.10 6.14 3152
 145 4593 3151 93 132 1.10 6.14 3152
 145 4529 3151 93 104 1.10 6.14 3152
 145 4513 3151 93 101 1.10 6.14 3152
 145 4497 3151 93 98 1.10 6.14 3152
 145 4481 3151 4 2 1400001.10 1400001.14 3152
 145 4465 3151 4 2 1400001.10 1400001.14 3152
 145 4449 3151 4 1 1400001.10 1400001.14 3152
 145 4385 3151 93 105 1.10 6.14 3152
 145 4065 3151 93 101 1.10 6.14 3152
 161 4129 3151 95 1 1300001.10 1300001.14 3152 209 17
 161 4145 3151 95 1 1300001.10 1300001.14 3152 209 17
 161 4161 3151 95 1 1300001.10 1300001.14 3152 209 17
 161 4081 3151 93 101 1.10 6.14 3152
 161 4209 3151 93 101 1.10 6.14 3152
 161 4225 3151 93 101 1.10 6.14 3152
 161 4241 3151 93 101 1.10 6.14 3152
 161 4257 3151 93 104 1.10 6.14 3152
 161 4097 3196 69 19 1.10 -4.86 3197
 161 4129 3694 69 10 1.10 -4.86 3695
 161 4145 3694 69 10 1.10 -4.86 3695
 161 4161 3694 70 10 1.10 -4.86 3695 19 3
 161 4177 3196 69 20 1.10 -4.86 3197
 161 4753 3151 93 101 1.10 6.14 3152
 161 4737 3151 93 113 1.10 6.14 3152
 161 4721 3151 93 115 1.10 6.14 3152
 161 4705 3151 53 1 1.10 -5.86 3152
 161 4641 3151 93 141 1.10 6.14 3152
 161 4625 3151 93 101 1.10 6.14 3152
 161 4609 3151 93 129 1.10 6.14 3152
 161 4593 3151 93 133 1.10 6.14 3152
 161 4529 3151 93 104 1.10 6.14 3152
 161 4513 3151 93 101 1.10 6.14 3152
 161 4497 3151 93 98 1.10 6.14 3152
 161 4481 3151 4 2 1400001.10 1400001.14 3152
 161 4465 3151 4 2 1400001.10 1400001.14 3152
 161 4449 3151 4 1 1400001.10 1400001.14 3152
 161 4065 3151 93 101 1.10 6.14 3152
 177 4193 3151 95 1 1300001.10 1300001.14 3152 209 17
 177 4161 3151 95 1 1300001.10 1300001.14 3152 209 17
 177 4145 3151 95 1 1300001.10 1300001.14 3152 209 17
 177 4129 3151 95 1 1300001.10 1300001.14 3152 209 17
 177 4097 3151 95 1 1300001.10 1300001.14 3152 209 17
 177 4081 3151 93 101 1.10 6.14 3152
 177 4209 3151 93 101 1.10 6.14 3152
 177 4225 3151 93 101 1.10 6.14 3152
 177 4241 3151 93 101 1.10 6.14 3152
 177 4257 3151 93 104 1.10 6.14 3152
 177 4753 3151 93 101 1.10 6.14 3152
 177 4737 3151 93 101 1.10 6.14 3152
 177 4721 3151 93 113 1.10 6.14 3152
 177 4705 3151 93 115 1.10 6.14 3152
 177 4641 3151 93 142 1.10 6.14 3152
 177 4625 3151 93 111 1.10 6.14 3152
 177 4609 3151 93 130 1.10 6.14 3152
 177 4593 3151 93 134 1.10 6.14 3152
 177 4529 3151 93 104 1.10 6.14 3152
 177 4513 3151 93 101 1.10 6.14 3152
 177 4497 3151 93 98 1.10 6.14 3152
 177 4481 3151 4 2 1400001.10 1400001.14 3152
 177 4465 3151 4 2 1400001.10 1400001.14 3152
 177 4449 3151 4 1 1400001.10 1400001.14 3152
 177 4417 3151 59 17 1.10 1.14 3152
 177 4065 3151 93 101 1.10 6.14 3152
 193 4369 3151 93 100 1.10 6.14 3152
 193 4353 3151 93 100 1.10 6.14 3152
 193 4337 3151 93 97 1.10 6.14 3152
 193 4081 3151 93 101 1.10 6.14 3152
 193 4097 3151 93 101 1.10 6.14 3152
 193 4113 3151 93 101 1.10 6.14 3152
 193 4129 3151 93 101 1.10 6.14 3152
 193 4145 3151 93 101 1.10 6.14 3152
 193 4161 3151 93 101 1.10 6.14 3152
 193 4177 3151 93 101 1.10 6.14 3152
 193 4193 3151 93 101 1.10 6.14 3152
 193 4209 3151 93 101 1.10 6.14 3152
 193 4225 3151 93 101 1.10 6.14 3152
 193 4241 3151 93 101 1.10 6.14 3152
 193 4257 3151 93 104 1.10 6.14 3152
 193 4753 3151 93 101 1.10 6.14 3152
 193 4737 3151 93 101 1.10 6.14 3152
 193 4721 3151 93 101 1.10 6.14 3152
 193 4705 3151 93 113 1.10 6.14 3152
 193 4689 3151 93 97 1.10 6.14 3152
 193 4625 3151 93 105 1.10 6.14 3152
 193 4609 3151 93 99 1.10 6.14 3152
 193 4529 3151 93 104 1.10 6.14 3152
 193 4513 3151 93 101 1.10 6.14 3152
 193 4497 3151 93 98 1.10 6.14 3152
 193 4481 3151 4 2 1400001.10 1400001.14 3152
 193 4465 3151 4 2 1400001.10 1400001.14 3152
 193 4449 3151 4 1 1400001.10 1400001.14 3152
 193 4385 3151 93 103 1.10 6.14 3152
 193 4065 3151 93 101 1.10 6.14 3152
 209 4369 3151 93 111 1.10 6.14 3152
 209 4353 3151 93 101 1.10 6.14 3152
 209 4337 3151 93 98 1.10 6.14 3152
 209 4081 3151 93 101 1.10 6.14 3152
 209 4097 3151 93 101 1.10 6.14 3152
 209 4113 3151 93 101 1.10 6.14 3152
 209 4129 3151 93 101 1.10 6.14 3152
 209 4145 3151 93 101 1.10 6.14 3152
 209 4161 3151 93 101 1.10 6.14 3152
 209 4177 3151 93 101 1.10 6.14 3152
 209 4193 3151 93 101 1.10 6.14 3152
 209 4209 3151 93 101 1.10 6.14 3152
 209 4225 3151 93 101 1.10 6.14 3152
 209 4241 3151 93 101 1.10 6.14 3152
 209 4257 3151 93 112 1.10 6.14 3152
 209 4273 3151 93 135 1.10 6.14 3152
 209 4753 3151 93 101 1.10 6.14 3152
 209 4737 3151 93 101 1.10 6.14 3152
 209 4721 3151 93 101 1.10 6.14 3152
 209 4705 3151 93 101 1.10 6.14 3152
 209 4689 3151 93 98 1.10 6.14 3152
 209 4673 3151 53 1 1.10 -5.86 3152
 209 4545 3151 93 135 1.10 6.14 3152
 209 4529 3151 93 112 1.10 6.14 3152
 209 4513 3151 93 101 1.10 6.14 3152
 209 4497 3151 93 98 1.10 6.14 3152
 209 4481 3151 4 2 1400001.10 1400001.14 3152
 209 4465 3151 4 2 1400001.10 1400001.14 3152
 209 4449 3151 4 1 1400001.10 1400001.14 3152
 209 4385 3151 93 136 1.10 6.14 3152
 209 4065 3151 93 101 1.10 6.14 3152
 225 4369 3151 93 104 1.10 6.14 3152
 225 4353 3151 93 101 1.10 6.14 3152
 225 4337 3151 93 98 1.10 6.14 3152
 225 4081 3151 93 101 1.10 6.14 3152
 225 4097 3151 93 101 1.10 6.14 3152
 225 4113 3151 93 101 1.10 6.14 3152
 225 4129 3151 93 101 1.10 6.14 3152
 225 4145 3151 93 101 1.10 6.14 3152
 225 4161 3151 93 101 1.10 6.14 3152
 225 4177 3151 93 101 1.10 6.14 3152
 225 4193 3151 93 101 1.10 6.14 3152
 225 4209 3151 93 101 1.10 6.14 3152
 225 4225 3151 93 101 1.10 6.14 3152
 225 4241 3151 93 101 1.10 6.14 3152
 225 4257 3151 93 101 1.10 6.14 3152
 225 4273 3151 93 112 1.10 6.14 3152
 225 4289 3151 93 135 1.10 6.14 3152
 225 4753 3151 93 101 1.10 6.14 3152
 225 4737 3151 93 101 1.10 6.14 3152
 225 4721 3151 93 101 1.10 6.14 3152
 225 4705 3151 93 101 1.10 6.14 3152
 225 4689 3151 93 113 1.10 6.14 3152
 225 4673 3151 93 100 1.10 6.14 3152
 225 4657 3151 93 115 1.10 6.14 3152
 225 4561 3151 93 135 1.10 6.14 3152
 225 4545 3151 93 112 1.10 6.14 3152
 225 4529 3151 93 101 1.10 6.14 3152
 225 4513 3151 93 101 1.10 6.14 3152
 225 4497 3151 93 98 1.10 6.14 3152
 225 4481 3151 4 2 1400001.10 1400001.14 3152
 225 4465 3151 4 2 1400001.10 1400001.14 3152
 225 4449 3151 4 1 1400001.10 1400001.14 3152
 225 4065 3151 93 101 1.10 6.14 3152
 241 4369 3151 93 112 1.10 6.14 3152
 241 4353 3151 93 101 1.10 6.14 3152
 241 4337 3151 93 113 1.10 6.14 3152
 241 4321 3151 93 100 1.10 6.14 3152
 241 4081 3151 93 101 1.10 6.14 3152
 241 4097 3151 93 101 1.10 6.14 3152
 241 4113 3151 93 101 1.10 6.14 3152
 241 4129 3151 93 101 1.10 6.14 3152
 241 4145 3151 93 101 1.10 6.14 3152
 241 4161 3151 93 101 1.10 6.14 3152
 241 4177 3151 93 101 1.10 6.14 3152
 241 4193 3151 93 101 1.10 6.14 3152
 241 4209 3151 93 101 1.10 6.14 3152
 241 4225 3151 93 101 1.10 6.14 3152
 241 4241 3151 93 101 1.10 6.14 3152
 241 4257 3151 93 101 1.10 6.14 3152
 241 4273 3151 93 101 1.10 6.14 3152
 241 4289 3151 93 112 1.10 6.14 3152
 241 4305 3151 93 100 1.10 6.14 3152
 241 4753 3151 93 101 1.10 6.14 3152
 241 4737 3151 93 101 1.10 6.14 3152
 241 4721 3151 93 101 1.10 6.14 3152
 241 4705 3151 93 101 1.10 6.14 3152
 241 4689 3151 93 101 1.10 6.14 3152
 241 4673 3151 93 101 1.10 6.14 3152
 241 4657 3151 93 101 1.10 6.14 3152
 241 4641 3151 93 100 1.10 6.14 3152
 241 4625 3151 93 100 1.10 6.14 3152
 241 4609 3151 93 100 1.10 6.14 3152
 241 4593 3151 93 100 1.10 6.14 3152
 241 4577 3151 93 100 1.10 6.14 3152
 241 4561 3151 93 112 1.10 6.14 3152
 241 4545 3151 93 101 1.10 6.14 3152
 241 4529 3151 93 101 1.10 6.14 3152
 241 4513 3151 93 101 1.10 6.14 3152
 241 4497 3151 93 113 1.10 6.14 3152
 241 4481 3151 93 100 1.10 6.14 3152
 241 4465 3151 93 100 1.10 6.14 3152
 241 4449 3151 93 100 1.10 6.14 3152
 241 4433 3151 93 100 1.10 6.14 3152
 241 4417 3151 93 100 1.10 6.14 3152
 241 4401 3151 93 100 1.10 6.14 3152
 241 4385 3151 93 100 1.10 6.14 3152
 241 4065 3151 93 101 1.10 6.14 3152
 257 4081 3151 93 101 1.10 6.14 3152
 257 4705 3151 81 1 -999998.90 -18.86 3152
 257 4065 3151 93 101 1.10 6.14 3152
