 -10 268 691 0.42 1 1 1 1 1 2 2 301 0.42 1
-1
-1
-1
-1
-1
-1
-1
-1
-1
-1
-1
-1
-1
-1
-1
-1
-1
-1
-1
-1
-1
-1
y0
VoiD
 17 4721 3151 57 3 1.10 -5.86 3152
 17 4737 3151 57 3 1.10 -5.86 3152
 17 4753 3151 57 3 1.10 -5.86 3152
 17 4689 3192 57 2 1.10 -5.86 3193
 33 4689 3192 51 1 1.10 1.14 3193 0
 33 4673 3151 57 21 1.10 -5.86 3152
 33 4753 3151 57 3 1.10 -5.86 3152
 33 4721 3192 57 2 1.10 -5.86 3193
 49 4753 3151 57 3 1.10 -5.86 3152
 49 4737 3151 57 3 1.10 -5.86 3152
 49 4721 3151 57 3 1.10 -5.86 3152
 49 4689 3192 57 2 1.10 -5.86 3193
 161 4641 3693 57 26 1.10 -5.86 3694
