 -10 1313 679 0.42 1 1 1 1 1 2 2 301 1313.42 2
lost_l10.png
-1
-1
-1
-1
-1
-1
-1
-1
-1
-1
-1
-1
-1
-1
-1
-1
-1
-1
-1
sans_t10.png
-1
y0
VoiD
 1 4721 3151 64 1 6.10 6.14 3152
 1 4737 3151 64 2 6.10 6.14 3152
 17 4721 3151 64 1 6.10 6.14 3152
 17 4737 3151 64 2 6.10 6.14 3152
 33 4721 3151 64 1 6.10 6.14 3152
 33 4737 3151 64 2 6.10 6.14 3152
 33 4705 3192 51 1 1.10 1.14 3193 0
 49 4721 3151 64 1 6.10 6.14 3152
 49 4737 3151 64 2 6.10 6.14 3152
 65 4721 3151 64 1 6.10 6.14 3152
 65 4737 3151 64 2 6.10 6.14 3152
 81 4721 3151 64 1 6.10 6.14 3152
 81 4737 3151 64 2 6.10 6.14 3152
 97 4721 3151 64 1 6.10 6.14 3152
 97 4737 3151 64 2 6.10 6.14 3152
 113 4721 3151 64 1 6.10 6.14 3152
 113 4737 3151 64 2 6.10 6.14 3152
 129 4705 3151 76 1 1300001.10 1300001.14 3152
 129 4721 3151 76 4 1300001.10 1300001.14 3152
 129 4737 3151 76 4 1300001.10 1300001.14 3152
 129 4753 3151 76 4 1300001.10 1300001.14 3152
 145 4705 3151 76 2 1300001.10 1300001.14 3152
 145 4721 3151 76 5 1300001.10 1300001.14 3152
 145 4737 3151 76 5 1300001.10 1300001.14 3152
 145 4753 3151 76 5 1300001.10 1300001.14 3152
 161 4705 3151 76 2 1300001.10 1300001.14 3152
 161 4721 3151 76 5 1300001.10 1300001.14 3152
 161 4737 3151 76 5 1300001.10 1300001.14 3152
 161 4753 3151 76 5 1300001.10 1300001.14 3152
 177 4705 3151 76 2 1300001.10 1300001.14 3152
 177 4721 3151 76 5 1300001.10 1300001.14 3152
 177 4737 3151 76 5 1300001.10 1300001.14 3152
 177 4753 3151 76 5 1300001.10 1300001.14 3152
 193 4705 3151 76 2 1300001.10 1300001.14 3152
 193 4721 3151 76 5 1300001.10 1300001.14 3152
 193 4737 3151 76 5 1300001.10 1300001.14 3152
 193 4753 3151 76 5 1300001.10 1300001.14 3152
 193 4657 3151 76 28 1300001.10 1300001.14 3152
 193 4673 3151 76 31 1300001.10 1300001.14 3152
 193 4689 3151 76 31 1300001.10 1300001.14 3152
 209 4705 3151 76 2 1300001.10 1300001.14 3152
 209 4721 3151 76 5 1300001.10 1300001.14 3152
 209 4737 3151 76 5 1300001.10 1300001.14 3152
 209 4753 3151 76 5 1300001.10 1300001.14 3152
 209 4657 3151 76 29 1300001.10 1300001.14 3152
 209 4689 3151 76 32 1300001.10 1300001.14 3152
 209 4673 3151 76 32 1300001.10 1300001.14 3152
 225 4705 3151 76 3 1300001.10 1300001.14 3152
 225 4721 3151 76 6 1300001.10 1300001.14 3152
 225 4737 3151 76 6 1300001.10 1300001.14 3152
 225 4753 3151 76 6 1300001.10 1300001.14 3152
 225 4657 3151 76 29 1300001.10 1300001.14 3152
 225 4689 3151 76 32 1300001.10 1300001.14 3152
 225 4673 3151 76 32 1300001.10 1300001.14 3152
 241 4657 3151 76 29 1300001.10 1300001.14 3152
 241 4689 3151 76 32 1300001.10 1300001.14 3152
 241 4673 3151 76 32 1300001.10 1300001.14 3152
 241 4705 3151 76 32 1300001.10 1300001.14 3152
 241 4721 3151 76 32 1300001.10 1300001.14 3152
 241 4737 3151 76 32 1300001.10 1300001.14 3152
 241 4753 3151 76 32 1300001.10 1300001.14 3152
 241 4705 3151 76 61 1200001.10 1199991.14 3152
 241 4721 3151 76 62 1200001.10 1199991.14 3152
 241 4737 3151 76 62 1200001.10 1199991.14 3152
 241 4753 3151 76 62 1200001.10 1199991.14 3152
 257 4753 3151 76 33 1300001.10 1300001.14 3152
 257 4737 3151 76 33 1300001.10 1300001.14 3152
 257 4721 3151 76 33 1300001.10 1300001.14 3152
 257 4705 3151 76 33 1300001.10 1300001.14 3152
 257 4689 3151 76 33 1300001.10 1300001.14 3152
 257 4673 3151 76 33 1300001.10 1300001.14 3152
 257 4657 3151 76 30 1300001.10 1300001.14 3152
 337 4689 3151 67 1 1.10 1.14 3152
 337 4689 3151 96 1 -13.90 -13.86 3152
 401 4657 3151 67 1 1.10 1.14 3152
 401 4657 3151 96 1 -13.90 -13.86 3152
 465 4721 3151 67 1 1.10 1.14 3152
 465 4721 3151 96 1 -13.90 -13.86 3152
