 -10 1379 679 0.42 1 1 1 2 1 2 2 301 1379.42 2

Pa1_rockysnow5.png
-1
-1
-1
-1
-1
-1
-1
-1
-1
-1
-1
-1
-1
-1
-1
-1
-1
-1
sans_t10.png
-1
y0
VoiD
 1 4673 3151 75 20 6.10 6.14 3152
 1 4705 3151 75 23 6.10 6.14 3152
 1 4689 3151 75 23 6.10 6.14 3152
 1 4753 3151 75 23 6.10 6.14 3152
 1 4737 3151 75 23 6.10 6.14 3152
 1 4721 3151 75 23 6.10 6.14 3152
 17 4673 3151 75 20 6.10 6.14 3152
 17 4705 3151 75 23 6.10 6.14 3152
 17 4689 3151 75 23 6.10 6.14 3152
 17 4721 3151 75 23 6.10 6.14 3152
 17 4737 3151 75 23 6.10 6.14 3152
 17 4753 3151 75 23 6.10 6.14 3152
 33 4673 3151 75 20 6.10 6.14 3152
 33 4721 3151 75 19 6.10 6.14 3152
 33 4705 3151 75 23 6.10 6.14 3152
 33 4689 3151 75 23 6.10 6.14 3152
 33 4737 3151 75 22 6.10 6.14 3152
 33 4753 3151 75 22 6.10 6.14 3152
 33 4641 3192 51 1 1.10 1.14 3193 0
 49 4689 3151 75 23 6.10 6.14 3152
 49 4673 3151 75 20 6.10 6.14 3152
 49 4705 3151 75 23 6.10 6.14 3152
 49 4721 3151 75 20 6.10 6.14 3152
 49 4737 3151 75 23 6.10 6.14 3152
 49 4753 3151 75 23 6.10 6.14 3152
 65 4689 3151 75 23 6.10 6.14 3152
 65 4673 3151 75 20 6.10 6.14 3152
 65 4705 3151 75 23 6.10 6.14 3152
 65 4721 3151 75 20 6.10 6.14 3152
 65 4737 3151 75 23 6.10 6.14 3152
 65 4753 3151 75 23 6.10 6.14 3152
 81 4689 3151 75 24 6.10 6.14 3152
 81 4673 3151 75 21 6.10 6.14 3152
 81 4705 3151 75 24 6.10 6.14 3152
 81 4721 3151 75 20 6.10 6.14 3152
 81 4737 3151 75 23 6.10 6.14 3152
 81 4753 3151 75 23 6.10 6.14 3152
 97 4753 3151 75 23 6.10 6.14 3152
 97 4737 3151 75 23 6.10 6.14 3152
 97 4721 3151 75 20 6.10 6.14 3152
 113 4753 3151 75 23 6.10 6.14 3152
 113 4737 3151 75 23 6.10 6.14 3152
 113 4721 3151 75 20 6.10 6.14 3152
 129 4753 3151 75 24 6.10 6.14 3152
 129 4737 3151 75 24 6.10 6.14 3152
 129 4721 3151 75 21 6.10 6.14 3152
 129 4673 3151 67 1 1.10 1.14 3152
 145 4657 3151 67 1 1.10 1.14 3152
 161 4657 3151 67 1 1.10 1.14 3152
 177 4641 3151 67 1 1.10 1.14 3152
 193 4721 3151 92 106 1.10 6.14 3152
 193 4737 3151 92 109 1.10 6.14 3152
 193 4753 3151 92 109 1.10 6.14 3152
 193 4641 3151 67 1 1.10 1.14 3152
 193 4705 3151 53 19 1.10 -5.86 3152
 209 4705 3151 92 100 1.10 6.14 3152
 209 4721 3151 92 112 1.10 6.14 3152
 209 4753 3151 92 104 1.10 6.14 3152
 209 4737 3151 92 104 1.10 6.14 3152
 209 4625 3151 67 1 1.10 1.14 3152
 209 4689 3151 53 19 1.10 -5.86 3152
 225 4705 3151 92 101 1.10 6.14 3152
 225 4753 3151 92 104 1.10 6.14 3152
 225 4737 3151 92 104 1.10 6.14 3152
 225 4721 3151 92 104 1.10 6.14 3152
 225 4625 3151 67 1 1.10 1.14 3152
 225 4689 3151 53 19 1.10 -5.86 3152
 241 4705 3151 92 102 1.10 6.14 3152
 241 4721 3151 92 111 1.10 6.14 3152
 241 4753 3151 92 104 1.10 6.14 3152
 241 4737 3151 92 104 1.10 6.14 3152
 241 4625 3151 67 1 1.10 1.14 3152
 241 4689 3151 53 19 1.10 -5.86 3152
 257 4721 3151 92 108 1.10 6.14 3152
 257 4737 3151 92 110 1.10 6.14 3152
 257 4753 3151 92 110 1.10 6.14 3152
 257 4641 3151 67 1 1.10 1.14 3152
 257 4705 3151 53 19 1.10 -5.86 3152
 273 4641 3151 67 1 1.10 1.14 3152
 289 4657 3151 67 1 1.10 1.14 3152
 305 4657 3151 67 1 1.10 1.14 3152
 321 4673 3151 67 1 1.10 1.14 3152
 337 4753 3151 92 109 1.10 6.14 3152
 337 4737 3151 92 109 1.10 6.14 3152
 337 4721 3151 92 106 1.10 6.14 3152
 353 4753 3151 92 104 1.10 6.14 3152
 353 4737 3151 92 104 1.10 6.14 3152
 353 4721 3151 92 101 1.10 6.14 3152
 369 4753 3151 92 104 1.10 6.14 3152
 369 4737 3151 92 104 1.10 6.14 3152
 369 4721 3151 92 101 1.10 6.14 3152
 385 4753 3151 92 104 1.10 6.14 3152
 385 4737 3151 92 104 1.10 6.14 3152
 385 4721 3151 92 101 1.10 6.14 3152
 401 4753 3151 92 104 1.10 6.14 3152
 401 4737 3151 92 104 1.10 6.14 3152
 401 4721 3151 92 101 1.10 6.14 3152
 401 4673 3151 67 1 1.10 1.14 3152
 417 4753 3151 92 104 1.10 6.14 3152
 417 4737 3151 92 104 1.10 6.14 3152
 417 4721 3151 92 101 1.10 6.14 3152
 433 4753 3151 92 104 1.10 6.14 3152
 433 4737 3151 92 104 1.10 6.14 3152
 433 4721 3151 92 101 1.10 6.14 3152
 433 4705 3151 75 22 6.10 6.14 3152
 433 4689 3151 75 22 6.10 6.14 3152
 433 4641 3151 75 22 6.10 6.14 3152
 433 4593 3151 75 19 6.10 6.14 3152
 433 4609 3151 75 22 6.10 6.14 3152
 433 4625 3151 75 22 6.10 6.14 3152
 433 4657 3151 75 22 6.10 6.14 3152
 433 4673 3151 75 22 6.10 6.14 3152
 433 4657 3151 67 1 1.10 1.14 3152
 433 4689 3192 53 15.50 1.10 -5.86 3193
 449 4753 3151 92 104 1.10 6.14 3152
 449 4737 3151 92 104 1.10 6.14 3152
 449 4721 3151 92 112 1.10 6.14 3152
 449 4705 3151 92 100 1.10 6.14 3152
 449 4689 3151 75 23 6.10 6.14 3152
 449 4641 3151 75 23 6.10 6.14 3152
 449 4593 3151 75 20 6.10 6.14 3152
 449 4625 3151 75 23 6.10 6.14 3152
 449 4609 3151 75 23 6.10 6.14 3152
 449 4657 3151 75 23 6.10 6.14 3152
 449 4673 3151 75 23 6.10 6.14 3152
 449 4561 3151 67 1 1.10 1.14 3152
 465 4753 3151 92 104 1.10 6.14 3152
 465 4737 3151 92 104 1.10 6.14 3152
 465 4721 3151 92 104 1.10 6.14 3152
 465 4705 3151 92 112 1.10 6.14 3152
 465 4689 3151 92 100 1.10 6.14 3152
 465 4641 3151 75 24 6.10 6.14 3152
 465 4593 3151 75 21 6.10 6.14 3152
 465 4625 3151 75 24 6.10 6.14 3152
 465 4609 3151 75 24 6.10 6.14 3152
 465 4657 3151 75 24 6.10 6.14 3152
 465 4673 3151 75 24 6.10 6.14 3152
 465 4529 3151 67 1 1.10 1.14 3152
 465 4641 3151 67 1 1.10 1.14 3152
 481 4753 3151 92 104 1.10 6.14 3152
 481 4737 3151 92 104 1.10 6.14 3152
 481 4721 3151 92 104 1.10 6.14 3152
 481 4705 3151 92 104 1.10 6.14 3152
 481 4689 3151 92 112 1.10 6.14 3152
 481 4673 3151 92 113 1.10 6.14 3152
 481 4497 3151 67 1 1.10 1.14 3152
 497 4753 3151 92 104 1.10 6.14 3152
 497 4737 3151 92 104 1.10 6.14 3152
 497 4721 3151 92 104 1.10 6.14 3152
 497 4705 3151 92 104 1.10 6.14 3152
 497 4689 3151 92 104 1.10 6.14 3152
 497 4545 3151 75 30 6.10 6.14 3152
 497 4657 3151 92 113 1.10 6.14 3152
 497 4673 3151 92 112 1.10 6.14 3152
 513 4753 3151 92 104 1.10 6.14 3152
 513 4737 3151 92 104 1.10 6.14 3152
 513 4721 3151 92 104 1.10 6.14 3152
 513 4705 3151 92 104 1.10 6.14 3152
 513 4689 3151 92 104 1.10 6.14 3152
 513 4545 3151 75 31 6.10 6.14 3152
 513 4641 3151 92 113 1.10 6.14 3152
 513 4657 3151 92 112 1.10 6.14 3152
 513 4673 3151 92 104 1.10 6.14 3152
 513 4481 3151 59 4 1.10 1.14 3152
 529 4753 3151 92 104 1.10 6.14 3152
 529 4737 3151 92 104 1.10 6.14 3152
 529 4721 3151 92 104 1.10 6.14 3152
 529 4705 3151 92 104 1.10 6.14 3152
 529 4689 3151 92 104 1.10 6.14 3152
 529 4545 3151 75 31 6.10 6.14 3152
 529 4641 3151 92 101 1.10 6.14 3152
 529 4561 3151 75 33 6.10 6.14 3152
 529 4577 3151 75 34 6.10 6.14 3152
 529 4593 3151 75 34 6.10 6.14 3152
 529 4609 3151 75 34 6.10 6.14 3152
 529 4625 3151 75 34 6.10 6.14 3152
 529 4657 3151 92 104 1.10 6.14 3152
 529 4673 3151 92 104 1.10 6.14 3152
 529 4481 3151 60 1 1.10 1.14 3152
 545 4753 3151 92 104 1.10 6.14 3152
 545 4737 3151 92 104 1.10 6.14 3152
 545 4721 3151 92 104 1.10 6.14 3152
 545 4705 3151 92 104 1.10 6.14 3152
 545 4689 3151 92 104 1.10 6.14 3152
 545 4545 3151 75 31 6.10 6.14 3152
 545 4641 3151 92 101 1.10 6.14 3152
 545 4657 3151 92 104 1.10 6.14 3152
 545 4673 3151 92 104 1.10 6.14 3152
 545 4481 3151 60 1 1.10 1.14 3152
 545 4609 3192 53 11.20 1.10 -5.86 3193
 561 4753 3151 92 104 1.10 6.14 3152
 561 4737 3151 92 104 1.10 6.14 3152
 561 4721 3151 92 104 1.10 6.14 3152
 561 4705 3151 92 104 1.10 6.14 3152
 561 4689 3151 92 104 1.10 6.14 3152
 561 4545 3151 75 32 6.10 6.14 3152
 561 4641 3151 92 101 1.10 6.14 3152
 561 4657 3151 92 104 1.10 6.14 3152
 561 4673 3151 92 104 1.10 6.14 3152
 577 4753 3151 92 104 1.10 6.14 3152
 577 4737 3151 92 104 1.10 6.14 3152
 577 4721 3151 92 104 1.10 6.14 3152
 577 4705 3151 92 104 1.10 6.14 3152
 577 4689 3151 92 104 1.10 6.14 3152
 577 4641 3151 92 101 1.10 6.14 3152
 577 4657 3151 92 104 1.10 6.14 3152
 577 4673 3151 92 104 1.10 6.14 3152
 593 4753 3151 92 104 1.10 6.14 3152
 593 4737 3151 92 104 1.10 6.14 3152
 593 4721 3151 92 104 1.10 6.14 3152
 593 4705 3151 92 104 1.10 6.14 3152
 593 4689 3151 92 104 1.10 6.14 3152
 593 4641 3151 92 129 1.10 6.14 3152
 593 4657 3151 92 104 1.10 6.14 3152
 593 4673 3151 92 104 1.10 6.14 3152
 609 4753 3151 92 104 1.10 6.14 3152
 609 4737 3151 92 104 1.10 6.14 3152
 609 4721 3151 92 104 1.10 6.14 3152
 609 4705 3151 92 104 1.10 6.14 3152
 609 4689 3151 92 104 1.10 6.14 3152
 609 4641 3151 92 130 1.10 6.14 3152
 609 4657 3151 92 104 1.10 6.14 3152
 609 4673 3151 92 104 1.10 6.14 3152
 625 4753 3151 92 104 1.10 6.14 3152
 625 4737 3151 92 104 1.10 6.14 3152
 625 4721 3151 92 104 1.10 6.14 3152
 625 4705 3151 92 104 1.10 6.14 3152
 625 4689 3151 92 104 1.10 6.14 3152
 625 4641 3151 92 131 1.10 6.14 3152
 625 4657 3151 92 127 1.10 6.14 3152
 625 4673 3151 92 104 1.10 6.14 3152
 625 4609 3192 53 11.20 1.10 -5.86 3193
 641 4753 3151 92 104 1.10 6.14 3152
 641 4737 3151 92 104 1.10 6.14 3152
 641 4721 3151 92 104 1.10 6.14 3152
 641 4705 3151 92 104 1.10 6.14 3152
 641 4689 3151 92 104 1.10 6.14 3152
 641 4641 3151 92 132 1.10 6.14 3152
 641 4657 3151 92 128 1.10 6.14 3152
 641 4673 3151 92 104 1.10 6.14 3152
 657 4753 3151 92 104 1.10 6.14 3152
 657 4737 3151 92 104 1.10 6.14 3152
 657 4721 3151 92 104 1.10 6.14 3152
 657 4705 3151 92 104 1.10 6.14 3152
 657 4689 3151 92 104 1.10 6.14 3152
 657 4657 3151 92 129 1.10 6.14 3152
 657 4673 3151 92 104 1.10 6.14 3152
 673 4753 3151 92 104 1.10 6.14 3152
 673 4737 3151 92 104 1.10 6.14 3152
 673 4721 3151 92 104 1.10 6.14 3152
 673 4705 3151 92 104 1.10 6.14 3152
 673 4689 3151 92 104 1.10 6.14 3152
 673 4657 3151 92 130 1.10 6.14 3152
 673 4673 3151 92 104 1.10 6.14 3152
 689 4753 3151 92 104 1.10 6.14 3152
 689 4737 3151 92 104 1.10 6.14 3152
 689 4721 3151 92 104 1.10 6.14 3152
 689 4705 3151 92 104 1.10 6.14 3152
 689 4689 3151 92 104 1.10 6.14 3152
 689 4657 3151 92 131 1.10 6.14 3152
 689 4673 3151 92 127 1.10 6.14 3152
 689 4593 3151 59 2 1.10 1.14 3152
 689 4641 3151 53 1 1.10 -5.86 3152
 705 4753 3151 92 104 1.10 6.14 3152
 705 4737 3151 92 104 1.10 6.14 3152
 705 4721 3151 92 104 1.10 6.14 3152
 705 4705 3151 92 104 1.10 6.14 3152
 705 4689 3151 92 104 1.10 6.14 3152
 705 4657 3151 92 132 1.10 6.14 3152
 705 4673 3151 92 128 1.10 6.14 3152
 705 4593 3151 60 1 1.10 1.14 3152
 721 4753 3151 92 104 1.10 6.14 3152
 721 4737 3151 92 104 1.10 6.14 3152
 721 4721 3151 92 104 1.10 6.14 3152
 721 4705 3151 92 104 1.10 6.14 3152
 721 4689 3151 92 104 1.10 6.14 3152
 721 4673 3151 92 119 1.10 6.14 3152
 721 4593 3151 60 1 1.10 1.14 3152
 721 4657 3151 53 1 1.10 -5.86 3152
 737 4753 3151 92 104 1.10 6.14 3152
 737 4737 3151 92 104 1.10 6.14 3152
 737 4721 3151 92 104 1.10 6.14 3152
 737 4705 3151 92 104 1.10 6.14 3152
 737 4689 3151 92 118 1.10 6.14 3152
 737 4673 3151 92 120 1.10 6.14 3152
 753 4753 3151 92 104 1.10 6.14 3152
 753 4737 3151 92 104 1.10 6.14 3152
 753 4721 3151 92 104 1.10 6.14 3152
 753 4705 3151 92 111 1.10 6.14 3152
 753 4689 3151 92 114 1.10 6.14 3152
 753 4673 3151 53 1 1.10 -5.86 3152
 769 4753 3151 92 104 1.10 6.14 3152
 769 4737 3151 92 104 1.10 6.14 3152
 769 4721 3151 92 111 1.10 6.14 3152
 769 4705 3151 92 114 1.10 6.14 3152
 785 4753 3151 92 104 1.10 6.14 3152
 785 4737 3151 92 104 1.10 6.14 3152
 785 4721 3151 92 119 1.10 6.14 3152
 801 4753 3151 92 104 1.10 6.14 3152
 801 4737 3151 92 118 1.10 6.14 3152
 801 4721 3151 92 120 1.10 6.14 3152
 817 4753 3151 92 104 1.10 6.14 3152
 817 4737 3151 92 101 1.10 6.14 3152
 817 4705 3192 53 7.50 1.10 -5.86 3193
 833 4753 3151 92 104 1.10 6.14 3152
 833 4737 3151 92 101 1.10 6.14 3152
 849 4753 3151 92 104 1.10 6.14 3152
 849 4737 3151 92 101 1.10 6.14 3152
 849 4705 3192 53 7.50 1.10 -5.86 3193
 865 4561 3151 59 20 1.10 1.14 3152
 865 4561 3151 65 1 0.10 0.14 3152
 865 4433 3151 58 1 1.10 -4.86 3152
 865 4753 3151 92 104 1.10 6.14 3152
 865 4737 3151 92 101 1.10 6.14 3152
 865 4705 3151 67 1 1.10 1.14 3152
 881 4673 3151 67 1 1.10 1.14 3152
 881 4609 3196 91 44 1.10 1.14 3197
 881 4753 3151 92 105 1.10 6.14 3152
 881 4737 3151 92 102 1.10 6.14 3152
 897 4449 3192 67 26 1.10 1.14 3193
 913 4657 3151 67 1 1.10 1.14 3152
 913 4689 3151 75 30 6.10 6.14 3152
 929 4753 3151 75 34 6.10 6.14 3152
 929 4737 3151 75 34 6.10 6.14 3152
 929 4721 3151 75 34 6.10 6.14 3152
 929 4705 3151 75 33 6.10 6.14 3152
 929 4689 3151 75 31 6.10 6.14 3152
 945 4689 3151 75 32 6.10 6.14 3152
 961 4625 3151 67 1 1.10 1.14 3152
 977 4609 3151 67 1 1.10 1.14 3152
 993 4673 3151 92 103 1.10 6.14 3152
 993 4657 3151 92 100 1.10 6.14 3152
 993 4753 3151 92 103 1.10 6.14 3152
 993 4737 3151 92 103 1.10 6.14 3152
 993 4721 3151 92 103 1.10 6.14 3152
 993 4705 3151 92 103 1.10 6.14 3152
 993 4689 3151 92 103 1.10 6.14 3152
 1009 4673 3151 92 104 1.10 6.14 3152
 1009 4657 3151 92 125 1.10 6.14 3152
 1009 4641 3151 92 121 1.10 6.14 3152
 1009 4753 3151 92 104 1.10 6.14 3152
 1009 4737 3151 92 104 1.10 6.14 3152
 1009 4721 3151 92 104 1.10 6.14 3152
 1009 4705 3151 92 104 1.10 6.14 3152
 1009 4689 3151 92 104 1.10 6.14 3152
 1025 4673 3151 92 104 1.10 6.14 3152
 1025 4657 3151 92 126 1.10 6.14 3152
 1025 4641 3151 92 122 1.10 6.14 3152
 1025 4753 3151 92 104 1.10 6.14 3152
 1025 4737 3151 92 104 1.10 6.14 3152
 1025 4721 3151 92 104 1.10 6.14 3152
 1025 4705 3151 92 104 1.10 6.14 3152
 1025 4689 3151 92 104 1.10 6.14 3152
 1041 4673 3151 92 104 1.10 6.14 3152
 1041 4657 3151 92 104 1.10 6.14 3152
 1041 4641 3151 92 123 1.10 6.14 3152
 1041 4753 3151 92 104 1.10 6.14 3152
 1041 4737 3151 92 104 1.10 6.14 3152
 1041 4721 3151 92 104 1.10 6.14 3152
 1041 4705 3151 92 104 1.10 6.14 3152
 1041 4689 3151 92 104 1.10 6.14 3152
 1057 4673 3151 92 104 1.10 6.14 3152
 1057 4657 3151 92 104 1.10 6.14 3152
 1057 4641 3151 92 124 1.10 6.14 3152
 1057 4753 3151 92 104 1.10 6.14 3152
 1057 4737 3151 92 104 1.10 6.14 3152
 1057 4721 3151 92 104 1.10 6.14 3152
 1057 4705 3151 92 104 1.10 6.14 3152
 1057 4689 3151 92 104 1.10 6.14 3152
 1073 4753 3151 92 104 1.10 6.14 3152
 1073 4737 3151 92 104 1.10 6.14 3152
 1073 4721 3151 92 104 1.10 6.14 3152
 1073 4705 3151 92 104 1.10 6.14 3152
 1073 4689 3151 92 104 1.10 6.14 3152
 1073 4641 3151 92 101 1.10 6.14 3152
 1073 4657 3151 92 104 1.10 6.14 3152
 1073 4673 3151 92 104 1.10 6.14 3152
 1089 4753 3151 92 104 1.10 6.14 3152
 1089 4737 3151 92 104 1.10 6.14 3152
 1089 4721 3151 92 104 1.10 6.14 3152
 1089 4705 3151 92 104 1.10 6.14 3152
 1089 4689 3151 92 104 1.10 6.14 3152
 1089 4673 3151 92 104 1.10 6.14 3152
 1089 4609 3151 92 106 1.10 6.14 3152
 1089 4625 3151 92 109 1.10 6.14 3152
 1089 4641 3151 92 101 1.10 6.14 3152
 1089 4657 3151 92 104 1.10 6.14 3152
 1105 4753 3151 92 104 1.10 6.14 3152
 1105 4737 3151 92 104 1.10 6.14 3152
 1105 4721 3151 92 104 1.10 6.14 3152
 1105 4705 3151 92 104 1.10 6.14 3152
 1105 4689 3151 92 104 1.10 6.14 3152
 1105 4673 3151 92 104 1.10 6.14 3152
 1105 4609 3151 92 107 1.10 6.14 3152
 1105 4625 3151 92 104 1.10 6.14 3152
 1105 4641 3151 92 101 1.10 6.14 3152
 1105 4657 3151 92 104 1.10 6.14 3152
 1121 4753 3151 92 104 1.10 6.14 3152
 1121 4737 3151 92 104 1.10 6.14 3152
 1121 4721 3151 92 104 1.10 6.14 3152
 1121 4705 3151 92 104 1.10 6.14 3152
 1121 4689 3151 92 104 1.10 6.14 3152
 1121 4673 3151 92 104 1.10 6.14 3152
 1121 4561 3151 92 106 1.10 6.14 3152
 1121 4577 3151 92 109 1.10 6.14 3152
 1121 4593 3151 92 109 1.10 6.14 3152
 1121 4609 3151 92 107 1.10 6.14 3152
 1121 4625 3151 92 104 1.10 6.14 3152
 1121 4641 3151 92 101 1.10 6.14 3152
 1121 4657 3151 92 104 1.10 6.14 3152
 1121 4497 3151 67 1 1.10 1.14 3152
 1121 4513 3151 67 1 1.10 1.14 3152
 1137 4753 3151 92 104 1.10 6.14 3152
 1137 4737 3151 92 104 1.10 6.14 3152
 1137 4721 3151 92 104 1.10 6.14 3152
 1137 4705 3151 92 104 1.10 6.14 3152
 1137 4689 3151 92 104 1.10 6.14 3152
 1137 4673 3151 92 104 1.10 6.14 3152
 1137 4561 3151 92 107 1.10 6.14 3152
 1137 4577 3151 92 104 1.10 6.14 3152
 1137 4593 3151 92 104 1.10 6.14 3152
 1137 4609 3151 92 108 1.10 6.14 3152
 1137 4625 3151 92 110 1.10 6.14 3152
 1137 4641 3151 92 101 1.10 6.14 3152
 1137 4657 3151 92 104 1.10 6.14 3152
 1137 4497 3151 67 1 1.10 1.14 3152
 1137 4513 3151 67 1 1.10 1.14 3152
 1153 4753 3151 92 104 1.10 6.14 3152
 1153 4737 3151 92 104 1.10 6.14 3152
 1153 4721 3151 92 104 1.10 6.14 3152
 1153 4705 3151 92 104 1.10 6.14 3152
 1153 4689 3151 92 104 1.10 6.14 3152
 1153 4673 3151 92 104 1.10 6.14 3152
 1153 4561 3151 92 107 1.10 6.14 3152
 1153 4577 3151 92 104 1.10 6.14 3152
 1153 4593 3151 92 104 1.10 6.14 3152
 1153 4609 3151 92 104 1.10 6.14 3152
 1153 4625 3151 92 104 1.10 6.14 3152
 1153 4641 3151 92 101 1.10 6.14 3152
 1153 4657 3151 92 104 1.10 6.14 3152
 1169 4753 3151 92 104 1.10 6.14 3152
 1169 4737 3151 92 104 1.10 6.14 3152
 1169 4721 3151 92 104 1.10 6.14 3152
 1169 4705 3151 92 104 1.10 6.14 3152
 1169 4689 3151 92 111 1.10 6.14 3152
 1169 4673 3151 92 105 1.10 6.14 3152
 1169 4561 3151 92 107 1.10 6.14 3152
 1169 4577 3151 92 104 1.10 6.14 3152
 1169 4593 3151 92 104 1.10 6.14 3152
 1169 4609 3151 92 104 1.10 6.14 3152
 1169 4625 3151 92 104 1.10 6.14 3152
 1169 4641 3151 92 102 1.10 6.14 3152
 1169 4657 3151 92 105 1.10 6.14 3152
 1169 4529 3192 53 7.50 1.10 -5.86 3193
 1185 4753 3151 92 104 1.10 6.14 3152
 1185 4737 3151 92 104 1.10 6.14 3152
 1185 4721 3151 92 104 1.10 6.14 3152
 1185 4705 3151 92 104 1.10 6.14 3152
 1185 4689 3151 92 101 1.10 6.14 3152
 1185 4673 3151 92 104 1.10 6.14 3152
 1185 4497 3151 92 106 1.10 6.14 3152
 1185 4513 3151 92 109 1.10 6.14 3152
 1185 4529 3151 92 109 1.10 6.14 3152
 1185 4545 3151 92 109 1.10 6.14 3152
 1185 4561 3151 92 107 1.10 6.14 3152
 1185 4593 3151 92 104 1.10 6.14 3152
 1185 4577 3151 92 104 1.10 6.14 3152
 1185 4609 3151 92 104 1.10 6.14 3152
 1185 4625 3151 92 104 1.10 6.14 3152
 1185 4641 3151 92 104 1.10 6.14 3152
 1185 4657 3151 92 104 1.10 6.14 3152
 1201 4753 3151 92 105 1.10 6.14 3152
 1201 4737 3151 92 105 1.10 6.14 3152
 1201 4721 3151 92 105 1.10 6.14 3152
 1201 4705 3151 92 105 1.10 6.14 3152
 1201 4689 3151 92 102 1.10 6.14 3152
 1201 4673 3151 92 110 1.10 6.14 3152
 1201 4497 3151 92 107 1.10 6.14 3152
 1201 4513 3151 92 104 1.10 6.14 3152
 1201 4529 3151 92 104 1.10 6.14 3152
 1201 4545 3151 92 104 1.10 6.14 3152
 1201 4561 3151 92 108 1.10 6.14 3152
 1201 4577 3151 92 110 1.10 6.14 3152
 1201 4593 3151 92 110 1.10 6.14 3152
 1201 4609 3151 92 110 1.10 6.14 3152
 1201 4625 3151 92 110 1.10 6.14 3152
 1201 4641 3151 92 110 1.10 6.14 3152
 1201 4657 3151 92 110 1.10 6.14 3152
 1217 4753 3151 92 104 1.10 6.14 3152
 1217 4737 3151 92 104 1.10 6.14 3152
 1217 4721 3151 92 104 1.10 6.14 3152
 1217 4705 3151 92 104 1.10 6.14 3152
 1217 4689 3151 92 104 1.10 6.14 3152
 1217 4673 3151 92 104 1.10 6.14 3152
 1217 4497 3151 92 107 1.10 6.14 3152
 1217 4513 3151 92 104 1.10 6.14 3152
 1217 4529 3151 92 104 1.10 6.14 3152
 1217 4545 3151 92 104 1.10 6.14 3152
 1217 4561 3151 92 104 1.10 6.14 3152
 1217 4577 3151 92 104 1.10 6.14 3152
 1217 4593 3151 92 104 1.10 6.14 3152
 1217 4609 3151 92 104 1.10 6.14 3152
 1217 4625 3151 92 104 1.10 6.14 3152
 1217 4641 3151 92 104 1.10 6.14 3152
 1217 4657 3151 92 104 1.10 6.14 3152
 1233 4449 3151 67 1 1.10 1.14 3152
 1233 4753 3151 92 104 1.10 6.14 3152
 1233 4737 3151 92 104 1.10 6.14 3152
 1233 4721 3151 92 104 1.10 6.14 3152
 1233 4705 3151 92 104 1.10 6.14 3152
 1233 4689 3151 92 104 1.10 6.14 3152
 1233 4673 3151 92 104 1.10 6.14 3152
 1233 4497 3151 92 107 1.10 6.14 3152
 1233 4513 3151 92 104 1.10 6.14 3152
 1233 4529 3151 92 104 1.10 6.14 3152
 1233 4545 3151 92 104 1.10 6.14 3152
 1233 4593 3151 92 104 1.10 6.14 3152
 1233 4577 3151 92 104 1.10 6.14 3152
 1233 4561 3151 92 104 1.10 6.14 3152
 1233 4609 3151 92 104 1.10 6.14 3152
 1233 4625 3151 92 104 1.10 6.14 3152
 1233 4641 3151 92 104 1.10 6.14 3152
 1233 4657 3151 92 104 1.10 6.14 3152
 1233 4465 3151 67 1 1.10 1.14 3152
 1249 4449 3151 67 1 1.10 1.14 3152
 1249 4465 3151 67 1 1.10 1.14 3152
 1249 4753 3151 92 104 1.10 6.14 3152
 1249 4737 3151 92 104 1.10 6.14 3152
 1249 4721 3151 92 104 1.10 6.14 3152
 1249 4705 3151 92 104 1.10 6.14 3152
 1249 4689 3151 92 104 1.10 6.14 3152
 1249 4673 3151 92 104 1.10 6.14 3152
 1249 4497 3151 92 107 1.10 6.14 3152
 1249 4513 3151 92 104 1.10 6.14 3152
 1249 4529 3151 92 104 1.10 6.14 3152
 1249 4545 3151 92 104 1.10 6.14 3152
 1249 4561 3151 92 104 1.10 6.14 3152
 1249 4577 3151 92 104 1.10 6.14 3152
 1249 4593 3151 92 104 1.10 6.14 3152
 1249 4609 3151 92 104 1.10 6.14 3152
 1249 4625 3151 92 104 1.10 6.14 3152
 1249 4641 3151 92 104 1.10 6.14 3152
 1249 4657 3151 92 104 1.10 6.14 3152
 1265 4753 3151 92 104 1.10 6.14 3152
 1265 4737 3151 92 104 1.10 6.14 3152
 1265 4721 3151 92 104 1.10 6.14 3152
 1265 4705 3151 92 104 1.10 6.14 3152
 1265 4689 3151 92 104 1.10 6.14 3152
 1265 4673 3151 92 104 1.10 6.14 3152
 1265 4497 3151 92 107 1.10 6.14 3152
 1265 4513 3151 92 104 1.10 6.14 3152
 1265 4529 3151 92 104 1.10 6.14 3152
 1265 4545 3151 92 104 1.10 6.14 3152
 1265 4561 3151 92 104 1.10 6.14 3152
 1265 4577 3151 92 104 1.10 6.14 3152
 1265 4593 3151 92 104 1.10 6.14 3152
 1265 4609 3151 92 104 1.10 6.14 3152
 1265 4625 3151 92 104 1.10 6.14 3152
 1265 4641 3151 92 104 1.10 6.14 3152
 1265 4657 3151 92 104 1.10 6.14 3152
 1265 4465 3192 53 15.50 1.10 -5.86 3193
 1281 4753 3151 92 110 1.10 6.14 3152
 1281 4737 3151 92 110 1.10 6.14 3152
 1281 4721 3151 92 110 1.10 6.14 3152
 1281 4705 3151 92 110 1.10 6.14 3152
 1281 4689 3151 92 110 1.10 6.14 3152
 1281 4673 3151 92 110 1.10 6.14 3152
 1281 4497 3151 92 108 1.10 6.14 3152
 1281 4513 3151 92 110 1.10 6.14 3152
 1281 4529 3151 92 110 1.10 6.14 3152
 1281 4545 3151 92 110 1.10 6.14 3152
 1281 4561 3151 92 110 1.10 6.14 3152
 1281 4577 3151 92 110 1.10 6.14 3152
 1281 4593 3151 92 110 1.10 6.14 3152
 1281 4609 3151 92 110 1.10 6.14 3152
 1281 4625 3151 92 110 1.10 6.14 3152
 1281 4641 3151 92 110 1.10 6.14 3152
 1281 4657 3151 92 110 1.10 6.14 3152
 1345 4753 3151 75 22 6.10 6.14 3152
 1345 4737 3151 75 22 6.10 6.14 3152
 1345 4721 3151 75 22 6.10 6.14 3152
 1345 4705 3151 75 22 6.10 6.14 3152
 1345 4689 3151 75 22 6.10 6.14 3152
 1345 4673 3151 75 22 6.10 6.14 3152
 1345 4577 3151 75 19 6.10 6.14 3152
 1345 4593 3151 75 22 6.10 6.14 3152
 1345 4609 3151 75 22 6.10 6.14 3152
 1345 4625 3151 75 22 6.10 6.14 3152
 1345 4641 3151 75 22 6.10 6.14 3152
 1345 4657 3151 75 22 6.10 6.14 3152
 1361 4753 3151 75 23 6.10 6.14 3152
 1361 4737 3151 75 23 6.10 6.14 3152
 1361 4721 3151 75 23 6.10 6.14 3152
 1361 4705 3151 75 23 6.10 6.14 3152
 1361 4689 3151 75 23 6.10 6.14 3152
 1361 4673 3151 75 23 6.10 6.14 3152
 1361 4577 3151 75 20 6.10 6.14 3152
 1361 4593 3151 75 23 6.10 6.14 3152
 1361 4609 3151 75 23 6.10 6.14 3152
 1361 4625 3151 75 23 6.10 6.14 3152
 1361 4641 3151 75 23 6.10 6.14 3152
 1361 4657 3151 75 23 6.10 6.14 3152
 1361 4529 3151 59 1 1.10 1.14 3152
 1361 4481 3151 67 1 1.10 1.14 3152
 1377 4753 3151 75 23 6.10 6.14 3152
 1377 4737 3151 75 23 6.10 6.14 3152
 1377 4721 3151 75 23 6.10 6.14 3152
 1377 4705 3151 75 23 6.10 6.14 3152
 1377 4689 3151 75 23 6.10 6.14 3152
 1377 4673 3151 75 23 6.10 6.14 3152
 1377 4577 3151 75 20 6.10 6.14 3152
 1377 4593 3151 75 23 6.10 6.14 3152
 1377 4609 3151 75 23 6.10 6.14 3152
 1377 4625 3151 75 23 6.10 6.14 3152
 1377 4641 3151 75 23 6.10 6.14 3152
 1377 4657 3151 75 23 6.10 6.14 3152
 1377 4529 3151 60 1 1.10 1.14 3152
 1377 4481 3151 67 1 1.10 1.14 3152
 1393 4753 3151 75 23 6.10 6.14 3152
 1393 4737 3151 75 23 6.10 6.14 3152
 1393 4721 3151 75 23 6.10 6.14 3152
 1393 4705 3151 75 23 6.10 6.14 3152
 1393 4689 3151 75 23 6.10 6.14 3152
 1393 4673 3151 75 23 6.10 6.14 3152
 1393 4577 3151 75 20 6.10 6.14 3152
 1393 4593 3151 75 23 6.10 6.14 3152
 1393 4609 3151 75 23 6.10 6.14 3152
 1393 4625 3151 75 23 6.10 6.14 3152
 1393 4641 3151 75 23 6.10 6.14 3152
 1393 4657 3151 75 23 6.10 6.14 3152
 1393 4529 3151 71 39 1.10 1.14 3152
 1393 4497 3151 67 1 1.10 1.14 3152
 1409 4753 3151 75 24 6.10 6.14 3152
 1409 4737 3151 75 24 6.10 6.14 3152
 1409 4721 3151 75 24 6.10 6.14 3152
 1409 4705 3151 75 24 6.10 6.14 3152
 1409 4689 3151 75 24 6.10 6.14 3152
 1409 4673 3151 75 24 6.10 6.14 3152
 1409 4577 3151 75 21 6.10 6.14 3152
 1409 4593 3151 75 24 6.10 6.14 3152
 1409 4609 3151 75 24 6.10 6.14 3152
 1409 4625 3151 75 24 6.10 6.14 3152
 1409 4641 3151 75 24 6.10 6.14 3152
 1409 4657 3151 75 24 6.10 6.14 3152
 1473 4753 3151 75 22 6.10 6.14 3152
 1473 4737 3151 75 22 6.10 6.14 3152
 1473 4721 3151 75 22 6.10 6.14 3152
 1473 4705 3151 75 22 6.10 6.14 3152
 1473 4689 3151 75 22 6.10 6.14 3152
 1473 4673 3151 75 22 6.10 6.14 3152
 1473 4657 3151 75 19 6.10 6.14 3152
 1489 4753 3151 75 23 6.10 6.14 3152
 1489 4737 3151 75 23 6.10 6.14 3152
 1489 4721 3151 75 23 6.10 6.14 3152
 1489 4705 3151 75 23 6.10 6.14 3152
 1489 4689 3151 75 23 6.10 6.14 3152
 1489 4673 3151 75 23 6.10 6.14 3152
 1489 4657 3151 75 20 6.10 6.14 3152
 1489 4609 3151 67 1 1.10 1.14 3152
 1489 4593 3151 67 1 1.10 1.14 3152
 1489 4625 3192 52 1 1.10 1.14 3193
 1505 4753 3151 75 23 6.10 6.14 3152
 1505 4737 3151 75 23 6.10 6.14 3152
 1505 4721 3151 75 23 6.10 6.14 3152
 1505 4705 3151 75 23 6.10 6.14 3152
 1505 4689 3151 75 23 6.10 6.14 3152
 1505 4673 3151 75 23 6.10 6.14 3152
 1505 4657 3151 75 20 6.10 6.14 3152
 1505 4609 3151 67 1 1.10 1.14 3152
 1505 4593 3151 67 1 1.10 1.14 3152
 1521 4753 3151 75 24 6.10 6.14 3152
 1521 4737 3151 75 24 6.10 6.14 3152
 1521 4721 3151 75 24 6.10 6.14 3152
 1521 4705 3151 75 24 6.10 6.14 3152
 1521 4689 3151 75 24 6.10 6.14 3152
 1521 4673 3151 75 24 6.10 6.14 3152
 1521 4657 3151 75 21 6.10 6.14 3152
 1553 4577 3151 67 1 1.10 1.14 3152
 1585 4561 3151 67 1 1.10 1.14 3152
 1601 4737 3151 61 21 1.10 1.14 3152
 1617 4753 3151 92 109 1.10 6.14 3152
 1617 4721 3151 92 109 1.10 6.14 3152
 1617 4705 3151 92 109 1.10 6.14 3152
 1617 4689 3151 92 109 1.10 6.14 3152
 1617 4593 3151 92 106 1.10 6.14 3152
 1617 4609 3151 92 109 1.10 6.14 3152
 1617 4625 3151 92 109 1.10 6.14 3152
 1617 4641 3151 92 109 1.10 6.14 3152
 1617 4673 3151 92 109 1.10 6.14 3152
 1617 4657 3151 92 109 1.10 6.14 3152
 1617 4737 3151 61 21 1.10 1.14 3152
 1633 4753 3151 92 104 1.10 6.14 3152
 1633 4721 3151 92 104 1.10 6.14 3152
 1633 4705 3151 92 104 1.10 6.14 3152
 1633 4689 3151 92 104 1.10 6.14 3152
 1633 4673 3151 92 104 1.10 6.14 3152
 1633 4593 3151 92 101 1.10 6.14 3152
 1633 4657 3151 92 104 1.10 6.14 3152
 1633 4641 3151 92 104 1.10 6.14 3152
 1633 4625 3151 92 104 1.10 6.14 3152
 1633 4609 3151 92 104 1.10 6.14 3152
 1633 4737 3151 61 21 1.10 1.14 3152
 1649 4753 3151 92 104 1.10 6.14 3152
 1649 4721 3151 92 104 1.10 6.14 3152
 1649 4705 3151 92 104 1.10 6.14 3152
 1649 4689 3151 92 104 1.10 6.14 3152
 1649 4673 3151 92 104 1.10 6.14 3152
 1649 4593 3151 92 101 1.10 6.14 3152
 1649 4609 3151 92 104 1.10 6.14 3152
 1649 4657 3151 92 104 1.10 6.14 3152
 1649 4641 3151 92 104 1.10 6.14 3152
 1649 4625 3151 92 104 1.10 6.14 3152
 1649 4737 3151 61 21 1.10 1.14 3152
 1665 4753 3151 92 104 1.10 6.14 3152
 1665 4721 3151 92 104 1.10 6.14 3152
 1665 4705 3151 92 104 1.10 6.14 3152
 1665 4689 3151 92 104 1.10 6.14 3152
 1665 4673 3151 92 104 1.10 6.14 3152
 1665 4593 3151 92 101 1.10 6.14 3152
 1665 4609 3151 92 104 1.10 6.14 3152
 1665 4657 3151 92 104 1.10 6.14 3152
 1665 4625 3151 92 104 1.10 6.14 3152
 1665 4641 3151 92 104 1.10 6.14 3152
 1665 4737 3151 61 21 1.10 1.14 3152
 1681 4753 3151 92 104 1.10 6.14 3152
 1681 4689 3151 92 104 1.10 6.14 3152
 1681 4673 3151 92 104 1.10 6.14 3152
 1681 4657 3151 92 104 1.10 6.14 3152
 1681 4641 3151 92 104 1.10 6.14 3152
 1681 4625 3151 92 104 1.10 6.14 3152
 1681 4609 3151 92 104 1.10 6.14 3152
 1681 4577 3151 92 113 1.10 6.14 3152
 1681 4593 3151 92 112 1.10 6.14 3152
 1681 4737 3151 61 21 1.10 1.14 3152
 1681 4705 3192 71 2 1.10 1.14 3193
 1697 4753 3151 92 104 1.10 6.14 3152
 1697 4721 3151 92 104 1.10 6.14 3152
 1697 4705 3151 92 104 1.10 6.14 3152
 1697 4689 3151 92 104 1.10 6.14 3152
 1697 4673 3151 92 104 1.10 6.14 3152
 1697 4657 3151 92 104 1.10 6.14 3152
 1697 4641 3151 92 104 1.10 6.14 3152
 1697 4625 3151 92 104 1.10 6.14 3152
 1697 4609 3151 92 104 1.10 6.14 3152
 1697 4593 3151 92 104 1.10 6.14 3152
 1697 4577 3151 92 112 1.10 6.14 3152
 1697 4561 3151 92 113 1.10 6.14 3152
 1697 4737 3151 61 21 1.10 1.14 3152
 1713 4753 3151 92 104 1.10 6.14 3152
 1713 4721 3151 92 104 1.10 6.14 3152
 1713 4705 3151 92 104 1.10 6.14 3152
 1713 4689 3151 92 104 1.10 6.14 3152
 1713 4673 3151 92 104 1.10 6.14 3152
 1713 4657 3151 92 104 1.10 6.14 3152
 1713 4641 3151 92 104 1.10 6.14 3152
 1713 4625 3151 92 104 1.10 6.14 3152
 1713 4609 3151 92 104 1.10 6.14 3152
 1713 4593 3151 92 104 1.10 6.14 3152
 1713 4577 3151 92 104 1.10 6.14 3152
 1713 4561 3151 92 101 1.10 6.14 3152
 1713 4737 3151 61 21 1.10 1.14 3152
 1713 4497 3151 59 1 1.10 1.14 3152
 1729 4753 3151 92 104 1.10 6.14 3152
 1729 4737 3151 92 104 1.10 6.14 3152
 1729 4721 3151 92 104 1.10 6.14 3152
 1729 4705 3151 92 104 1.10 6.14 3152
 1729 4689 3151 92 104 1.10 6.14 3152
 1729 4673 3151 92 104 1.10 6.14 3152
 1729 4657 3151 92 104 1.10 6.14 3152
 1729 4641 3151 92 104 1.10 6.14 3152
 1729 4625 3151 92 104 1.10 6.14 3152
 1729 4609 3151 92 104 1.10 6.14 3152
 1729 4593 3151 92 104 1.10 6.14 3152
 1729 4577 3151 92 104 1.10 6.14 3152
 1729 4561 3151 92 101 1.10 6.14 3152
 1729 4497 3151 60 1 1.10 1.14 3152
 1729 4529 3192 53 15.50 1.10 -5.86 3193
 1745 4753 3151 92 104 1.10 6.14 3152
 1745 4737 3151 92 104 1.10 6.14 3152
 1745 4721 3151 92 104 1.10 6.14 3152
 1745 4705 3151 92 104 1.10 6.14 3152
 1745 4689 3151 92 104 1.10 6.14 3152
 1745 4673 3151 92 104 1.10 6.14 3152
 1745 4657 3151 92 104 1.10 6.14 3152
 1745 4641 3151 92 104 1.10 6.14 3152
 1745 4625 3151 92 104 1.10 6.14 3152
 1745 4609 3151 92 104 1.10 6.14 3152
 1745 4593 3151 92 104 1.10 6.14 3152
 1745 4577 3151 92 104 1.10 6.14 3152
 1745 4561 3151 92 101 1.10 6.14 3152
 1745 4497 3151 59 7 1.10 1.14 3152
 1761 4753 3151 92 104 1.10 6.14 3152
 1761 4737 3151 92 104 1.10 6.14 3152
 1761 4721 3151 92 104 1.10 6.14 3152
 1761 4705 3151 92 104 1.10 6.14 3152
 1761 4689 3151 92 104 1.10 6.14 3152
 1761 4673 3151 92 104 1.10 6.14 3152
 1761 4657 3151 92 104 1.10 6.14 3152
 1761 4641 3151 92 104 1.10 6.14 3152
 1761 4625 3151 92 104 1.10 6.14 3152
 1761 4609 3151 92 104 1.10 6.14 3152
 1761 4593 3151 92 104 1.10 6.14 3152
 1761 4577 3151 92 111 1.10 6.14 3152
 1761 4561 3151 92 114 1.10 6.14 3152
 1777 4753 3151 92 104 1.10 6.14 3152
 1777 4737 3151 92 104 1.10 6.14 3152
 1777 4721 3151 92 104 1.10 6.14 3152
 1777 4705 3151 92 104 1.10 6.14 3152
 1777 4689 3151 92 104 1.10 6.14 3152
 1777 4673 3151 92 104 1.10 6.14 3152
 1777 4657 3151 92 104 1.10 6.14 3152
 1777 4641 3151 92 104 1.10 6.14 3152
 1777 4625 3151 92 104 1.10 6.14 3152
 1777 4609 3151 92 104 1.10 6.14 3152
 1777 4593 3151 92 104 1.10 6.14 3152
 1777 4577 3151 92 101 1.10 6.14 3152
 1793 4753 3151 92 104 1.10 6.14 3152
 1793 4737 3151 92 104 1.10 6.14 3152
 1793 4721 3151 92 104 1.10 6.14 3152
 1793 4705 3151 92 104 1.10 6.14 3152
 1793 4689 3151 92 104 1.10 6.14 3152
 1793 4673 3151 92 104 1.10 6.14 3152
 1793 4657 3151 92 104 1.10 6.14 3152
 1793 4641 3151 92 104 1.10 6.14 3152
 1793 4625 3151 92 104 1.10 6.14 3152
 1793 4609 3151 92 104 1.10 6.14 3152
 1793 4593 3151 92 104 1.10 6.14 3152
 1793 4577 3151 92 101 1.10 6.14 3152
 1809 4753 3151 92 104 1.10 6.14 3152
 1809 4737 3151 92 104 1.10 6.14 3152
 1809 4721 3151 92 104 1.10 6.14 3152
 1809 4705 3151 92 104 1.10 6.14 3152
 1809 4689 3151 92 104 1.10 6.14 3152
 1809 4673 3151 92 104 1.10 6.14 3152
 1809 4657 3151 92 104 1.10 6.14 3152
 1809 4641 3151 92 104 1.10 6.14 3152
 1809 4625 3151 92 104 1.10 6.14 3152
 1809 4609 3151 92 104 1.10 6.14 3152
 1809 4593 3151 92 104 1.10 6.14 3152
 1809 4577 3151 92 101 1.10 6.14 3152
 1825 4753 3151 92 104 1.10 6.14 3152
 1825 4737 3151 92 104 1.10 6.14 3152
 1825 4721 3151 92 104 1.10 6.14 3152
 1825 4705 3151 92 104 1.10 6.14 3152
 1825 4689 3151 92 104 1.10 6.14 3152
 1825 4673 3151 92 104 1.10 6.14 3152
 1825 4657 3151 92 104 1.10 6.14 3152
 1825 4641 3151 92 104 1.10 6.14 3152
 1825 4625 3151 92 104 1.10 6.14 3152
 1825 4609 3151 92 104 1.10 6.14 3152
 1825 4593 3151 92 104 1.10 6.14 3152
 1825 4577 3151 92 101 1.10 6.14 3152
 1825 4545 3192 53 15.50 1.10 -5.86 3193
 1841 4753 3151 92 104 1.10 6.14 3152
 1841 4737 3151 92 104 1.10 6.14 3152
 1841 4721 3151 92 104 1.10 6.14 3152
 1841 4705 3151 92 104 1.10 6.14 3152
 1841 4689 3151 92 104 1.10 6.14 3152
 1841 4673 3151 92 104 1.10 6.14 3152
 1841 4657 3151 92 104 1.10 6.14 3152
 1841 4641 3151 92 104 1.10 6.14 3152
 1841 4625 3151 92 104 1.10 6.14 3152
 1841 4609 3151 92 104 1.10 6.14 3152
 1841 4593 3151 92 104 1.10 6.14 3152
 1841 4577 3151 92 101 1.10 6.14 3152
 1857 4753 3151 92 104 1.10 6.14 3152
 1857 4737 3151 92 104 1.10 6.14 3152
 1857 4721 3151 92 104 1.10 6.14 3152
 1857 4705 3151 92 104 1.10 6.14 3152
 1857 4689 3151 92 104 1.10 6.14 3152
 1857 4673 3151 92 104 1.10 6.14 3152
 1857 4657 3151 92 104 1.10 6.14 3152
 1857 4641 3151 92 104 1.10 6.14 3152
 1857 4625 3151 92 104 1.10 6.14 3152
 1857 4609 3151 92 104 1.10 6.14 3152
 1857 4593 3151 92 104 1.10 6.14 3152
 1857 4577 3151 92 119 1.10 6.14 3152
 1873 4753 3151 92 104 1.10 6.14 3152
 1873 4737 3151 92 104 1.10 6.14 3152
 1873 4721 3151 92 104 1.10 6.14 3152
 1873 4705 3151 92 104 1.10 6.14 3152
 1873 4689 3151 92 104 1.10 6.14 3152
 1873 4673 3151 92 104 1.10 6.14 3152
 1873 4657 3151 92 104 1.10 6.14 3152
 1873 4641 3151 92 104 1.10 6.14 3152
 1873 4625 3151 92 104 1.10 6.14 3152
 1873 4609 3151 92 104 1.10 6.14 3152
 1873 4593 3151 92 118 1.10 6.14 3152
 1873 4577 3151 92 120 1.10 6.14 3152
 1889 4753 3151 92 104 1.10 6.14 3152
 1889 4737 3151 92 104 1.10 6.14 3152
 1889 4721 3151 92 104 1.10 6.14 3152
 1889 4705 3151 92 104 1.10 6.14 3152
 1889 4689 3151 92 104 1.10 6.14 3152
 1889 4673 3151 92 104 1.10 6.14 3152
 1889 4657 3151 92 104 1.10 6.14 3152
 1889 4641 3151 92 104 1.10 6.14 3152
 1889 4625 3151 92 104 1.10 6.14 3152
 1889 4609 3151 92 104 1.10 6.14 3152
 1889 4593 3151 92 101 1.10 6.14 3152
 1905 4753 3151 92 104 1.10 6.14 3152
 1905 4737 3151 92 104 1.10 6.14 3152
 1905 4721 3151 92 104 1.10 6.14 3152
 1905 4705 3151 92 104 1.10 6.14 3152
 1905 4689 3151 92 104 1.10 6.14 3152
 1905 4673 3151 92 104 1.10 6.14 3152
 1905 4657 3151 92 104 1.10 6.14 3152
 1905 4641 3151 92 104 1.10 6.14 3152
 1905 4625 3151 92 104 1.10 6.14 3152
 1905 4609 3151 92 104 1.10 6.14 3152
 1905 4593 3151 92 101 1.10 6.14 3152
 1905 4577 3151 53 4 1.10 -5.86 3152
 1921 4753 3151 92 104 1.10 6.14 3152
 1921 4737 3151 92 104 1.10 6.14 3152
 1921 4721 3151 92 104 1.10 6.14 3152
 1921 4705 3151 92 104 1.10 6.14 3152
 1921 4689 3151 92 104 1.10 6.14 3152
 1921 4673 3151 92 104 1.10 6.14 3152
 1921 4657 3151 92 104 1.10 6.14 3152
 1921 4641 3151 92 104 1.10 6.14 3152
 1921 4625 3151 92 104 1.10 6.14 3152
 1921 4609 3151 92 111 1.10 6.14 3152
 1921 4593 3151 92 114 1.10 6.14 3152
 1937 4753 3151 92 104 1.10 6.14 3152
 1937 4737 3151 92 104 1.10 6.14 3152
 1937 4721 3151 92 104 1.10 6.14 3152
 1937 4705 3151 92 104 1.10 6.14 3152
 1937 4689 3151 92 104 1.10 6.14 3152
 1937 4673 3151 92 104 1.10 6.14 3152
 1937 4657 3151 92 104 1.10 6.14 3152
 1937 4641 3151 92 104 1.10 6.14 3152
 1937 4625 3151 92 111 1.10 6.14 3152
 1937 4609 3151 92 114 1.10 6.14 3152
 1937 4593 3151 53 4 1.10 -5.86 3152
 1953 4753 3151 92 104 1.10 6.14 3152
 1953 4737 3151 92 104 1.10 6.14 3152
 1953 4721 3151 92 104 1.10 6.14 3152
 1953 4705 3151 92 104 1.10 6.14 3152
 1953 4689 3151 92 104 1.10 6.14 3152
 1953 4673 3151 92 104 1.10 6.14 3152
 1953 4657 3151 92 104 1.10 6.14 3152
 1953 4641 3151 92 111 1.10 6.14 3152
 1953 4625 3151 92 114 1.10 6.14 3152
 1969 4753 3151 92 104 1.10 6.14 3152
 1969 4737 3151 92 104 1.10 6.14 3152
 1969 4721 3151 92 104 1.10 6.14 3152
 1969 4705 3151 92 104 1.10 6.14 3152
 1969 4689 3151 92 104 1.10 6.14 3152
 1969 4673 3151 92 104 1.10 6.14 3152
 1969 4657 3151 92 104 1.10 6.14 3152
 1969 4641 3151 92 101 1.10 6.14 3152
 1969 4625 3151 53 4 1.10 -5.86 3152
 1985 4753 3151 92 104 1.10 6.14 3152
 1985 4737 3151 92 104 1.10 6.14 3152
 1985 4721 3151 92 104 1.10 6.14 3152
 1985 4705 3151 92 104 1.10 6.14 3152
 1985 4689 3151 92 104 1.10 6.14 3152
 1985 4673 3151 92 104 1.10 6.14 3152
 1985 4657 3151 92 104 1.10 6.14 3152
 1985 4641 3151 92 125 1.10 6.14 3152
 1985 4625 3151 92 121 1.10 6.14 3152
 2001 4753 3151 92 104 1.10 6.14 3152
 2001 4737 3151 92 104 1.10 6.14 3152
 2001 4721 3151 92 104 1.10 6.14 3152
 2001 4705 3151 92 104 1.10 6.14 3152
 2001 4689 3151 92 104 1.10 6.14 3152
 2001 4673 3151 92 104 1.10 6.14 3152
 2001 4657 3151 92 104 1.10 6.14 3152
 2001 4641 3151 92 126 1.10 6.14 3152
 2001 4625 3151 92 122 1.10 6.14 3152
 2017 4753 3151 92 104 1.10 6.14 3152
 2017 4737 3151 92 104 1.10 6.14 3152
 2017 4721 3151 92 104 1.10 6.14 3152
 2017 4705 3151 92 104 1.10 6.14 3152
 2017 4689 3151 92 104 1.10 6.14 3152
 2017 4673 3151 92 104 1.10 6.14 3152
 2017 4657 3151 92 104 1.10 6.14 3152
 2017 4641 3151 92 104 1.10 6.14 3152
 2017 4625 3151 92 123 1.10 6.14 3152
 2017 4417 3151 61 21 1.10 1.14 3152
 2017 4433 3151 61 21 1.10 1.14 3152
 2017 4609 3151 53 4 1.10 -5.86 3152
 2033 4753 3151 92 104 1.10 6.14 3152
 2033 4737 3151 92 104 1.10 6.14 3152
 2033 4721 3151 92 104 1.10 6.14 3152
 2033 4705 3151 92 104 1.10 6.14 3152
 2033 4689 3151 92 104 1.10 6.14 3152
 2033 4673 3151 92 104 1.10 6.14 3152
 2033 4657 3151 92 104 1.10 6.14 3152
 2033 4641 3151 92 104 1.10 6.14 3152
 2033 4625 3151 92 124 1.10 6.14 3152
 2033 4433 3151 61 21 1.10 1.14 3152
 2049 4753 3151 92 104 1.10 6.14 3152
 2049 4737 3151 92 104 1.10 6.14 3152
 2049 4721 3151 92 104 1.10 6.14 3152
 2049 4705 3151 92 104 1.10 6.14 3152
 2049 4689 3151 92 104 1.10 6.14 3152
 2049 4673 3151 92 104 1.10 6.14 3152
 2049 4657 3151 92 104 1.10 6.14 3152
 2049 4641 3151 92 104 1.10 6.14 3152
 2049 4625 3151 92 117 1.10 6.14 3152
 2049 4609 3151 92 115 1.10 6.14 3152
 2049 4449 3192 71 1 1.10 1.14 3193
 2049 4433 3151 61 21 1.10 1.14 3152
 2049 4401 3192 71 2 1.10 1.14 3193
 2065 4753 3151 92 104 1.10 6.14 3152
 2065 4737 3151 92 104 1.10 6.14 3152
 2065 4721 3151 92 104 1.10 6.14 3152
 2065 4705 3151 92 104 1.10 6.14 3152
 2065 4689 3151 92 104 1.10 6.14 3152
 2065 4673 3151 92 104 1.10 6.14 3152
 2065 4657 3151 92 104 1.10 6.14 3152
 2065 4641 3151 92 104 1.10 6.14 3152
 2065 4625 3151 92 104 1.10 6.14 3152
 2065 4609 3151 92 116 1.10 6.14 3152
 2065 4433 3151 61 21 1.10 1.14 3152
 2065 4385 3151 67 1 1.10 1.14 3152
 2081 4753 3151 92 104 1.10 6.14 3152
 2081 4737 3151 92 104 1.10 6.14 3152
 2081 4721 3151 92 104 1.10 6.14 3152
 2081 4705 3151 92 104 1.10 6.14 3152
 2081 4689 3151 92 104 1.10 6.14 3152
 2081 4673 3151 92 104 1.10 6.14 3152
 2081 4657 3151 92 104 1.10 6.14 3152
 2081 4641 3151 92 104 1.10 6.14 3152
 2081 4625 3151 92 104 1.10 6.14 3152
 2081 4609 3151 92 101 1.10 6.14 3152
 2081 4433 3151 61 21 1.10 1.14 3152
 2081 4385 3151 59 1 1.10 1.14 3152
 2097 4753 3151 92 104 1.10 6.14 3152
 2097 4737 3151 92 104 1.10 6.14 3152
 2097 4721 3151 92 104 1.10 6.14 3152
 2097 4705 3151 92 104 1.10 6.14 3152
 2097 4689 3151 92 104 1.10 6.14 3152
 2097 4673 3151 92 104 1.10 6.14 3152
 2097 4657 3151 92 104 1.10 6.14 3152
 2097 4641 3151 92 104 1.10 6.14 3152
 2097 4625 3151 92 104 1.10 6.14 3152
 2097 4609 3151 92 101 1.10 6.14 3152
 2097 4433 3151 61 21 1.10 1.14 3152
 2097 4385 3151 59 7 1.10 1.14 3152
 2113 4753 3151 92 104 1.10 6.14 3152
 2113 4737 3151 92 104 1.10 6.14 3152
 2113 4721 3151 92 104 1.10 6.14 3152
 2113 4705 3151 92 104 1.10 6.14 3152
 2113 4689 3151 92 104 1.10 6.14 3152
 2113 4673 3151 92 104 1.10 6.14 3152
 2113 4657 3151 92 111 1.10 6.14 3152
 2113 4641 3151 92 105 1.10 6.14 3152
 2113 4625 3151 92 105 1.10 6.14 3152
 2113 4609 3151 92 114 1.10 6.14 3152
 2113 4433 3151 61 21 1.10 1.14 3152
 2113 4385 3151 60 1 1.10 1.14 3152
 2129 4753 3151 92 104 1.10 6.14 3152
 2129 4737 3151 92 104 1.10 6.14 3152
 2129 4721 3151 92 104 1.10 6.14 3152
 2129 4705 3151 92 104 1.10 6.14 3152
 2129 4689 3151 92 104 1.10 6.14 3152
 2129 4673 3151 92 104 1.10 6.14 3152
 2129 4657 3151 92 101 1.10 6.14 3152
 2129 4433 3151 61 21 1.10 1.14 3152
 2129 4385 3151 59 13 1.10 1.14 3152
 2145 4753 3151 92 104 1.10 6.14 3152
 2145 4737 3151 92 104 1.10 6.14 3152
 2145 4721 3151 92 104 1.10 6.14 3152
 2145 4705 3151 92 104 1.10 6.14 3152
 2145 4689 3151 92 104 1.10 6.14 3152
 2145 4673 3151 92 104 1.10 6.14 3152
 2145 4657 3151 92 101 1.10 6.14 3152
 2145 4433 3151 61 21 1.10 1.14 3152
 2145 4385 3151 59 1 1.10 1.14 3152
 2161 4753 3151 92 104 1.10 6.14 3152
 2161 4737 3151 92 104 1.10 6.14 3152
 2161 4721 3151 92 104 1.10 6.14 3152
 2161 4705 3151 92 104 1.10 6.14 3152
 2161 4689 3151 92 104 1.10 6.14 3152
 2161 4673 3151 92 104 1.10 6.14 3152
 2161 4657 3151 92 101 1.10 6.14 3152
 2161 4433 3151 61 21 1.10 1.14 3152
 2161 4385 3151 67 1 1.10 1.14 3152
 2161 4641 3151 53 1 1.10 -5.86 3152
 2177 4753 3151 92 104 1.10 6.14 3152
 2177 4737 3151 92 104 1.10 6.14 3152
 2177 4721 3151 92 104 1.10 6.14 3152
 2177 4705 3151 92 104 1.10 6.14 3152
 2177 4689 3151 92 104 1.10 6.14 3152
 2177 4673 3151 92 104 1.10 6.14 3152
 2177 4657 3151 92 117 1.10 6.14 3152
 2177 4641 3151 92 115 1.10 6.14 3152
 2177 4433 3151 61 21 1.10 1.14 3152
 2193 4753 3151 92 104 1.10 6.14 3152
 2193 4737 3151 92 104 1.10 6.14 3152
 2193 4721 3151 92 104 1.10 6.14 3152
 2193 4705 3151 92 104 1.10 6.14 3152
 2193 4689 3151 92 104 1.10 6.14 3152
 2193 4673 3151 92 104 1.10 6.14 3152
 2193 4657 3151 92 104 1.10 6.14 3152
 2193 4641 3151 92 116 1.10 6.14 3152
 2193 4417 3151 61 21 1.10 1.14 3152
 2193 4433 3151 61 21 1.10 1.14 3152
 2193 4625 3151 53 2 1.10 -5.86 3152
 2209 4753 3151 92 104 1.10 6.14 3152
 2209 4737 3151 92 104 1.10 6.14 3152
 2209 4721 3151 92 104 1.10 6.14 3152
 2209 4705 3151 92 104 1.10 6.14 3152
 2209 4689 3151 92 104 1.10 6.14 3152
 2209 4673 3151 92 104 1.10 6.14 3152
 2209 4657 3151 92 104 1.10 6.14 3152
 2209 4641 3151 92 117 1.10 6.14 3152
 2209 4625 3151 92 115 1.10 6.14 3152
 2225 4753 3151 92 104 1.10 6.14 3152
 2225 4737 3151 92 104 1.10 6.14 3152
 2225 4721 3151 92 104 1.10 6.14 3152
 2225 4705 3151 92 104 1.10 6.14 3152
 2225 4689 3151 92 104 1.10 6.14 3152
 2225 4673 3151 92 104 1.10 6.14 3152
 2225 4657 3151 92 104 1.10 6.14 3152
 2225 4641 3151 92 104 1.10 6.14 3152
 2225 4625 3151 92 116 1.10 6.14 3152
 2241 4753 3151 92 104 1.10 6.14 3152
 2241 4737 3151 92 104 1.10 6.14 3152
 2241 4721 3151 92 104 1.10 6.14 3152
 2241 4705 3151 92 104 1.10 6.14 3152
 2241 4689 3151 92 104 1.10 6.14 3152
 2241 4673 3151 92 104 1.10 6.14 3152
 2241 4657 3151 92 104 1.10 6.14 3152
 2241 4641 3151 92 104 1.10 6.14 3152
 2241 4625 3151 92 101 1.10 6.14 3152
 2241 4609 3151 53 1 1.10 -5.86 3152
 2257 4753 3151 92 104 1.10 6.14 3152
 2257 4737 3151 92 104 1.10 6.14 3152
 2257 4721 3151 92 104 1.10 6.14 3152
 2257 4705 3151 92 104 1.10 6.14 3152
 2257 4689 3151 92 104 1.10 6.14 3152
 2257 4673 3151 92 104 1.10 6.14 3152
 2257 4657 3151 92 104 1.10 6.14 3152
 2257 4641 3151 92 104 1.10 6.14 3152
 2257 4625 3151 92 101 1.10 6.14 3152
 2273 4753 3151 92 104 1.10 6.14 3152
 2273 4737 3151 92 104 1.10 6.14 3152
 2273 4721 3151 92 104 1.10 6.14 3152
 2273 4705 3151 92 104 1.10 6.14 3152
 2273 4689 3151 92 104 1.10 6.14 3152
 2273 4673 3151 92 104 1.10 6.14 3152
 2273 4657 3151 92 104 1.10 6.14 3152
 2273 4641 3151 92 104 1.10 6.14 3152
 2273 4625 3151 92 101 1.10 6.14 3152
 2289 4753 3151 92 104 1.10 6.14 3152
 2289 4737 3151 92 104 1.10 6.14 3152
 2289 4721 3151 92 104 1.10 6.14 3152
 2289 4705 3151 92 104 1.10 6.14 3152
 2289 4689 3151 92 104 1.10 6.14 3152
 2289 4673 3151 92 104 1.10 6.14 3152
 2289 4657 3151 92 104 1.10 6.14 3152
 2289 4641 3151 92 104 1.10 6.14 3152
 2289 4625 3151 92 114 1.10 6.14 3152
 2305 4753 3151 92 104 1.10 6.14 3152
 2305 4737 3151 92 104 1.10 6.14 3152
 2305 4721 3151 92 104 1.10 6.14 3152
 2305 4705 3151 92 104 1.10 6.14 3152
 2305 4689 3151 92 111 1.10 6.14 3152
 2305 4673 3151 92 105 1.10 6.14 3152
 2305 4657 3151 92 105 1.10 6.14 3152
 2305 4641 3151 92 114 1.10 6.14 3152
 2321 4753 3151 92 104 1.10 6.14 3152
 2321 4737 3151 92 104 1.10 6.14 3152
 2321 4721 3151 92 104 1.10 6.14 3152
 2321 4705 3151 92 104 1.10 6.14 3152
 2321 4689 3151 92 101 1.10 6.14 3152
 2337 4753 3151 92 105 1.10 6.14 3152
 2337 4737 3151 92 105 1.10 6.14 3152
 2337 4721 3151 92 105 1.10 6.14 3152
 2337 4705 3151 92 105 1.10 6.14 3152
 2337 4689 3151 92 102 1.10 6.14 3152
 2337 4673 3151 92 109 1.10 6.14 3152
 2337 4657 3151 92 109 1.10 6.14 3152
 2337 4641 3151 92 109 1.10 6.14 3152
 2337 4625 3151 92 109 1.10 6.14 3152
 2337 4609 3151 92 109 1.10 6.14 3152
 2337 4593 3151 92 109 1.10 6.14 3152
 2337 4577 3151 92 109 1.10 6.14 3152
 2337 4561 3151 92 106 1.10 6.14 3152
 2353 4753 3151 92 104 1.10 6.14 3152
 2353 4737 3151 92 104 1.10 6.14 3152
 2353 4721 3151 92 104 1.10 6.14 3152
 2353 4705 3151 92 104 1.10 6.14 3152
 2353 4689 3151 92 104 1.10 6.14 3152
 2353 4673 3151 92 104 1.10 6.14 3152
 2353 4657 3151 92 104 1.10 6.14 3152
 2353 4641 3151 92 104 1.10 6.14 3152
 2353 4625 3151 92 104 1.10 6.14 3152
 2353 4609 3151 92 104 1.10 6.14 3152
 2353 4593 3151 92 104 1.10 6.14 3152
 2353 4577 3151 92 104 1.10 6.14 3152
 2353 4561 3151 92 107 1.10 6.14 3152
 2369 4753 3151 92 104 1.10 6.14 3152
 2369 4737 3151 92 104 1.10 6.14 3152
 2369 4721 3151 92 104 1.10 6.14 3152
 2369 4705 3151 92 104 1.10 6.14 3152
 2369 4689 3151 92 104 1.10 6.14 3152
 2369 4673 3151 92 104 1.10 6.14 3152
 2369 4657 3151 92 104 1.10 6.14 3152
 2369 4641 3151 92 104 1.10 6.14 3152
 2369 4625 3151 92 104 1.10 6.14 3152
 2369 4609 3151 92 104 1.10 6.14 3152
 2369 4593 3151 92 104 1.10 6.14 3152
 2369 4577 3151 92 104 1.10 6.14 3152
 2369 4561 3151 92 107 1.10 6.14 3152
 2385 4753 3151 92 104 1.10 6.14 3152
 2385 4737 3151 92 104 1.10 6.14 3152
 2385 4721 3151 92 104 1.10 6.14 3152
 2385 4705 3151 92 104 1.10 6.14 3152
 2385 4689 3151 92 104 1.10 6.14 3152
 2385 4673 3151 92 104 1.10 6.14 3152
 2385 4657 3151 92 104 1.10 6.14 3152
 2385 4641 3151 92 104 1.10 6.14 3152
 2385 4625 3151 92 104 1.10 6.14 3152
 2385 4609 3151 92 104 1.10 6.14 3152
 2385 4593 3151 92 104 1.10 6.14 3152
 2385 4577 3151 92 104 1.10 6.14 3152
 2385 4561 3151 92 107 1.10 6.14 3152
 2401 4753 3151 92 110 1.10 6.14 3152
 2401 4737 3151 92 110 1.10 6.14 3152
 2401 4721 3151 92 110 1.10 6.14 3152
 2401 4705 3151 92 110 1.10 6.14 3152
 2401 4689 3151 92 110 1.10 6.14 3152
 2401 4673 3151 92 110 1.10 6.14 3152
 2401 4657 3151 92 110 1.10 6.14 3152
 2401 4641 3151 92 110 1.10 6.14 3152
 2401 4625 3151 92 110 1.10 6.14 3152
 2401 4609 3151 92 110 1.10 6.14 3152
 2401 4593 3151 92 110 1.10 6.14 3152
 2401 4577 3151 92 110 1.10 6.14 3152
 2401 4561 3151 92 108 1.10 6.14 3152
 2465 4753 3151 92 109 1.10 6.14 3152
 2465 4737 3151 92 109 1.10 6.14 3152
 2465 4721 3151 92 109 1.10 6.14 3152
 2465 4705 3151 92 109 1.10 6.14 3152
 2465 4689 3151 92 109 1.10 6.14 3152
 2465 4673 3151 92 106 1.10 6.14 3152
 2481 4753 3151 92 104 1.10 6.14 3152
 2481 4737 3151 92 104 1.10 6.14 3152
 2481 4721 3151 92 104 1.10 6.14 3152
 2481 4705 3151 92 104 1.10 6.14 3152
 2481 4689 3151 92 104 1.10 6.14 3152
 2481 4673 3151 92 107 1.10 6.14 3152
 2497 4753 3151 92 104 1.10 6.14 3152
 2497 4737 3151 92 104 1.10 6.14 3152
 2497 4721 3151 92 104 1.10 6.14 3152
 2497 4705 3151 92 104 1.10 6.14 3152
 2497 4689 3151 92 104 1.10 6.14 3152
 2497 4673 3151 92 107 1.10 6.14 3152
 2513 4753 3151 92 110 1.10 6.14 3152
 2513 4737 3151 92 110 1.10 6.14 3152
 2513 4721 3151 92 110 1.10 6.14 3152
 2513 4705 3151 92 110 1.10 6.14 3152
 2513 4689 3151 92 110 1.10 6.14 3152
 2513 4673 3151 92 108 1.10 6.14 3152
 2609 4657 3151 92 100 1.10 6.14 3152
 2609 4673 3151 92 103 1.10 6.14 3152
 2609 4689 3151 92 103 1.10 6.14 3152
 2609 4705 3151 92 103 1.10 6.14 3152
 2609 4721 3151 92 103 1.10 6.14 3152
 2609 4737 3151 92 103 1.10 6.14 3152
 2609 4753 3151 92 103 1.10 6.14 3152
 2625 4657 3151 92 101 1.10 6.14 3152
 2625 4753 3151 92 104 1.10 6.14 3152
 2625 4737 3151 92 104 1.10 6.14 3152
 2625 4721 3151 92 104 1.10 6.14 3152
 2625 4705 3151 92 104 1.10 6.14 3152
 2625 4689 3151 92 104 1.10 6.14 3152
 2625 4673 3151 92 104 1.10 6.14 3152
 2641 4657 3151 92 101 1.10 6.14 3152
 2641 4753 3151 92 104 1.10 6.14 3152
 2641 4689 3151 92 104 1.10 6.14 3152
 2641 4705 3151 92 104 1.10 6.14 3152
 2641 4721 3151 92 104 1.10 6.14 3152
 2641 4737 3151 92 104 1.10 6.14 3152
 2641 4673 3151 92 104 1.10 6.14 3152
 2657 4657 3151 92 101 1.10 6.14 3152
 2657 4673 3151 92 104 1.10 6.14 3152
 2657 4689 3151 92 104 1.10 6.14 3152
 2657 4705 3151 92 104 1.10 6.14 3152
 2657 4721 3151 92 104 1.10 6.14 3152
 2657 4737 3151 92 104 1.10 6.14 3152
 2657 4753 3151 92 104 1.10 6.14 3152
 2673 4657 3151 4 1 1400001.10 1400001.14 3152
 2673 4673 3151 92 110 1.10 6.14 3152
 2673 4689 3151 92 110 1.10 6.14 3152
 2673 4705 3151 92 110 1.10 6.14 3152
 2673 4721 3151 92 110 1.10 6.14 3152
 2673 4737 3151 92 104 1.10 6.14 3152
 2673 4753 3151 92 104 1.10 6.14 3152
 2673 4657 3151 92 108 1.10 6.14 3152
 2689 4657 3151 4 1 1400001.10 1400001.14 3152
 2689 4673 3151 4 2 1400001.10 1400001.14 3152
 2689 4689 3151 4 2 1400001.10 1400001.14 3152
 2689 4705 3151 4 2 1400001.10 1400001.14 3152
 2689 4721 3151 4 2 1400001.10 1400001.14 3152
 2689 4753 3151 92 104 1.10 6.14 3152
 2689 4737 3151 92 104 1.10 6.14 3152
 2689 4737 3151 96 2 -13.90 -13.86 3152
 2705 4657 3151 4 1 1400001.10 1400001.14 3152
 2705 4705 3151 4 2 1400001.10 1400001.14 3152
 2705 4721 3151 4 2 1400001.10 1400001.14 3152
 2705 4673 3151 4 2 1400001.10 1400001.14 3152
 2705 4689 3151 4 2 1400001.10 1400001.14 3152
 2705 4737 3151 92 104 1.10 6.14 3152
 2705 4753 3151 92 104 1.10 6.14 3152
 2705 4737 3151 96 2 -13.90 -13.86 3152
 2721 4657 3151 4 1 1400001.10 1400001.14 3152
 2721 4721 3151 4 2 1400001.10 1400001.14 3152
 2721 4673 3151 4 2 1400001.10 1400001.14 3152
 2721 4705 3151 4 2 1400001.10 1400001.14 3152
 2721 4689 3151 4 2 1400001.10 1400001.14 3152
 2721 4737 3151 92 104 1.10 6.14 3152
 2721 4753 3151 92 104 1.10 6.14 3152
 2721 4673 3151 4 7 1.10 -5.86 3152
 2721 4737 3151 96 2 -13.90 -13.86 3152
 2737 4657 3151 4 1 1400001.10 1400001.14 3152
 2737 4721 3151 4 2 1400001.10 1400001.14 3152
 2737 4673 3151 4 2 1400001.10 1400001.14 3152
 2737 4705 3151 4 2 1400001.10 1400001.14 3152
 2737 4689 3151 4 2 1400001.10 1400001.14 3152
 2737 4737 3151 92 104 1.10 6.14 3152
 2737 4753 3151 92 104 1.10 6.14 3152
 2737 4737 3151 96 2 -13.90 -13.86 3152
 2753 4657 3151 4 1 1400001.10 1400001.14 3152
 2753 4721 3151 4 2 1400001.10 1400001.14 3152
 2753 4673 3151 4 2 1400001.10 1400001.14 3152
 2753 4689 3151 4 2 1400001.10 1400001.14 3152
 2753 4705 3151 4 2 1400001.10 1400001.14 3152
 2753 4737 3151 92 104 1.10 6.14 3152
 2753 4753 3151 92 104 1.10 6.14 3152
 2753 4705 3151 4 7 1.10 -5.86 3152
 2753 4673 3196 4 13 1.10 -5.86 3197
 2753 4641 3196 4 13 1.10 -5.86 3197
 2753 4737 3151 96 2 -13.90 -13.86 3152
 2769 4657 3151 4 1 1400001.10 1400001.14 3152
 2769 4721 3151 4 2 1400001.10 1400001.14 3152
 2769 4673 3151 4 2 1400001.10 1400001.14 3152
 2769 4689 3151 4 2 1400001.10 1400001.14 3152
 2769 4705 3151 4 2 1400001.10 1400001.14 3152
 2769 4737 3151 92 104 1.10 6.14 3152
 2769 4753 3151 92 104 1.10 6.14 3152
 2769 4737 3151 96 2 -13.90 -13.86 3152
 2785 4657 3151 4 1 1400001.10 1400001.14 3152
 2785 4721 3151 4 2 1400001.10 1400001.14 3152
 2785 4673 3151 4 2 1400001.10 1400001.14 3152
 2785 4705 3151 4 2 1400001.10 1400001.14 3152
 2785 4689 3151 4 2 1400001.10 1400001.14 3152
 2785 4737 3151 92 104 1.10 6.14 3152
 2785 4753 3151 92 104 1.10 6.14 3152
 2785 4737 3151 96 2 -13.90 -13.86 3152
 2801 4657 3151 4 1 1400001.10 1400001.14 3152
 2801 4721 3151 4 2 1400001.10 1400001.14 3152
 2801 4673 3151 4 2 1400001.10 1400001.14 3152
 2801 4705 3151 4 2 1400001.10 1400001.14 3152
 2801 4689 3151 4 2 1400001.10 1400001.14 3152
 2801 4737 3151 92 104 1.10 6.14 3152
 2801 4753 3151 92 104 1.10 6.14 3152
 2801 4737 3151 96 2 -13.90 -13.86 3152
 2817 4657 3151 4 1 1400001.10 1400001.14 3152
 2817 4721 3151 4 2 1400001.10 1400001.14 3152
 2817 4673 3151 4 2 1400001.10 1400001.14 3152
 2817 4705 3151 4 2 1400001.10 1400001.14 3152
 2817 4689 3151 4 2 1400001.10 1400001.14 3152
 2817 4737 3151 92 104 1.10 6.14 3152
 2817 4753 3151 92 104 1.10 6.14 3152
 2817 4673 3196 4 13 1.10 -5.86 3197
 2817 4705 3196 4 13 1.10 -5.86 3197
 2817 4737 3151 96 2 -13.90 -13.86 3152
 2833 4657 3151 4 1 1400001.10 1400001.14 3152
 2833 4721 3151 4 2 1400001.10 1400001.14 3152
 2833 4673 3151 4 2 1400001.10 1400001.14 3152
 2833 4705 3151 4 2 1400001.10 1400001.14 3152
 2833 4689 3151 4 2 1400001.10 1400001.14 3152
 2833 4737 3151 92 104 1.10 6.14 3152
 2833 4753 3151 92 104 1.10 6.14 3152
 2833 4737 3151 96 2 -13.90 -13.86 3152
 2849 4657 3151 4 1 1400001.10 1400001.14 3152
 2849 4721 3151 4 2 1400001.10 1400001.14 3152
 2849 4673 3151 4 2 1400001.10 1400001.14 3152
 2849 4705 3151 4 2 1400001.10 1400001.14 3152
 2849 4689 3151 4 2 1400001.10 1400001.14 3152
 2849 4737 3151 92 104 1.10 6.14 3152
 2849 4753 3151 92 104 1.10 6.14 3152
 2849 4737 3151 96 2 -13.90 -13.86 3152
 2865 4657 3151 4 1 1400001.10 1400001.14 3152
 2865 4721 3151 4 2 1400001.10 1400001.14 3152
 2865 4673 3151 4 2 1400001.10 1400001.14 3152
 2865 4689 3151 4 2 1400001.10 1400001.14 3152
 2865 4705 3151 4 2 1400001.10 1400001.14 3152
 2865 4737 3151 92 104 1.10 6.14 3152
 2865 4753 3151 92 104 1.10 6.14 3152
 2865 4705 3151 4 7 1.10 -5.86 3152
 2865 4737 3151 96 2 -13.90 -13.86 3152
 2881 4721 3151 4 2 1400001.10 1400001.14 3152
 2881 4673 3151 4 2 1400001.10 1400001.14 3152
 2881 4705 3151 4 2 1400001.10 1400001.14 3152
 2881 4689 3151 4 2 1400001.10 1400001.14 3152
 2881 4657 3151 4 1 1400001.10 1400001.14 3152
 2881 4737 3151 92 104 1.10 6.14 3152
 2881 4753 3151 92 104 1.10 6.14 3152
 2881 4737 3151 96 2 -13.90 -13.86 3152
 2897 4657 3151 4 1 1400001.10 1400001.14 3152
 2897 4721 3151 4 2 1400001.10 1400001.14 3152
 2897 4673 3151 4 2 1400001.10 1400001.14 3152
 2897 4705 3151 4 2 1400001.10 1400001.14 3152
 2897 4689 3151 4 2 1400001.10 1400001.14 3152
 2897 4737 3151 92 104 1.10 6.14 3152
 2897 4753 3151 92 104 1.10 6.14 3152
 2897 4689 3151 4 7 1.10 -5.86 3152
 2897 4737 3151 96 2 -13.90 -13.86 3152
 2913 4657 3151 4 1 1400001.10 1400001.14 3152
 2913 4721 3151 4 2 1400001.10 1400001.14 3152
 2913 4673 3151 4 2 1400001.10 1400001.14 3152
 2913 4705 3151 4 2 1400001.10 1400001.14 3152
 2913 4689 3151 4 2 1400001.10 1400001.14 3152
 2913 4737 3151 92 104 1.10 6.14 3152
 2913 4753 3151 92 104 1.10 6.14 3152
 2913 4737 3151 96 2 -13.90 -13.86 3152
 2929 4657 3151 4 1 1400001.10 1400001.14 3152
 2929 4721 3151 4 2 1400001.10 1400001.14 3152
 2929 4705 3151 4 2 1400001.10 1400001.14 3152
 2929 4689 3151 4 2 1400001.10 1400001.14 3152
 2929 4673 3151 4 2 1400001.10 1400001.14 3152
 2929 4737 3151 92 104 1.10 6.14 3152
 2929 4753 3151 92 104 1.10 6.14 3152
 2929 4737 3151 96 2 -13.90 -13.86 3152
 2945 4657 3151 4 1 1400001.10 1400001.14 3152
 2945 4721 3151 4 2 1400001.10 1400001.14 3152
 2945 4705 3151 4 2 1400001.10 1400001.14 3152
 2945 4689 3151 4 2 1400001.10 1400001.14 3152
 2945 4673 3151 4 2 1400001.10 1400001.14 3152
 2945 4737 3151 92 104 1.10 6.14 3152
 2945 4753 3151 92 104 1.10 6.14 3152
 2945 4737 3151 96 2 -13.90 -13.86 3152
 2961 4657 3151 4 1 1400001.10 1400001.14 3152
 2961 4689 3151 92 109 1.10 6.14 3152
 2961 4673 3151 92 109 1.10 6.14 3152
 2961 4705 3151 92 109 1.10 6.14 3152
 2961 4721 3151 92 109 1.10 6.14 3152
 2961 4737 3151 92 104 1.10 6.14 3152
 2961 4657 3151 92 106 1.10 6.14 3152
 2961 4753 3151 92 104 1.10 6.14 3152
 2977 4689 3151 92 104 1.10 6.14 3152
 2977 4673 3151 92 104 1.10 6.14 3152
 2977 4705 3151 92 104 1.10 6.14 3152
 2977 4721 3151 92 104 1.10 6.14 3152
 2977 4737 3151 92 104 1.10 6.14 3152
 2977 4657 3151 92 101 1.10 6.14 3152
 2977 4753 3151 92 104 1.10 6.14 3152
 2993 4737 3151 92 104 1.10 6.14 3152
 2993 4721 3151 92 104 1.10 6.14 3152
 2993 4705 3151 92 104 1.10 6.14 3152
 2993 4689 3151 92 104 1.10 6.14 3152
 2993 4673 3151 92 104 1.10 6.14 3152
 2993 4657 3151 92 101 1.10 6.14 3152
 2993 4753 3151 92 104 1.10 6.14 3152
 3009 4481 3645 68 1 1.10 11.14 3646
 3009 4673 3151 92 104 1.10 6.14 3152
 3009 4689 3151 92 104 1.10 6.14 3152
 3009 4705 3151 92 104 1.10 6.14 3152
 3009 4721 3151 92 104 1.10 6.14 3152
 3009 4737 3151 92 104 1.10 6.14 3152
 3009 4657 3151 92 101 1.10 6.14 3152
 3009 4753 3151 92 104 1.10 6.14 3152
 3009 4641 3151 58 1 1.10 -4.86 3152
 3025 4673 3151 92 104 1.10 6.14 3152
 3025 4737 3151 92 104 1.10 6.14 3152
 3025 4721 3151 92 104 1.10 6.14 3152
 3025 4705 3151 92 104 1.10 6.14 3152
 3025 4689 3151 92 104 1.10 6.14 3152
 3025 4657 3151 92 101 1.10 6.14 3152
 3025 4753 3151 92 104 1.10 6.14 3152
 3041 4657 3151 92 101 1.10 6.14 3152
 3041 4673 3151 92 104 1.10 6.14 3152
 3041 4689 3151 92 104 1.10 6.14 3152
 3041 4705 3151 92 104 1.10 6.14 3152
 3041 4721 3151 92 104 1.10 6.14 3152
 3041 4737 3151 92 104 1.10 6.14 3152
 3041 4753 3151 92 104 1.10 6.14 3152
 3057 4657 3151 92 101 1.10 6.14 3152
 3057 4673 3151 92 104 1.10 6.14 3152
 3057 4737 3151 92 104 1.10 6.14 3152
 3057 4721 3151 92 104 1.10 6.14 3152
 3057 4689 3151 92 104 1.10 6.14 3152
 3057 4705 3151 92 104 1.10 6.14 3152
 3057 4753 3151 92 104 1.10 6.14 3152
 3073 4673 3151 92 104 1.10 6.14 3152
 3073 4737 3151 92 104 1.10 6.14 3152
 3073 4721 3151 92 104 1.10 6.14 3152
 3073 4705 3151 92 104 1.10 6.14 3152
 3073 4689 3151 92 104 1.10 6.14 3152
 3073 4657 3151 92 101 1.10 6.14 3152
 3073 4753 3151 92 104 1.10 6.14 3152
 3089 4673 3151 92 104 1.10 6.14 3152
 3089 4689 3151 92 104 1.10 6.14 3152
 3089 4705 3151 92 104 1.10 6.14 3152
 3089 4721 3151 92 104 1.10 6.14 3152
 3089 4737 3151 92 104 1.10 6.14 3152
 3089 4657 3151 92 101 1.10 6.14 3152
 3089 4753 3151 92 104 1.10 6.14 3152
 3105 4689 3151 81 1 -999998.90 -18.86 3152
