 -10 227 3458 0.42 1 1 2 1 1 2 2 301 0.42 1
SMB1.png
-1
-1
-1
-1
-1
-1
-1
-1
-1
-1
-1
-1
-1
-1
-1
-1
-1
-1
-1
-1
-1
y0
VoiD
 1 4545 3151 87 16 1.10 1.14 3152
 1 4753 3151 87 4 1.10 1.14 3152
 1 4721 3151 87 4 1.10 1.14 3152
 1 4737 3151 87 4 1.10 1.14 3152
 1 4593 3151 87 16 1.10 1.14 3152
 1 4609 3151 87 16 1.10 1.14 3152
 1 4673 3151 87 16 1.10 1.14 3152
 1 4689 3151 87 16 1.10 1.14 3152
 1 4705 3151 87 16 1.10 1.14 3152
 1 4657 3151 87 16 1.10 1.14 3152
 1 4641 3151 87 16 1.10 1.14 3152
 1 4625 3151 87 16 1.10 1.14 3152
 1 4577 3151 87 16 1.10 1.14 3152
 1 4561 3151 87 16 1.10 1.14 3152
 17 4545 3151 87 16 1.10 1.14 3152
 17 4753 3151 87 4 1.10 1.14 3152
 17 4737 3151 87 4 1.10 1.14 3152
 17 4721 3151 87 4 1.10 1.14 3152
 17 4593 3151 87 16 1.10 1.14 3152
 17 4577 3151 87 16 1.10 1.14 3152
 17 4561 3151 87 16 1.10 1.14 3152
 33 4545 3151 87 16 1.10 1.14 3152
 33 4753 3151 87 4 1.10 1.14 3152
 33 4689 3192 71 36 1.10 1.14 3193 0
 33 4737 3151 87 4 1.10 1.14 3152
 33 4721 3151 87 4 1.10 1.14 3152
 33 4593 3151 87 16 1.10 1.14 3152
 33 4577 3151 87 16 1.10 1.14 3152
 33 4561 3151 87 16 1.10 1.14 3152
 49 4545 3151 87 16 1.10 1.14 3152
 49 4753 3151 87 4 1.10 1.14 3152
 49 4721 3151 60 21 1.10 1.14 3152
 49 4737 3151 87 4 1.10 1.14 3152
 49 4593 3151 87 16 1.10 1.14 3152
 49 4577 3151 87 16 1.10 1.14 3152
 49 4561 3151 87 16 1.10 1.14 3152
 65 4545 3151 87 16 1.10 1.14 3152
 65 4753 3151 87 4 1.10 1.14 3152
 65 4737 3151 87 4 1.10 1.14 3152
 65 4721 3151 87 4 1.10 1.14 3152
 65 4593 3151 87 16 1.10 1.14 3152
 65 4577 3151 87 16 1.10 1.14 3152
 65 4561 3151 87 16 1.10 1.14 3152
 81 4545 3151 87 16 1.10 1.14 3152
 81 4753 3151 87 4 1.10 1.14 3152
 81 4737 3151 87 4 1.10 1.14 3152
 81 4721 3151 87 4 1.10 1.14 3152
 81 4593 3151 87 16 1.10 1.14 3152
 81 4577 3151 87 16 1.10 1.14 3152
 81 4561 3151 87 16 1.10 1.14 3152
 97 4545 3151 87 16 1.10 1.14 3152
 97 4753 3151 87 4 1.10 1.14 3152
 97 4737 3151 87 4 1.10 1.14 3152
 97 4721 3151 87 4 1.10 1.14 3152
 97 4593 3151 87 16 1.10 1.14 3152
 97 4577 3151 87 16 1.10 1.14 3152
 97 4561 3151 87 16 1.10 1.14 3152
 113 4545 3151 87 16 1.10 1.14 3152
 113 4753 3151 87 4 1.10 1.14 3152
 113 4737 3151 87 4 1.10 1.14 3152
 113 4721 3151 87 4 1.10 1.14 3152
 113 4593 3151 87 16 1.10 1.14 3152
 113 4577 3151 87 16 1.10 1.14 3152
 113 4561 3151 87 16 1.10 1.14 3152
 129 4545 3151 87 16 1.10 1.14 3152
 129 4753 3151 87 4 1.10 1.14 3152
 129 4737 3151 87 4 1.10 1.14 3152
 129 4721 3151 63 1 1.10 1.14 3152
 129 4593 3151 87 16 1.10 1.14 3152
 129 4577 3151 87 16 1.10 1.14 3152
 129 4561 3151 87 16 1.10 1.14 3152
 145 4545 3151 87 16 1.10 1.14 3152
 145 4753 3151 87 4 1.10 1.14 3152
 145 4737 3151 87 4 1.10 1.14 3152
 145 4721 3151 63 1 1.10 1.14 3152
 145 4593 3151 87 16 1.10 1.14 3152
 145 4577 3151 87 16 1.10 1.14 3152
 145 4561 3151 87 16 1.10 1.14 3152
 161 4545 3151 87 16 1.10 1.14 3152
 161 4753 3151 87 4 1.10 1.14 3152
 161 4737 3151 87 4 1.10 1.14 3152
 161 4721 3151 87 4 1.10 1.14 3152
 161 4593 3151 87 16 1.10 1.14 3152
 161 4561 3151 87 16 1.10 1.14 3152
 161 4577 3151 87 16 1.10 1.14 3152
 177 4545 3151 87 16 1.10 1.14 3152
 177 4753 3151 87 4 1.10 1.14 3152
 177 4737 3151 87 4 1.10 1.14 3152
 177 4721 3151 87 4 1.10 1.14 3152
 177 4673 3151 67 1 1.10 1.14 3152
 177 4593 3151 87 16 1.10 1.14 3152
 177 4561 3151 87 16 1.10 1.14 3152
 177 4577 3151 87 16 1.10 1.14 3152
 193 4545 3151 87 16 1.10 1.14 3152
 193 4753 3151 87 4 1.10 1.14 3152
 193 4737 3151 87 4 1.10 1.14 3152
 193 4721 3151 87 4 1.10 1.14 3152
 193 4673 3151 59 1 1.10 1.14 3152
 193 4593 3151 87 16 1.10 1.14 3152
 193 4561 3151 87 16 1.10 1.14 3152
 193 4577 3151 87 16 1.10 1.14 3152
 193 4673 3151 67 8 0.10 0.14 3152
 209 4545 3151 87 16 1.10 1.14 3152
 209 4753 3151 87 4 1.10 1.14 3152
 209 4737 3151 87 4 1.10 1.14 3152
 209 4721 3151 87 4 1.10 1.14 3152
 209 4673 3151 67 1 1.10 1.14 3152
 209 4593 3151 87 16 1.10 1.14 3152
 209 4561 3151 87 16 1.10 1.14 3152
 209 4577 3151 87 16 1.10 1.14 3152
 225 4545 3151 87 16 1.10 1.14 3152
 225 4753 3151 87 4 1.10 1.14 3152
 225 4737 3151 87 4 1.10 1.14 3152
 225 4721 3151 87 4 1.10 1.14 3152
 225 4593 3151 87 16 1.10 1.14 3152
 225 4561 3151 87 16 1.10 1.14 3152
 225 4577 3151 87 16 1.10 1.14 3152
 241 4545 3151 87 16 1.10 1.14 3152
 241 4753 3151 87 4 1.10 1.14 3152
 241 4737 3151 87 4 1.10 1.14 3152
 241 4721 3151 87 4 1.10 1.14 3152
 241 4593 3151 87 16 1.10 1.14 3152
 241 4561 3151 87 16 1.10 1.14 3152
 241 4577 3151 87 16 1.10 1.14 3152
 257 4545 3151 87 16 1.10 1.14 3152
 257 4753 3151 87 4 1.10 1.14 3152
 257 4737 3151 87 4 1.10 1.14 3152
 257 4593 3151 87 16 1.10 1.14 3152
 257 4561 3151 87 16 1.10 1.14 3152
 257 4577 3151 87 16 1.10 1.14 3152
 257 4721 3151 87 4 1.10 1.14 3152
 273 4545 3151 87 16 1.10 1.14 3152
 273 4753 3151 87 4 1.10 1.14 3152
 273 4737 3151 87 4 1.10 1.14 3152
 273 4593 3151 87 16 1.10 1.14 3152
 273 4561 3151 87 16 1.10 1.14 3152
 273 4577 3151 87 16 1.10 1.14 3152
 273 4721 3151 87 4 1.10 1.14 3152
 289 4545 3151 87 16 1.10 1.14 3152
 289 4753 3151 87 4 1.10 1.14 3152
 289 4737 3151 87 4 1.10 1.14 3152
 289 4721 3151 87 4 1.10 1.14 3152
 289 4593 3151 87 16 1.10 1.14 3152
 289 4561 3151 87 16 1.10 1.14 3152
 289 4577 3151 87 16 1.10 1.14 3152
 305 4545 3151 87 16 1.10 1.14 3152
 305 4753 3151 87 4 1.10 1.14 3152
 305 4737 3151 87 4 1.10 1.14 3152
 305 4721 3151 87 4 1.10 1.14 3152
 305 4593 3151 87 16 1.10 1.14 3152
 305 4561 3151 87 16 1.10 1.14 3152
 305 4577 3151 87 16 1.10 1.14 3152
 321 4545 3151 87 16 1.10 1.14 3152
 321 4753 3151 87 4 1.10 1.14 3152
 321 4737 3151 87 4 1.10 1.14 3152
 321 4721 3151 87 4 1.10 1.14 3152
 321 4593 3151 87 16 1.10 1.14 3152
 321 4561 3151 87 16 1.10 1.14 3152
 321 4577 3151 87 16 1.10 1.14 3152
 337 4545 3151 87 16 1.10 1.14 3152
 337 4753 3151 87 4 1.10 1.14 3152
 337 4737 3151 87 4 1.10 1.14 3152
 337 4721 3151 87 4 1.10 1.14 3152
 337 4593 3151 87 16 1.10 1.14 3152
 337 4561 3151 87 16 1.10 1.14 3152
 337 4577 3151 87 16 1.10 1.14 3152
 353 4545 3151 87 16 1.10 1.14 3152
 353 4593 3151 87 16 1.10 1.14 3152
 353 4561 3151 87 16 1.10 1.14 3152
 353 4577 3151 87 16 1.10 1.14 3152
 353 4721 3151 87 4 1.10 1.14 3152
 353 4737 3151 87 4 1.10 1.14 3152
 353 4753 3151 87 4 1.10 1.14 3152
 369 4545 3151 87 16 1.10 1.14 3152
 369 4721 3151 64 4 6.10 6.14 3152
 369 4705 3151 64 3 6.10 6.14 3152
 369 4593 3151 87 16 1.10 1.14 3152
 369 4561 3151 87 16 1.10 1.14 3152
 369 4577 3151 87 16 1.10 1.14 3152
 369 4737 3151 63 14 1.10 1.14 3152
 369 4753 3151 63 16 1.10 1.14 3152
 385 4545 3151 87 16 1.10 1.14 3152
 385 4721 3151 64 4 6.10 6.14 3152
 385 4705 3151 64 3 6.10 6.14 3152
 385 4593 3151 87 16 1.10 1.14 3152
 385 4561 3151 87 16 1.10 1.14 3152
 385 4577 3151 87 16 1.10 1.14 3152
 385 4737 3151 63 14 1.10 1.14 3152
 385 4753 3151 63 16 1.10 1.14 3152
 401 4545 3151 87 16 1.10 1.14 3152
 401 4721 3151 64 4 6.10 6.14 3152
 401 4705 3151 64 3 6.10 6.14 3152
 401 4593 3151 87 16 1.10 1.14 3152
 401 4561 3151 87 16 1.10 1.14 3152
 401 4577 3151 87 16 1.10 1.14 3152
 401 4737 3151 63 15 1.10 1.14 3152
 401 4753 3151 63 16 1.10 1.14 3152
 401 4657 3693 57 26 1.10 -5.86 3694
 417 4545 3151 87 16 1.10 1.14 3152
 417 4721 3151 64 4 6.10 6.14 3152
 417 4705 3151 64 3 6.10 6.14 3152
 417 4593 3151 87 16 1.10 1.14 3152
 417 4561 3151 87 16 1.10 1.14 3152
 417 4577 3151 87 16 1.10 1.14 3152
 417 4737 3151 63 14 1.10 1.14 3152
 417 4753 3151 63 16 1.10 1.14 3152
 433 4545 3151 87 16 1.10 1.14 3152
 433 4721 3151 64 4 6.10 6.14 3152
 433 4705 3151 64 3 6.10 6.14 3152
 433 4593 3151 87 16 1.10 1.14 3152
 433 4577 3151 87 16 1.10 1.14 3152
 433 4561 3151 87 16 1.10 1.14 3152
 433 4737 3151 63 14 1.10 1.14 3152
 433 4753 3151 63 16 1.10 1.14 3152
 449 4545 3151 87 16 1.10 1.14 3152
 449 4721 3151 64 4 6.10 6.14 3152
 449 4705 3151 64 3 6.10 6.14 3152
 449 4577 3151 87 16 1.10 1.14 3152
 449 4593 3151 87 16 1.10 1.14 3152
 449 4561 3151 87 16 1.10 1.14 3152
 449 4737 3151 63 14 1.10 1.14 3152
 449 4753 3151 63 16 1.10 1.14 3152
 465 4545 3151 87 16 1.10 1.14 3152
 465 4721 3151 64 4 6.10 6.14 3152
 465 4705 3151 64 3 6.10 6.14 3152
 465 4593 3151 87 16 1.10 1.14 3152
 465 4577 3151 87 16 1.10 1.14 3152
 465 4561 3151 87 16 1.10 1.14 3152
 465 4737 3151 63 15 1.10 1.14 3152
 465 4753 3151 63 16 1.10 1.14 3152
 481 4545 3151 87 16 1.10 1.14 3152
 481 4721 3151 64 4 6.10 6.14 3152
 481 4705 3151 64 3 6.10 6.14 3152
 481 4593 3151 87 16 1.10 1.14 3152
 481 4577 3151 87 16 1.10 1.14 3152
 481 4561 3151 87 16 1.10 1.14 3152
 481 4737 3151 63 14 1.10 1.14 3152
 481 4753 3151 63 16 1.10 1.14 3152
 497 4545 3151 87 16 1.10 1.14 3152
 497 4721 3151 64 4 6.10 6.14 3152
 497 4705 3151 64 3 6.10 6.14 3152
 497 4593 3151 87 16 1.10 1.14 3152
 497 4577 3151 87 16 1.10 1.14 3152
 497 4561 3151 87 16 1.10 1.14 3152
 497 4737 3151 63 14 1.10 1.14 3152
 497 4753 3151 63 16 1.10 1.14 3152
 513 4545 3151 87 16 1.10 1.14 3152
 513 4593 3151 87 16 1.10 1.14 3152
 513 4577 3151 87 16 1.10 1.14 3152
 513 4561 3151 87 16 1.10 1.14 3152
 513 4721 3151 87 4 1.10 1.14 3152
 513 4737 3151 87 4 1.10 1.14 3152
 513 4753 3151 87 4 1.10 1.14 3152
 529 4545 3151 87 16 1.10 1.14 3152
 529 4593 3151 87 16 1.10 1.14 3152
 529 4577 3151 87 16 1.10 1.14 3152
 529 4561 3151 87 16 1.10 1.14 3152
 529 4753 3151 87 4 1.10 1.14 3152
 529 4737 3151 87 4 1.10 1.14 3152
 529 4721 3151 87 4 1.10 1.14 3152
 529 4609 3151 87 16 1.10 1.14 3152
 529 4625 3151 87 16 1.10 1.14 3152
 529 4641 3151 87 16 1.10 1.14 3152
 545 4545 3151 87 16 1.10 1.14 3152
 545 4593 3151 87 16 1.10 1.14 3152
 545 4577 3151 87 16 1.10 1.14 3152
 545 4561 3151 87 16 1.10 1.14 3152
 545 4737 3151 87 4 1.10 1.14 3152
 545 4721 3151 87 4 1.10 1.14 3152
 545 4753 3151 87 4 1.10 1.14 3152
 545 4609 3151 87 16 1.10 1.14 3152
 545 4625 3151 87 16 1.10 1.14 3152
 545 4641 3151 87 16 1.10 1.14 3152
 545 4673 3151 87 16 1.10 1.14 3152
 545 4657 3151 87 16 1.10 1.14 3152
 545 4705 3151 60 1 1.10 1.14 3152
 545 4689 3151 63 12 1.10 1.14 3152
 561 4545 3151 87 16 1.10 1.14 3152
 561 4593 3151 87 16 1.10 1.14 3152
 561 4577 3151 87 16 1.10 1.14 3152
 561 4561 3151 87 16 1.10 1.14 3152
 561 4721 3151 87 4 1.10 1.14 3152
 561 4737 3151 87 4 1.10 1.14 3152
 561 4753 3151 87 4 1.10 1.14 3152
 561 4609 3151 87 16 1.10 1.14 3152
 561 4625 3151 87 16 1.10 1.14 3152
 561 4641 3151 87 16 1.10 1.14 3152
 561 4657 3151 87 16 1.10 1.14 3152
 561 4673 3151 87 16 1.10 1.14 3152
 561 4689 3151 63 12 1.10 1.14 3152
 577 4545 3151 87 16 1.10 1.14 3152
 577 4577 3151 87 16 1.10 1.14 3152
 577 4593 3151 87 16 1.10 1.14 3152
 577 4561 3151 87 16 1.10 1.14 3152
 577 4721 3151 87 4 1.10 1.14 3152
 577 4753 3151 87 4 1.10 1.14 3152
 577 4737 3151 87 4 1.10 1.14 3152
 593 4545 3151 87 16 1.10 1.14 3152
 593 4577 3151 87 16 1.10 1.14 3152
 593 4593 3151 87 16 1.10 1.14 3152
 593 4561 3151 87 16 1.10 1.14 3152
 593 4721 3151 87 4 1.10 1.14 3152
 593 4753 3151 87 4 1.10 1.14 3152
 593 4737 3151 87 4 1.10 1.14 3152
 609 4545 3151 87 16 1.10 1.14 3152
 609 4593 3151 87 16 1.10 1.14 3152
 609 4577 3151 87 16 1.10 1.14 3152
 609 4561 3151 87 16 1.10 1.14 3152
 609 4721 3151 87 4 1.10 1.14 3152
 609 4753 3151 87 4 1.10 1.14 3152
 609 4737 3151 87 4 1.10 1.14 3152
 609 4673 3151 59 2 1.10 1.14 3152
 625 4545 3151 87 16 1.10 1.14 3152
 625 4593 3151 87 16 1.10 1.14 3152
 625 4577 3151 87 16 1.10 1.14 3152
 625 4561 3151 87 16 1.10 1.14 3152
 625 4721 3151 87 4 1.10 1.14 3152
 625 4753 3151 87 4 1.10 1.14 3152
 625 4737 3151 87 4 1.10 1.14 3152
 641 4545 3151 87 16 1.10 1.14 3152
 641 4593 3151 87 16 1.10 1.14 3152
 641 4561 3151 87 16 1.10 1.14 3152
 641 4577 3151 87 16 1.10 1.14 3152
 641 4721 3151 87 4 1.10 1.14 3152
 641 4753 3151 87 4 1.10 1.14 3152
 641 4737 3151 87 4 1.10 1.14 3152
 657 4545 3151 87 16 1.10 1.14 3152
 657 4593 3151 87 16 1.10 1.14 3152
 657 4561 3151 87 16 1.10 1.14 3152
 657 4577 3151 87 16 1.10 1.14 3152
 657 4609 3151 87 16 1.10 1.14 3152
 657 4625 3151 87 16 1.10 1.14 3152
 657 4641 3151 87 16 1.10 1.14 3152
 657 4721 3151 87 4 1.10 1.14 3152
 657 4753 3151 87 4 1.10 1.14 3152
 657 4737 3151 87 4 1.10 1.14 3152
 673 4545 3151 87 16 1.10 1.14 3152
 673 4577 3151 87 16 1.10 1.14 3152
 673 4593 3151 87 16 1.10 1.14 3152
 673 4609 3151 87 16 1.10 1.14 3152
 673 4561 3151 87 16 1.10 1.14 3152
 673 4641 3151 87 16 1.10 1.14 3152
 673 4625 3151 87 16 1.10 1.14 3152
 673 4657 3151 87 16 1.10 1.14 3152
 673 4721 3151 87 4 1.10 1.14 3152
 673 4753 3151 87 4 1.10 1.14 3152
 673 4737 3151 87 4 1.10 1.14 3152
 673 4689 3151 63 12 1.10 1.14 3152
 673 4705 3151 63 10 1.10 1.14 3152
 673 4673 3151 87 16 1.10 1.14 3152
 689 4545 3151 87 16 1.10 1.14 3152
 689 4561 3151 87 16 1.10 1.14 3152
 689 4577 3151 87 16 1.10 1.14 3152
 689 4593 3151 87 16 1.10 1.14 3152
 689 4609 3151 87 16 1.10 1.14 3152
 689 4625 3151 87 16 1.10 1.14 3152
 689 4641 3151 87 16 1.10 1.14 3152
 689 4657 3151 87 16 1.10 1.14 3152
 689 4673 3151 87 16 1.10 1.14 3152
 689 4737 3151 87 4 1.10 1.14 3152
 689 4721 3151 87 4 1.10 1.14 3152
 689 4753 3151 87 4 1.10 1.14 3152
 689 4689 3151 63 12 1.10 1.14 3152
 689 4705 3151 63 10 1.10 1.14 3152
 705 4545 3151 87 16 1.10 1.14 3152
 705 4753 3151 63 16 1.10 1.14 3152
 705 4737 3151 63 16 1.10 1.14 3152
 705 4721 3151 63 14 1.10 1.14 3152
 705 4609 3151 87 16 1.10 1.14 3152
 705 4593 3151 87 16 1.10 1.14 3152
 705 4577 3151 87 16 1.10 1.14 3152
 705 4561 3151 87 16 1.10 1.14 3152
 705 4625 3151 87 16 1.10 1.14 3152
 705 4657 3151 87 16 1.10 1.14 3152
 705 4641 3151 87 16 1.10 1.14 3152
 721 4545 3151 87 16 1.10 1.14 3152
 721 4753 3151 63 16 1.10 1.14 3152
 721 4737 3151 63 16 1.10 1.14 3152
 721 4721 3151 63 14 1.10 1.14 3152
 721 4625 3151 87 16 1.10 1.14 3152
 721 4609 3151 87 16 1.10 1.14 3152
 721 4561 3151 87 16 1.10 1.14 3152
 721 4593 3151 87 16 1.10 1.14 3152
 721 4577 3151 87 16 1.10 1.14 3152
 721 4641 3151 87 16 1.10 1.14 3152
 737 4545 3151 87 16 1.10 1.14 3152
 737 4753 3151 63 16 1.10 1.14 3152
 737 4737 3151 63 16 1.10 1.14 3152
 737 4721 3151 63 14 1.10 1.14 3152
 737 4625 3151 87 16 1.10 1.14 3152
 737 4577 3151 87 16 1.10 1.14 3152
 737 4593 3151 87 16 1.10 1.14 3152
 737 4609 3151 87 16 1.10 1.14 3152
 737 4561 3151 87 16 1.10 1.14 3152
 753 4545 3151 87 16 1.10 1.14 3152
 753 4753 3151 63 16 1.10 1.14 3152
 753 4737 3151 63 16 1.10 1.14 3152
 753 4721 3151 63 14 1.10 1.14 3152
 753 4561 3151 87 16 1.10 1.14 3152
 753 4577 3151 87 16 1.10 1.14 3152
 753 4593 3151 87 16 1.10 1.14 3152
 753 4609 3151 87 16 1.10 1.14 3152
 769 4753 3151 63 16 1.10 1.14 3152
 769 4737 3151 63 16 1.10 1.14 3152
 769 4705 3192 63 17 1.10 1.14 3193
 769 4545 3693 87 17 1.10 1.14 3694
 785 4753 3151 63 16 1.10 1.14 3152
 785 4737 3151 63 16 1.10 1.14 3152
 785 4721 3151 63 16 1.10 1.14 3152
 785 4705 3151 63 14 1.10 1.14 3152
 801 4753 3151 63 16 1.10 1.14 3152
 801 4737 3151 63 16 1.10 1.14 3152
 801 4721 3151 63 16 1.10 1.14 3152
 801 4705 3151 63 14 1.10 1.14 3152
 817 4753 3151 63 16 1.10 1.14 3152
 817 4737 3151 63 16 1.10 1.14 3152
 817 4721 3151 63 16 1.10 1.14 3152
 817 4705 3151 63 14 1.10 1.14 3152
 833 4753 3151 63 16 1.10 1.14 3152
 833 4737 3151 63 16 1.10 1.14 3152
 833 4721 3151 63 16 1.10 1.14 3152
 833 4705 3151 63 14 1.10 1.14 3152
 833 4545 3693 87 17 1.10 1.14 3694
 849 4753 3151 63 16 1.10 1.14 3152
 849 4737 3151 63 16 1.10 1.14 3152
 849 4721 3151 63 16 1.10 1.14 3152
 849 4705 3151 63 14 1.10 1.14 3152
 865 4753 3151 63 16 1.10 1.14 3152
 865 4737 3151 63 16 1.10 1.14 3152
 865 4721 3151 63 16 1.10 1.14 3152
 865 4705 3151 63 14 1.10 1.14 3152
 865 4609 3151 87 16 1.10 1.14 3152
 881 4609 3151 87 16 1.10 1.14 3152
 881 4705 3693 87 5 1.10 1.14 3694
 897 4545 3151 87 16 1.10 1.14 3152
 897 4625 3151 87 16 1.10 1.14 3152
 897 4561 3151 87 16 1.10 1.14 3152
 897 4577 3151 87 16 1.10 1.14 3152
 897 4593 3151 87 16 1.10 1.14 3152
 897 4609 3151 87 16 1.10 1.14 3152
 913 4545 3151 87 16 1.10 1.14 3152
 913 4625 3151 87 16 1.10 1.14 3152
 913 4609 3151 87 16 1.10 1.14 3152
 913 4561 3151 87 16 1.10 1.14 3152
 913 4577 3151 87 16 1.10 1.14 3152
 913 4593 3151 87 16 1.10 1.14 3152
 913 4657 3151 59 1 1.10 1.14 3152
 913 4657 3151 67 2 0.10 0.14 3152
 929 4545 3151 87 16 1.10 1.14 3152
 929 4625 3151 87 16 1.10 1.14 3152
 929 4609 3151 87 16 1.10 1.14 3152
 929 4561 3151 87 16 1.10 1.14 3152
 929 4577 3151 87 16 1.10 1.14 3152
 929 4593 3151 87 16 1.10 1.14 3152
 945 4545 3151 87 16 1.10 1.14 3152
 945 4625 3151 87 16 1.10 1.14 3152
 945 4609 3151 87 16 1.10 1.14 3152
 945 4561 3151 87 16 1.10 1.14 3152
 945 4577 3151 87 16 1.10 1.14 3152
 945 4593 3151 87 16 1.10 1.14 3152
 945 4705 3693 87 5 1.10 1.14 3694
 961 4545 3151 87 16 1.10 1.14 3152
 961 4625 3151 87 16 1.10 1.14 3152
 961 4609 3151 87 16 1.10 1.14 3152
 961 4593 3151 87 16 1.10 1.14 3152
 961 4577 3151 87 16 1.10 1.14 3152
 961 4561 3151 87 16 1.10 1.14 3152
 977 4545 3151 87 16 1.10 1.14 3152
 977 4625 3151 87 16 1.10 1.14 3152
 977 4609 3151 87 16 1.10 1.14 3152
 977 4593 3151 87 16 1.10 1.14 3152
 977 4577 3151 87 16 1.10 1.14 3152
 977 4561 3151 87 16 1.10 1.14 3152
 993 4545 3151 87 16 1.10 1.14 3152
 993 4657 3151 59 17 1.10 1.14 3152
 993 4625 3151 59 20 1.10 1.14 3152
 993 4609 3151 59 20 1.10 1.14 3152
 993 4593 3151 59 20 1.10 1.14 3152
 993 4577 3151 59 20 1.10 1.14 3152
 993 4561 3151 87 16 1.10 1.14 3152
 1009 4545 3151 87 16 1.10 1.14 3152
 1009 4641 3151 87 4 1.10 1.14 3152
 1009 4657 3151 87 4 1.10 1.14 3152
 1009 4609 3151 87 4 1.10 1.14 3152
 1009 4625 3151 87 4 1.10 1.14 3152
 1009 4673 3195 87 6 1.10 1.14 3196
 1025 4545 3151 87 16 1.10 1.14 3152
 1025 4625 3151 63 24 1.10 1.14 3152
 1025 4609 3151 63 23 1.10 1.14 3152
 1025 4641 3151 87 4 1.10 1.14 3152
 1025 4657 3151 87 4 1.10 1.14 3152
 1041 4545 3151 87 16 1.10 1.14 3152
 1041 4625 3151 63 24 1.10 1.14 3152
 1041 4609 3151 63 23 1.10 1.14 3152
 1041 4641 3151 87 4 1.10 1.14 3152
 1041 4657 3151 87 4 1.10 1.14 3152
 1057 4545 3151 87 16 1.10 1.14 3152
 1057 4641 3151 87 4 1.10 1.14 3152
 1057 4657 3151 87 4 1.10 1.14 3152
 1057 4625 3151 87 4 1.10 1.14 3152
 1057 4609 3151 87 4 1.10 1.14 3152
 1057 4593 3151 54 9 1.10 -5.86 3152
 1073 4545 3151 87 16 1.10 1.14 3152
 1073 4625 3151 63 24 1.10 1.14 3152
 1073 4609 3151 63 23 1.10 1.14 3152
 1073 4657 3151 87 4 1.10 1.14 3152
 1073 4641 3151 87 4 1.10 1.14 3152
 1089 4545 3151 87 16 1.10 1.14 3152
 1089 4625 3151 63 24 1.10 1.14 3152
 1089 4609 3151 63 23 1.10 1.14 3152
 1089 4657 3151 87 4 1.10 1.14 3152
 1089 4641 3151 87 4 1.10 1.14 3152
 1105 4545 3151 87 16 1.10 1.14 3152
 1105 4753 3151 87 4 1.10 1.14 3152
 1105 4737 3151 87 4 1.10 1.14 3152
 1105 4721 3151 87 4 1.10 1.14 3152
 1105 4673 3151 87 4 1.10 1.14 3152
 1105 4689 3151 87 4 1.10 1.14 3152
 1105 4705 3151 87 4 1.10 1.14 3152
 1105 4657 3151 87 4 1.10 1.14 3152
 1105 4641 3151 87 4 1.10 1.14 3152
 1105 4609 3151 87 4 1.10 1.14 3152
 1105 4625 3151 87 4 1.10 1.14 3152
 1121 4545 3151 87 16 1.10 1.14 3152
 1121 4753 3151 87 4 1.10 1.14 3152
 1121 4737 3151 87 4 1.10 1.14 3152
 1121 4721 3151 87 4 1.10 1.14 3152
 1121 4673 3151 87 4 1.10 1.14 3152
 1121 4689 3151 87 4 1.10 1.14 3152
 1121 4705 3151 87 4 1.10 1.14 3152
 1121 4561 3151 87 16 1.10 1.14 3152
 1121 4657 3151 87 4 1.10 1.14 3152
 1121 4641 3151 87 4 1.10 1.14 3152
 1121 4625 3151 87 4 1.10 1.14 3152
 1121 4609 3151 87 4 1.10 1.14 3152
 1137 4545 3151 87 16 1.10 1.14 3152
 1137 4561 3151 87 16 1.10 1.14 3152
 1137 4577 3151 87 16 1.10 1.14 3152
 1137 4657 3151 87 4 1.10 1.14 3152
 1137 4641 3151 87 4 1.10 1.14 3152
 1137 4625 3151 87 4 1.10 1.14 3152
 1137 4609 3151 87 4 1.10 1.14 3152
 1137 4673 3195 87 6 1.10 1.14 3196
 1153 4545 3151 87 16 1.10 1.14 3152
 1153 4561 3151 87 16 1.10 1.14 3152
 1153 4577 3151 87 16 1.10 1.14 3152
 1153 4657 3151 87 4 1.10 1.14 3152
 1153 4609 3151 87 4 1.10 1.14 3152
 1153 4641 3151 87 4 1.10 1.14 3152
 1153 4625 3151 87 4 1.10 1.14 3152
 1169 4545 3151 87 16 1.10 1.14 3152
 1169 4561 3151 87 16 1.10 1.14 3152
 1169 4577 3151 87 16 1.10 1.14 3152
 1169 4657 3151 87 4 1.10 1.14 3152
 1169 4609 3151 87 4 1.10 1.14 3152
 1169 4625 3151 87 4 1.10 1.14 3152
 1169 4641 3151 87 4 1.10 1.14 3152
 1185 4545 3151 87 16 1.10 1.14 3152
 1185 4561 3151 87 16 1.10 1.14 3152
 1185 4577 3151 87 16 1.10 1.14 3152
 1185 4657 3151 87 4 1.10 1.14 3152
 1201 4545 3151 87 16 1.10 1.14 3152
 1201 4561 3151 87 16 1.10 1.14 3152
 1201 4577 3151 87 16 1.10 1.14 3152
 1201 4593 3151 87 16 1.10 1.14 3152
 1201 4609 3151 87 16 1.10 1.14 3152
 1201 4625 3151 87 16 1.10 1.14 3152
 1201 4657 3151 87 4 1.10 1.14 3152
 1217 4545 3195 87 18 1.10 1.14 3196
 1233 4641 3192 51 1 1.10 1.14 3193 0.1
 1233 4673 3195 87 6 1.10 1.14 3196
 1249 4641 3192 52 1 1.10 1.14 3193
 1313 4545 3151 65 1 1400001.10 10.14 3152
 1313 4529 3151 87 16 1.10 1.14 3152
 1313 4561 3151 65 1 1400001.10 10.14 3152
 1313 4577 3151 65 1 1400001.10 10.14 3152
 1313 4593 3151 65 1 1400001.10 10.14 3152
 1313 4609 3151 65 1 1400001.10 10.14 3152
 1313 4625 3151 65 1 1400001.10 10.14 3152
 1313 4641 3151 65 1 1400001.10 10.14 3152
 1313 4657 3151 65 1 1400001.10 10.14 3152
 1329 4529 3151 87 16 1.10 1.14 3152
 1329 4753 3151 87 4 1.10 1.14 3152
 1329 4737 3151 87 4 1.10 1.14 3152
 1329 4721 3151 87 4 1.10 1.14 3152
 1329 4705 3151 87 4 1.10 1.14 3152
 1329 4673 3151 87 4 1.10 1.14 3152
 1329 4689 3151 87 4 1.10 1.14 3152
 1329 4657 3151 87 4 1.10 1.14 3152
 1329 4625 3151 87 4 1.10 1.14 3152
 1329 4609 3151 87 4 1.10 1.14 3152
 1329 4577 3151 87 4 1.10 1.14 3152
 1329 4593 3151 87 4 1.10 1.14 3152
 1329 4641 3151 87 4 1.10 1.14 3152
 1345 4529 3151 87 16 1.10 1.14 3152
 1345 4753 3151 87 4 1.10 1.14 3152
 1345 4737 3151 87 4 1.10 1.14 3152
 1345 4721 3151 87 4 1.10 1.14 3152
 1345 4705 3151 87 4 1.10 1.14 3152
 1345 4689 3151 87 4 1.10 1.14 3152
 1345 4673 3151 87 4 1.10 1.14 3152
 1345 4593 3151 87 4 1.10 1.14 3152
 1345 4577 3151 87 4 1.10 1.14 3152
 1345 4657 3151 87 4 1.10 1.14 3152
 1345 4641 3151 87 4 1.10 1.14 3152
 1345 4625 3151 87 4 1.10 1.14 3152
 1345 4609 3151 87 4 1.10 1.14 3152
 1361 4529 3151 87 16 1.10 1.14 3152
 1361 4753 3151 87 4 1.10 1.14 3152
 1361 4737 3151 87 4 1.10 1.14 3152
 1361 4721 3151 87 4 1.10 1.14 3152
 1361 4705 3151 87 4 1.10 1.14 3152
 1361 4689 3151 87 4 1.10 1.14 3152
 1361 4673 3151 87 4 1.10 1.14 3152
 1361 4577 3151 87 4 1.10 1.14 3152
 1361 4657 3151 87 4 1.10 1.14 3152
 1361 4593 3151 87 4 1.10 1.14 3152
 1361 4609 3151 87 4 1.10 1.14 3152
 1361 4625 3151 87 4 1.10 1.14 3152
 1361 4641 3151 87 4 1.10 1.14 3152
 1361 4561 3151 67 6 1.10 1.14 3152
 1377 4529 3151 87 16 1.10 1.14 3152
 1377 4753 3151 87 4 1.10 1.14 3152
 1377 4737 3151 87 4 1.10 1.14 3152
 1377 4721 3151 87 4 1.10 1.14 3152
 1377 4705 3151 87 4 1.10 1.14 3152
 1377 4689 3151 87 4 1.10 1.14 3152
 1377 4673 3151 87 4 1.10 1.14 3152
 1377 4577 3151 87 4 1.10 1.14 3152
 1377 4657 3151 87 4 1.10 1.14 3152
 1377 4593 3151 87 4 1.10 1.14 3152
 1377 4609 3151 87 4 1.10 1.14 3152
 1377 4641 3151 87 4 1.10 1.14 3152
 1377 4625 3151 87 4 1.10 1.14 3152
 1393 4529 3151 87 16 1.10 1.14 3152
 1393 4753 3151 87 4 1.10 1.14 3152
 1393 4737 3151 87 4 1.10 1.14 3152
 1393 4721 3151 87 4 1.10 1.14 3152
 1393 4705 3151 87 4 1.10 1.14 3152
 1393 4673 3151 87 4 1.10 1.14 3152
 1393 4689 3151 87 4 1.10 1.14 3152
 1393 4577 3151 87 4 1.10 1.14 3152
 1393 4657 3151 87 4 1.10 1.14 3152
 1393 4593 3151 87 4 1.10 1.14 3152
 1393 4625 3151 87 4 1.10 1.14 3152
 1393 4641 3151 87 4 1.10 1.14 3152
 1393 4609 3151 87 4 1.10 1.14 3152
 1409 4529 3151 87 16 1.10 1.14 3152
 1409 4753 3151 87 4 1.10 1.14 3152
 1409 4737 3151 87 4 1.10 1.14 3152
 1409 4721 3151 87 4 1.10 1.14 3152
 1409 4705 3151 87 4 1.10 1.14 3152
 1409 4673 3151 87 4 1.10 1.14 3152
 1409 4689 3151 87 4 1.10 1.14 3152
 1409 4577 3151 87 4 1.10 1.14 3152
 1409 4641 3151 87 4 1.10 1.14 3152
 1409 4657 3151 87 4 1.10 1.14 3152
 1409 4593 3151 87 4 1.10 1.14 3152
 1409 4625 3151 87 4 1.10 1.14 3152
 1409 4609 3151 87 4 1.10 1.14 3152
 1425 4529 3151 87 16 1.10 1.14 3152
 1425 4753 3151 87 4 1.10 1.14 3152
 1425 4737 3151 87 4 1.10 1.14 3152
 1425 4721 3151 87 4 1.10 1.14 3152
 1425 4705 3151 87 4 1.10 1.14 3152
 1425 4689 3151 87 4 1.10 1.14 3152
 1425 4673 3151 87 4 1.10 1.14 3152
 1425 4577 3151 87 4 1.10 1.14 3152
 1425 4641 3151 87 4 1.10 1.14 3152
 1425 4657 3151 87 4 1.10 1.14 3152
 1425 4593 3151 87 4 1.10 1.14 3152
 1425 4609 3151 87 4 1.10 1.14 3152
 1425 4625 3151 87 4 1.10 1.14 3152
 1441 4529 3151 87 16 1.10 1.14 3152
 1441 4753 3151 87 4 1.10 1.14 3152
 1441 4737 3151 87 4 1.10 1.14 3152
 1441 4721 3151 87 4 1.10 1.14 3152
 1441 4705 3151 87 4 1.10 1.14 3152
 1441 4689 3151 87 4 1.10 1.14 3152
 1441 4673 3151 87 4 1.10 1.14 3152
 1441 4577 3151 87 4 1.10 1.14 3152
 1441 4593 3151 87 4 1.10 1.14 3152
 1441 4609 3151 87 4 1.10 1.14 3152
 1441 4625 3151 87 4 1.10 1.14 3152
 1441 4641 3151 87 4 1.10 1.14 3152
 1441 4657 3151 87 4 1.10 1.14 3152
 1457 4513 3151 87 16 1.10 1.14 3152
 1457 4593 3151 95 1 1300001.10 1300001.14 3152 145 17
 1457 4705 3151 95 1 1300001.10 1300001.14 3152 145 17
 1457 4753 3151 63 14 1.10 1.14 3152
 1457 4593 3151 96 27 -13.90 -13.86 3152
 1457 4705 3151 96 27 -13.90 -13.86 3152
 1473 4513 3151 87 16 1.10 1.14 3152
 1473 4593 3151 95 1 1300001.10 1300001.14 3152 145 17
 1473 4705 3151 95 1 1300001.10 1300001.14 3152 145 17
 1473 4753 3151 63 14 1.10 1.14 3152
 1473 4593 3151 96 27 -13.90 -13.86 3152
 1473 4705 3151 96 27 -13.90 -13.86 3152
 1489 4513 3151 87 16 1.10 1.14 3152
 1489 4593 3151 95 1 1300001.10 1300001.14 3152 145 17
 1489 4721 3151 95 1 1300001.10 1300001.14 3152 145 17
 1489 4753 3151 63 14 1.10 1.14 3152
 1489 4593 3151 96 27 -13.90 -13.86 3152
 1489 4721 3151 96 27 -13.90 -13.86 3152
 1505 4513 3151 87 16 1.10 1.14 3152
 1505 4753 3151 63 14 1.10 1.14 3152
 1521 4513 3151 87 16 1.10 1.14 3152
 1521 4657 3151 95 1 1300001.10 1300001.14 3152 145 17
 1521 4753 3151 63 14 1.10 1.14 3152
 1521 4657 3151 96 27 -13.90 -13.86 3152
 1537 4513 3151 87 16 1.10 1.14 3152
 1537 4641 3151 95 1 1300001.10 1300001.14 3152 145 17
 1537 4753 3151 63 14 1.10 1.14 3152
 1537 4641 3151 96 27 -13.90 -13.86 3152
 1553 4513 3151 87 16 1.10 1.14 3152
 1553 4641 3151 95 1 1300001.10 1300001.14 3152 145 17
 1553 4753 3151 63 14 1.10 1.14 3152
 1553 4641 3151 96 27 -13.90 -13.86 3152
 1569 4513 3151 87 16 1.10 1.14 3152
 1569 4529 3151 87 16 1.10 1.14 3152
 1569 4545 3151 87 16 1.10 1.14 3152
 1569 4481 3151 87 16 1.10 1.14 3152
 1569 4497 3151 87 16 1.10 1.14 3152
 1569 4753 3151 87 4 1.10 1.14 3152
 1569 4689 3151 87 16 1.10 1.14 3152
 1569 4673 3151 87 16 1.10 1.14 3152
 1569 4657 3151 87 16 1.10 1.14 3152
 1569 4641 3151 87 16 1.10 1.14 3152
 1569 4625 3151 87 16 1.10 1.14 3152
 1569 4609 3151 87 16 1.10 1.14 3152
 1569 4593 3151 87 16 1.10 1.14 3152
 1569 4577 3151 87 16 1.10 1.14 3152
 1569 4561 3151 87 16 1.10 1.14 3152
 1585 4545 3151 87 16 1.10 1.14 3152
 1585 4753 3151 87 4 1.10 1.14 3152
 1585 4561 3151 87 16 1.10 1.14 3152
 1585 4577 3195 87 18 1.10 1.14 3196
 1601 4545 3151 87 16 1.10 1.14 3152
 1601 4753 3151 87 4 1.10 1.14 3152
 1601 4561 3151 87 16 1.10 1.14 3152
 1617 4545 3151 87 16 1.10 1.14 3152
 1617 4753 3151 87 4 1.10 1.14 3152
 1617 4561 3151 87 16 1.10 1.14 3152
 1617 4705 3151 87 4 1.10 1.14 3152
 1617 4737 3151 87 4 1.10 1.14 3152
 1617 4721 3151 87 4 1.10 1.14 3152
 1633 4545 3151 87 16 1.10 1.14 3152
 1633 4753 3151 87 4 1.10 1.14 3152
 1633 4561 3151 87 16 1.10 1.14 3152
 1633 4705 3151 87 4 1.10 1.14 3152
 1633 4737 3151 87 4 1.10 1.14 3152
 1633 4721 3151 87 4 1.10 1.14 3152
 1633 4673 3192 51 1 1.10 1.14 3193 1
 1649 4545 3151 87 16 1.10 1.14 3152
 1649 4561 3151 87 16 1.10 1.14 3152
 1649 4689 3151 67 6 1.10 1.14 3152
 1649 4705 3693 87 5 1.10 1.14 3694
 1665 4545 3151 87 16 1.10 1.14 3152
 1665 4561 3151 87 16 1.10 1.14 3152
 1681 4545 3151 87 16 1.10 1.14 3152
 1681 4657 3151 87 16 1.10 1.14 3152
 1681 4641 3151 87 16 1.10 1.14 3152
 1681 4625 3151 87 16 1.10 1.14 3152
 1681 4609 3151 87 16 1.10 1.14 3152
 1681 4593 3151 87 16 1.10 1.14 3152
 1681 4577 3151 87 16 1.10 1.14 3152
 1681 4561 3151 87 16 1.10 1.14 3152
 1697 4641 3151 87 16 1.10 1.14 3152
 1697 4625 3151 87 16 1.10 1.14 3152
 1697 4609 3151 87 16 1.10 1.14 3152
 1697 4545 3693 87 17 1.10 1.14 3694
 1713 4705 3151 63 14 1.10 1.14 3152
 1713 4753 3151 63 16 1.10 1.14 3152
 1713 4737 3151 63 16 1.10 1.14 3152
 1713 4721 3151 63 16 1.10 1.14 3152
 1713 4609 3151 87 16 1.10 1.14 3152
 1729 4689 3192 63 17 1.10 1.14 3193
 1729 4753 3151 63 16 1.10 1.14 3152
 1729 4721 3151 63 16 1.10 1.14 3152
 1729 4737 3151 63 16 1.10 1.14 3152
 1745 4673 3192 63 17 1.10 1.14 3193
 1745 4753 3151 63 16 1.10 1.14 3152
 1745 4737 3151 63 16 1.10 1.14 3152
 1745 4721 3151 63 16 1.10 1.14 3152
 1745 4705 3151 63 16 1.10 1.14 3152
 1761 4545 3151 87 16 1.10 1.14 3152
 1761 4657 3192 63 17 1.10 1.14 3193
 1761 4753 3151 63 16 1.10 1.14 3152
 1761 4721 3151 63 16 1.10 1.14 3152
 1761 4737 3151 63 16 1.10 1.14 3152
 1761 4705 3151 63 16 1.10 1.14 3152
 1761 4689 3151 63 16 1.10 1.14 3152
 1761 4561 3151 87 16 1.10 1.14 3152
 1761 4577 3151 87 16 1.10 1.14 3152
 1777 4545 3151 87 16 1.10 1.14 3152
 1777 4641 3192 63 17 1.10 1.14 3193
 1777 4753 3151 63 16 1.10 1.14 3152
 1777 4721 3151 63 16 1.10 1.14 3152
 1777 4737 3151 63 16 1.10 1.14 3152
 1777 4705 3151 63 16 1.10 1.14 3152
 1777 4689 3151 63 16 1.10 1.14 3152
 1777 4673 3151 63 16 1.10 1.14 3152
 1777 4561 3151 87 16 1.10 1.14 3152
 1777 4577 3151 87 16 1.10 1.14 3152
 1793 4545 3151 87 16 1.10 1.14 3152
 1793 4641 3151 63 14 1.10 1.14 3152
 1793 4753 3151 63 16 1.10 1.14 3152
 1793 4721 3151 63 16 1.10 1.14 3152
 1793 4737 3151 63 16 1.10 1.14 3152
 1793 4705 3151 63 16 1.10 1.14 3152
 1793 4657 3151 63 16 1.10 1.14 3152
 1793 4673 3151 63 16 1.10 1.14 3152
 1793 4689 3151 63 16 1.10 1.14 3152
 1793 4561 3151 87 16 1.10 1.14 3152
 1793 4577 3151 87 16 1.10 1.14 3152
 1809 4545 3151 87 16 1.10 1.14 3152
 1809 4753 3151 63 16 1.10 1.14 3152
 1809 4641 3151 63 14 1.10 1.14 3152
 1809 4721 3151 63 16 1.10 1.14 3152
 1809 4737 3151 63 16 1.10 1.14 3152
 1809 4705 3151 63 16 1.10 1.14 3152
 1809 4689 3151 63 16 1.10 1.14 3152
 1809 4673 3151 63 16 1.10 1.14 3152
 1809 4657 3151 63 16 1.10 1.14 3152
 1809 4561 3151 87 16 1.10 1.14 3152
 1825 4545 3151 87 16 1.10 1.14 3152
 1825 4753 3151 63 16 1.10 1.14 3152
 1825 4737 3151 63 16 1.10 1.14 3152
 1825 4641 3151 63 14 1.10 1.14 3152
 1825 4721 3151 63 16 1.10 1.14 3152
 1825 4673 3151 63 16 1.10 1.14 3152
 1825 4657 3151 63 16 1.10 1.14 3152
 1825 4705 3151 63 16 1.10 1.14 3152
 1825 4689 3151 63 16 1.10 1.14 3152
 1825 4561 3151 87 16 1.10 1.14 3152
 1841 4545 3151 87 16 1.10 1.14 3152
 1841 4753 3151 63 16 1.10 1.14 3152
 1841 4737 3151 63 16 1.10 1.14 3152
 1841 4641 3151 63 14 1.10 1.14 3152
 1841 4721 3151 63 16 1.10 1.14 3152
 1841 4673 3151 63 16 1.10 1.14 3152
 1841 4657 3151 63 16 1.10 1.14 3152
 1841 4705 3151 63 16 1.10 1.14 3152
 1841 4689 3151 63 16 1.10 1.14 3152
 1841 4561 3151 87 16 1.10 1.14 3152
 1857 4545 3151 87 16 1.10 1.14 3152
 1857 4753 3151 63 16 1.10 1.14 3152
 1857 4737 3151 63 16 1.10 1.14 3152
 1857 4641 3151 63 14 1.10 1.14 3152
 1857 4721 3151 63 16 1.10 1.14 3152
 1857 4657 3151 63 16 1.10 1.14 3152
 1857 4705 3151 63 16 1.10 1.14 3152
 1857 4673 3151 63 16 1.10 1.14 3152
 1857 4689 3151 63 16 1.10 1.14 3152
 1857 4561 3151 87 16 1.10 1.14 3152
 1873 4545 3151 87 16 1.10 1.14 3152
 1873 4753 3151 63 16 1.10 1.14 3152
 1873 4737 3151 63 16 1.10 1.14 3152
 1873 4641 3151 63 14 1.10 1.14 3152
 1873 4721 3151 63 16 1.10 1.14 3152
 1873 4657 3151 63 16 1.10 1.14 3152
 1873 4705 3151 63 16 1.10 1.14 3152
 1873 4673 3151 63 16 1.10 1.14 3152
 1873 4689 3151 63 16 1.10 1.14 3152
 1873 4561 3151 87 16 1.10 1.14 3152
 1889 4545 3151 87 16 1.10 1.14 3152
 1889 4753 3151 63 16 1.10 1.14 3152
 1889 4737 3151 63 16 1.10 1.14 3152
 1889 4641 3151 63 14 1.10 1.14 3152
 1889 4721 3151 63 16 1.10 1.14 3152
 1889 4657 3151 63 16 1.10 1.14 3152
 1889 4705 3151 63 16 1.10 1.14 3152
 1889 4673 3151 63 16 1.10 1.14 3152
 1889 4689 3151 63 16 1.10 1.14 3152
 1889 4561 3151 87 16 1.10 1.14 3152
 1905 4545 3151 87 16 1.10 1.14 3152
 1905 4753 3151 63 16 1.10 1.14 3152
 1905 4737 3151 63 16 1.10 1.14 3152
 1905 4641 3151 63 14 1.10 1.14 3152
 1905 4721 3151 63 16 1.10 1.14 3152
 1905 4657 3151 63 16 1.10 1.14 3152
 1905 4705 3151 63 16 1.10 1.14 3152
 1905 4673 3151 63 16 1.10 1.14 3152
 1905 4689 3151 63 16 1.10 1.14 3152
 1905 4561 3151 87 16 1.10 1.14 3152
 1921 4545 3151 87 16 1.10 1.14 3152
 1921 4753 3151 63 16 1.10 1.14 3152
 1921 4737 3151 63 16 1.10 1.14 3152
 1921 4641 3151 63 14 1.10 1.14 3152
 1921 4721 3151 63 16 1.10 1.14 3152
 1921 4657 3151 63 16 1.10 1.14 3152
 1921 4705 3151 63 16 1.10 1.14 3152
 1921 4673 3151 63 16 1.10 1.14 3152
 1921 4689 3151 63 16 1.10 1.14 3152
 1921 4561 3151 87 16 1.10 1.14 3152
 1937 4545 3151 87 16 1.10 1.14 3152
 1937 4753 3151 63 16 1.10 1.14 3152
 1937 4737 3151 63 16 1.10 1.14 3152
 1937 4641 3151 63 14 1.10 1.14 3152
 1937 4721 3151 63 16 1.10 1.14 3152
 1937 4657 3151 63 16 1.10 1.14 3152
 1937 4705 3151 63 16 1.10 1.14 3152
 1937 4673 3151 63 16 1.10 1.14 3152
 1937 4689 3151 63 16 1.10 1.14 3152
 1937 4561 3151 87 16 1.10 1.14 3152
 1953 4545 3151 87 16 1.10 1.14 3152
 1953 4753 3151 63 16 1.10 1.14 3152
 1953 4737 3151 63 16 1.10 1.14 3152
 1953 4641 3151 63 14 1.10 1.14 3152
 1953 4721 3151 63 16 1.10 1.14 3152
 1953 4657 3151 63 16 1.10 1.14 3152
 1953 4705 3151 63 16 1.10 1.14 3152
 1953 4673 3151 63 16 1.10 1.14 3152
 1953 4689 3151 63 16 1.10 1.14 3152
 1953 4561 3151 87 16 1.10 1.14 3152
 1969 4545 3151 87 16 1.10 1.14 3152
 1969 4753 3151 63 16 1.10 1.14 3152
 1969 4737 3151 63 16 1.10 1.14 3152
 1969 4641 3192 63 18 1.10 1.14 3193
 1969 4721 3151 63 16 1.10 1.14 3152
 1969 4705 3151 63 16 1.10 1.14 3152
 1969 4673 3151 63 16 1.10 1.14 3152
 1969 4689 3151 63 16 1.10 1.14 3152
 1969 4561 3151 87 16 1.10 1.14 3152
 1985 4545 3151 87 16 1.10 1.14 3152
 1985 4753 3151 63 16 1.10 1.14 3152
 1985 4737 3151 63 16 1.10 1.14 3152
 1985 4657 3151 63 14 1.10 1.14 3152
 1985 4721 3151 63 16 1.10 1.14 3152
 1985 4705 3151 63 16 1.10 1.14 3152
 1985 4673 3151 63 16 1.10 1.14 3152
 1985 4689 3151 63 16 1.10 1.14 3152
 1985 4561 3151 87 16 1.10 1.14 3152
 2001 4545 3151 87 16 1.10 1.14 3152
 2001 4753 3151 63 16 1.10 1.14 3152
 2001 4737 3151 63 16 1.10 1.14 3152
 2001 4657 3151 63 14 1.10 1.14 3152
 2001 4721 3151 63 16 1.10 1.14 3152
 2001 4705 3151 63 16 1.10 1.14 3152
 2001 4673 3151 63 16 1.10 1.14 3152
 2001 4689 3151 63 16 1.10 1.14 3152
 2001 4577 3151 87 16 1.10 1.14 3152
 2001 4561 3151 87 16 1.10 1.14 3152
 2017 4545 3151 87 16 1.10 1.14 3152
 2017 4753 3151 63 16 1.10 1.14 3152
 2017 4737 3151 63 16 1.10 1.14 3152
 2017 4657 3151 63 14 1.10 1.14 3152
 2017 4721 3151 63 16 1.10 1.14 3152
 2017 4705 3151 63 16 1.10 1.14 3152
 2017 4673 3151 63 16 1.10 1.14 3152
 2017 4689 3151 63 16 1.10 1.14 3152
 2017 4577 3151 87 16 1.10 1.14 3152
 2017 4561 3151 87 16 1.10 1.14 3152
 2033 4545 3151 87 16 1.10 1.14 3152
 2033 4753 3151 63 16 1.10 1.14 3152
 2033 4737 3151 63 16 1.10 1.14 3152
 2033 4657 3151 63 14 1.10 1.14 3152
 2033 4721 3151 63 16 1.10 1.14 3152
 2033 4705 3151 63 16 1.10 1.14 3152
 2033 4673 3151 63 16 1.10 1.14 3152
 2033 4689 3151 63 16 1.10 1.14 3152
 2033 4577 3151 87 16 1.10 1.14 3152
 2033 4561 3151 87 16 1.10 1.14 3152
 2049 4545 3151 87 16 1.10 1.14 3152
 2049 4753 3151 63 16 1.10 1.14 3152
 2049 4737 3151 63 16 1.10 1.14 3152
 2049 4657 3151 63 14 1.10 1.14 3152
 2049 4721 3151 63 16 1.10 1.14 3152
 2049 4705 3151 63 16 1.10 1.14 3152
 2049 4673 3151 63 16 1.10 1.14 3152
 2049 4689 3151 63 16 1.10 1.14 3152
 2049 4577 3151 87 16 1.10 1.14 3152
 2049 4561 3151 87 16 1.10 1.14 3152
 2065 4753 3151 63 16 1.10 1.14 3152
 2065 4737 3151 63 16 1.10 1.14 3152
 2065 4657 3151 63 14 1.10 1.14 3152
 2065 4721 3151 63 16 1.10 1.14 3152
 2065 4705 3151 63 16 1.10 1.14 3152
 2065 4689 3151 63 16 1.10 1.14 3152
 2065 4673 3151 63 16 1.10 1.14 3152
 2065 4545 3693 87 17 1.10 1.14 3694
 2081 4753 3151 63 16 1.10 1.14 3152
 2081 4737 3151 63 16 1.10 1.14 3152
 2081 4657 3192 63 18 1.10 1.14 3193
 2081 4721 3151 63 16 1.10 1.14 3152
 2081 4705 3151 63 16 1.10 1.14 3152
 2081 4689 3151 63 16 1.10 1.14 3152
 2097 4753 3151 63 16 1.10 1.14 3152
 2097 4737 3151 63 16 1.10 1.14 3152
 2097 4673 3192 63 18 1.10 1.14 3193
 2097 4721 3151 63 16 1.10 1.14 3152
 2097 4705 3151 63 16 1.10 1.14 3152
 2113 4753 3151 63 16 1.10 1.14 3152
 2113 4737 3151 63 16 1.10 1.14 3152
 2113 4689 3192 63 18 1.10 1.14 3193
 2113 4721 3151 63 16 1.10 1.14 3152
 2129 4545 3151 87 16 1.10 1.14 3152
 2129 4561 3151 87 16 1.10 1.14 3152
 2129 4577 3151 87 16 1.10 1.14 3152
 2129 4593 3151 87 16 1.10 1.14 3152
 2129 4705 3693 87 5 1.10 1.14 3694
 2145 4545 3151 87 16 1.10 1.14 3152
 2145 4673 3192 52 1 1.10 1.14 3193
 2145 4609 3151 87 16 1.10 1.14 3152
 2145 4593 3151 87 16 1.10 1.14 3152
 2145 4577 3151 87 16 1.10 1.14 3152
 2145 4561 3151 87 16 1.10 1.14 3152
 2161 4545 3151 87 16 1.10 1.14 3152
 2161 4673 3192 51 1 1.10 1.14 3193 0.2
 2161 4641 3151 87 16 1.10 1.14 3152
 2161 4625 3151 87 16 1.10 1.14 3152
 2161 4609 3151 87 16 1.10 1.14 3152
 2161 4593 3151 87 16 1.10 1.14 3152
 2161 4561 3151 87 16 1.10 1.14 3152
 2161 4577 3151 87 16 1.10 1.14 3152
 2177 4545 3151 87 16 1.10 1.14 3152
 2177 4641 3151 87 16 1.10 1.14 3152
 2177 4625 3151 87 16 1.10 1.14 3152
 2177 4561 3151 87 16 1.10 1.14 3152
 2177 4577 3151 87 16 1.10 1.14 3152
 2177 4593 3151 87 16 1.10 1.14 3152
 2177 4609 3151 87 16 1.10 1.14 3152
 2177 4657 3192 67 26 1.10 1.14 3193
 2193 4705 3693 87 5 1.10 1.14 3694
 2193 4545 3195 87 18 1.10 1.14 3196
 2241 4657 3151 59 1 1.10 1.14 3152
 2241 4657 3151 67 3 0.10 0.14 3152
 2257 4673 3196 91 1 1.10 1.14 3197
 2257 4705 3693 87 5 1.10 1.14 3694
 2289 4545 3195 87 18 1.10 1.14 3196
 2289 4657 3151 59 1 1.10 1.14 3152
 2289 4657 3151 67 16 0.10 0.14 3152
 2321 4705 3693 87 5 1.10 1.14 3694
 2337 4673 3196 91 1 1.10 1.14 3197
 2369 4641 15671 89 13 1.10 1.14 15672
 2385 4721 3151 63 16 1.10 1.14 3152
 2385 4737 3151 63 16 1.10 1.14 3152
 2385 4753 3151 63 16 1.10 1.14 3152
 2385 4609 3151 87 16 1.10 1.14 3152
 2385 4561 3151 87 16 1.10 1.14 3152
 2385 4577 3151 87 16 1.10 1.14 3152
 2385 4593 3151 87 16 1.10 1.14 3152
 2385 4705 3151 63 15 1.10 1.14 3152
 2385 4545 3151 87 16 1.10 1.14 3152
 2401 4593 3151 87 16 1.10 1.14 3152
 2401 4561 3151 87 16 1.10 1.14 3152
 2401 4577 3151 87 16 1.10 1.14 3152
 2401 4705 3693 87 5 1.10 1.14 3694
 2401 4545 3151 87 16 1.10 1.14 3152
 2417 4577 3151 87 16 1.10 1.14 3152
 2417 4561 3151 87 16 1.10 1.14 3152
 2417 4545 3151 87 16 1.10 1.14 3152
 2433 4577 3151 87 16 1.10 1.14 3152
 2433 4561 3151 87 16 1.10 1.14 3152
 2433 4545 3151 87 16 1.10 1.14 3152
 2449 4561 3151 87 16 1.10 1.14 3152
 2449 4545 3151 87 16 1.10 1.14 3152
 2465 4705 3151 87 4 1.10 1.14 3152
 2465 4721 3151 87 4 1.10 1.14 3152
 2465 4737 3151 87 4 1.10 1.14 3152
 2465 4753 3151 87 4 1.10 1.14 3152
 2465 4561 3151 87 16 1.10 1.14 3152
 2465 4593 3196 89 3 1.10 1.14 3197 3441
 2465 4545 3151 87 16 1.10 1.14 3152
 2481 4705 3151 87 4 1.10 1.14 3152
 2481 4753 3151 87 4 1.10 1.14 3152
 2481 4737 3151 87 4 1.10 1.14 3152
 2481 4721 3151 87 4 1.10 1.14 3152
 2481 4561 3151 87 16 1.10 1.14 3152
 2481 4577 3151 89 17 1.10 1.14 3152
 2481 4545 3151 87 16 1.10 1.14 3152
 2497 4705 3693 87 5 1.10 1.14 3694
 2497 4561 3151 87 16 1.10 1.14 3152
 2497 4545 3151 87 16 1.10 1.14 3152
 2513 4561 3151 87 16 1.10 1.14 3152
 2513 4577 3151 87 16 1.10 1.14 3152
 2513 4545 3151 87 16 1.10 1.14 3152
 2529 4577 3151 87 16 1.10 1.14 3152
 2529 4561 3151 87 16 1.10 1.14 3152
 2529 4545 3151 87 16 1.10 1.14 3152
 2545 4593 3151 87 16 1.10 1.14 3152
 2545 4561 3151 87 16 1.10 1.14 3152
 2545 4577 3151 87 16 1.10 1.14 3152
 2545 4545 3151 87 16 1.10 1.14 3152
 2561 4721 3151 63 16 1.10 1.14 3152
 2561 4737 3151 63 16 1.10 1.14 3152
 2561 4753 3151 63 16 1.10 1.14 3152
 2561 4609 3151 87 16 1.10 1.14 3152
 2561 4593 3151 87 16 1.10 1.14 3152
 2561 4577 3151 87 16 1.10 1.14 3152
 2561 4561 3151 87 16 1.10 1.14 3152
 2561 4705 3151 63 15 1.10 1.14 3152
 2561 4545 3151 87 16 1.10 1.14 3152
 2577 4753 3151 87 4 1.10 1.14 3152
 2577 4737 3151 87 4 1.10 1.14 3152
 2577 4721 3151 87 4 1.10 1.14 3152
 2577 4705 3151 87 4 1.10 1.14 3152
 2577 4689 3151 87 4 1.10 1.14 3152
 2577 4657 3151 87 4 1.10 1.14 3152
 2577 4641 3151 87 4 1.10 1.14 3152
 2577 4625 3151 87 16 1.10 1.14 3152
 2577 4609 3151 87 16 1.10 1.14 3152
 2577 4593 3151 87 16 1.10 1.14 3152
 2577 4577 3151 87 16 1.10 1.14 3152
 2577 4561 3151 87 16 1.10 1.14 3152
 2577 4673 3151 87 4 1.10 1.14 3152
 2577 4545 3151 87 16 1.10 1.14 3152
 2593 4657 3151 81 1 -999998.90 -18.86 3152
