 -10 1243 3463 0.42 1 1 2 1 1 2 2 301 0.42 1

-1
-1
-1
-1
-1
-1
-1
-1
-1
-1
-1
-1
-1
-1
-1
-1
-1
-1
-1
-1
-1
y0
VoiD
 1 4545 3151 94 21 1.10 1.14 3152
 1 4705 3151 94 21 1.10 1.14 3152
 1 4673 3151 94 21 1.10 1.14 3152
 1 4689 3151 94 21 1.10 1.14 3152
 1 4657 3151 94 21 1.10 1.14 3152
 1 4641 3151 94 21 1.10 1.14 3152
 1 4737 3151 94 21 1.10 1.14 3152
 1 4721 3151 94 21 1.10 1.14 3152
 1 4753 3151 94 21 1.10 1.14 3152
 1 4625 3151 94 21 1.10 1.14 3152
 1 4561 3693 94 22 1.10 1.14 3694
 17 4545 3151 94 21 1.10 1.14 3152
 17 4737 3151 94 21 1.10 1.14 3152
 17 4753 3151 94 21 1.10 1.14 3152
 17 4625 3151 94 21 1.10 1.14 3152
 17 4721 3151 94 2 1.10 1.14 3152
 33 4545 3151 94 21 1.10 1.14 3152
 33 4721 3151 94 2 1.10 1.14 3152
 33 4753 3151 94 21 1.10 1.14 3152
 33 4737 3151 94 21 1.10 1.14 3152
 33 4625 3151 94 21 1.10 1.14 3152
 49 4545 3151 94 21 1.10 1.14 3152
 49 4721 3151 94 2 1.10 1.14 3152
 49 4753 3151 94 21 1.10 1.14 3152
 49 4737 3151 94 21 1.10 1.14 3152
 49 4625 3151 94 21 1.10 1.14 3152
 65 4545 3151 94 21 1.10 1.14 3152
 65 4721 3151 94 2 1.10 1.14 3152
 65 4753 3151 94 21 1.10 1.14 3152
 65 4737 3151 94 21 1.10 1.14 3152
 65 4625 3151 94 21 1.10 1.14 3152
 65 4561 3693 94 22 1.10 1.14 3694
 81 4545 3151 94 21 1.10 1.14 3152
 81 4721 3151 94 2 1.10 1.14 3152
 81 4753 3151 94 21 1.10 1.14 3152
 81 4737 3151 94 21 1.10 1.14 3152
 81 4625 3151 94 21 1.10 1.14 3152
 97 4545 3151 94 21 1.10 1.14 3152
 97 4673 3192 51 1 1.10 1.14 3193 0
 97 4721 3151 94 2 1.10 1.14 3152
 97 4753 3151 94 21 1.10 1.14 3152
 97 4737 3151 94 21 1.10 1.14 3152
 97 4625 3151 94 21 1.10 1.14 3152
 113 4545 3151 94 21 1.10 1.14 3152
 113 4721 3151 94 2 1.10 1.14 3152
 113 4753 3151 94 21 1.10 1.14 3152
 113 4737 3151 94 21 1.10 1.14 3152
 113 4625 3151 94 21 1.10 1.14 3152
 129 4641 3151 79 50 0.10 4.14 3152
 129 4657 3151 79 48 0.10 4.14 3152
 129 4545 3151 94 21 1.10 1.14 3152
 129 4721 3151 94 2 1.10 1.14 3152
 129 4753 3151 94 21 1.10 1.14 3152
 129 4737 3151 94 21 1.10 1.14 3152
 129 4625 3151 94 21 1.10 1.14 3152
 129 4609 3151 94 21 1.10 1.14 3152
 129 4593 3151 94 21 1.10 1.14 3152
 129 4577 3151 94 21 1.10 1.14 3152
 129 4561 3151 94 21 1.10 1.14 3152
 145 4545 3151 94 21 1.10 1.14 3152
 145 4721 3151 94 2 1.10 1.14 3152
 145 4753 3151 94 21 1.10 1.14 3152
 145 4737 3151 94 21 1.10 1.14 3152
 145 4561 3151 94 21 1.10 1.14 3152
 145 4609 3151 94 21 1.10 1.14 3152
 145 4577 3151 94 21 1.10 1.14 3152
 145 4593 3151 94 21 1.10 1.14 3152
 145 4625 3151 94 21 1.10 1.14 3152
 161 4545 3151 94 21 1.10 1.14 3152
 161 4705 3151 94 24 1.10 1.14 3152
 161 4721 3151 94 2 1.10 1.14 3152
 161 4753 3151 94 21 1.10 1.14 3152
 161 4737 3151 94 21 1.10 1.14 3152
 161 4561 3151 94 21 1.10 1.14 3152
 161 4593 3151 94 21 1.10 1.14 3152
 161 4577 3151 94 21 1.10 1.14 3152
 161 4609 3151 94 21 1.10 1.14 3152
 177 4545 3151 94 21 1.10 1.14 3152
 177 4689 3151 94 24 1.10 1.14 3152
 177 4721 3151 94 2 1.10 1.14 3152
 177 4753 3151 94 21 1.10 1.14 3152
 177 4737 3151 94 21 1.10 1.14 3152
 177 4561 3151 94 21 1.10 1.14 3152
 177 4577 3151 94 21 1.10 1.14 3152
 177 4593 3151 94 21 1.10 1.14 3152
 193 4545 3151 94 21 1.10 1.14 3152
 193 4673 3151 94 24 1.10 1.14 3152
 193 4721 3151 94 2 1.10 1.14 3152
 193 4753 3151 94 21 1.10 1.14 3152
 193 4737 3151 94 21 1.10 1.14 3152
 193 4561 3151 94 21 1.10 1.14 3152
 193 4577 3151 94 21 1.10 1.14 3152
 193 4593 3151 94 21 1.10 1.14 3152
 209 4545 3151 94 21 1.10 1.14 3152
 209 4657 3151 94 24 1.10 1.14 3152
 209 4721 3151 94 2 1.10 1.14 3152
 209 4753 3151 94 21 1.10 1.14 3152
 209 4737 3151 94 21 1.10 1.14 3152
 209 4561 3151 94 21 1.10 1.14 3152
 209 4577 3151 94 21 1.10 1.14 3152
 209 4593 3151 94 21 1.10 1.14 3152
 209 4657 3151 96 3 -13.90 -13.86 3152
 225 4705 3151 94 16 1300001.10 1300001.14 3152
 225 4689 3151 94 13 1300001.10 1300001.14 3152
 225 4673 3151 94 13 1300001.10 1300001.14 3152
 225 4657 3151 94 7 1300001.10 1300001.14 3152
 225 4545 3151 94 21 1.10 1.14 3152
 225 4721 3151 94 2 1.10 1.14 3152
 225 4753 3151 94 21 1.10 1.14 3152
 225 4737 3151 94 21 1.10 1.14 3152
 225 4561 3151 94 21 1.10 1.14 3152
 225 4577 3151 94 21 1.10 1.14 3152
 225 4593 3151 94 21 1.10 1.14 3152
 241 4657 3151 94 8 1300001.10 1300001.14 3152
 241 4705 3151 94 17 1300001.10 1300001.14 3152
 241 4689 3151 94 14 1300001.10 1300001.14 3152
 241 4673 3151 94 14 1300001.10 1300001.14 3152
 241 4545 3151 94 21 1.10 1.14 3152
 241 4721 3151 94 2 1.10 1.14 3152
 241 4737 3151 94 21 1.10 1.14 3152
 241 4753 3151 94 21 1.10 1.14 3152
 241 4561 3151 94 21 1.10 1.14 3152
 241 4577 3151 94 21 1.10 1.14 3152
 241 4593 3151 94 21 1.10 1.14 3152
 257 4657 3151 94 8 1300001.10 1300001.14 3152
 257 4705 3151 94 17 1300001.10 1300001.14 3152
 257 4689 3151 94 14 1300001.10 1300001.14 3152
 257 4673 3151 94 14 1300001.10 1300001.14 3152
 257 4545 3151 94 21 1.10 1.14 3152
 257 4721 3151 94 2 1.10 1.14 3152
 257 4737 3151 94 21 1.10 1.14 3152
 257 4753 3151 94 21 1.10 1.14 3152
 257 4561 3151 94 21 1.10 1.14 3152
 257 4577 3151 94 21 1.10 1.14 3152
 257 4593 3151 94 21 1.10 1.14 3152
 273 4657 3151 94 8 1300001.10 1300001.14 3152
 273 4705 3151 94 17 1300001.10 1300001.14 3152
 273 4689 3151 94 14 1300001.10 1300001.14 3152
 273 4673 3151 94 14 1300001.10 1300001.14 3152
 273 4545 3151 94 21 1.10 1.14 3152
 273 4721 3151 94 2 1.10 1.14 3152
 273 4753 3151 94 21 1.10 1.14 3152
 273 4737 3151 94 21 1.10 1.14 3152
 273 4561 3151 94 21 1.10 1.14 3152
 273 4577 3151 94 21 1.10 1.14 3152
 273 4593 3151 94 21 1.10 1.14 3152
 289 4657 3151 94 8 1300001.10 1300001.14 3152
 289 4705 3151 94 17 1300001.10 1300001.14 3152
 289 4673 3151 94 14 1300001.10 1300001.14 3152
 289 4689 3151 94 14 1300001.10 1300001.14 3152
 289 4545 3151 94 21 1.10 1.14 3152
 289 4721 3151 94 2 1.10 1.14 3152
 289 4737 3151 94 21 1.10 1.14 3152
 289 4753 3151 94 21 1.10 1.14 3152
 289 4561 3151 94 21 1.10 1.14 3152
 289 4577 3151 94 21 1.10 1.14 3152
 305 4657 3151 94 9 1300001.10 1300001.14 3152
 305 4673 3151 94 15 1300001.10 1300001.14 3152
 305 4689 3151 94 15 1300001.10 1300001.14 3152
 305 4705 3151 94 18 1300001.10 1300001.14 3152
 305 4545 3151 94 21 1.10 1.14 3152
 305 4737 3151 94 21 1.10 1.14 3152
 305 4753 3151 94 21 1.10 1.14 3152
 305 4561 3151 94 21 1.10 1.14 3152
 305 4577 3151 94 21 1.10 1.14 3152
 305 4721 3151 94 2 1.10 1.14 3152
 321 4545 3151 94 21 1.10 1.14 3152
 321 4641 3151 94 1 1.10 1.14 3152
 321 4673 3151 94 21 1.10 1.14 3152
 321 4657 3151 94 21 1.10 1.14 3152
 321 4689 3151 94 21 1.10 1.14 3152
 321 4561 3151 94 21 1.10 1.14 3152
 321 4577 3151 94 21 1.10 1.14 3152
 321 4705 3693 94 22 1.10 1.14 3694
 337 4545 3151 94 21 1.10 1.14 3152
 337 4641 3151 94 2 1.10 1.14 3152
 337 4689 3151 94 21 1.10 1.14 3152
 337 4657 3151 94 21 1.10 1.14 3152
 337 4673 3151 94 21 1.10 1.14 3152
 337 4561 3151 94 21 1.10 1.14 3152
 337 4577 3151 94 21 1.10 1.14 3152
 353 4545 3151 94 21 1.10 1.14 3152
 353 4641 3151 94 2 1.10 1.14 3152
 353 4689 3151 94 21 1.10 1.14 3152
 353 4657 3151 94 21 1.10 1.14 3152
 353 4673 3151 94 21 1.10 1.14 3152
 353 4561 3151 94 21 1.10 1.14 3152
 353 4577 3151 94 21 1.10 1.14 3152
 369 4545 3151 94 21 1.10 1.14 3152
 369 4689 3151 94 21 1.10 1.14 3152
 369 4657 3151 94 21 1.10 1.14 3152
 369 4673 3151 94 21 1.10 1.14 3152
 369 4561 3151 94 21 1.10 1.14 3152
 369 4577 3151 94 21 1.10 1.14 3152
 369 4641 3151 94 2 1.10 1.14 3152
 385 4753 3151 94 21 1.10 1.14 3152
 385 4737 3151 94 21 1.10 1.14 3152
 385 4721 3151 94 21 1.10 1.14 3152
 385 4545 3151 94 21 1.10 1.14 3152
 385 4561 3151 94 21 1.10 1.14 3152
 385 4577 3151 94 21 1.10 1.14 3152
 385 4625 3151 94 5 1.10 1.14 3152
 385 4609 3151 94 5 1.10 1.14 3152
 385 4593 3151 94 5 1.10 1.14 3152
 385 4641 3151 94 2 1.10 1.14 3152
 385 4625 3151 96 1 -13.90 -13.86 3152
 385 4609 3151 96 1 -13.90 -13.86 3152
 385 4593 3151 96 1 -13.90 -13.86 3152
 385 4657 3693 94 22 1.10 1.14 3694
 401 4753 3151 94 21 1.10 1.14 3152
 401 4737 3151 94 21 1.10 1.14 3152
 401 4721 3151 94 21 1.10 1.14 3152
 401 4545 3151 94 21 1.10 1.14 3152
 401 4561 3151 94 21 1.10 1.14 3152
 401 4577 3151 94 21 1.10 1.14 3152
 401 4641 3151 94 2 1.10 1.14 3152
 401 4609 3192 51 1 1.10 1.14 3193 1
 417 4753 3151 94 21 1.10 1.14 3152
 417 4737 3151 94 21 1.10 1.14 3152
 417 4721 3151 94 21 1.10 1.14 3152
 417 4545 3151 94 21 1.10 1.14 3152
 417 4641 3151 94 2 1.10 1.14 3152
 417 4577 3151 94 21 1.10 1.14 3152
 417 4561 3151 94 21 1.10 1.14 3152
 417 4625 3151 96 28 -13.90 -13.86 3152 Coming#Soon
 433 4753 3151 94 21 1.10 1.14 3152
 433 4737 3151 94 21 1.10 1.14 3152
 433 4721 3151 94 21 1.10 1.14 3152
 433 4545 3151 94 21 1.10 1.14 3152
 433 4641 3151 94 2 1.10 1.14 3152
 433 4577 3151 94 21 1.10 1.14 3152
 433 4561 3151 94 21 1.10 1.14 3152
 449 4545 3151 94 21 1.10 1.14 3152
 449 4689 3151 94 21 1.10 1.14 3152
 449 4673 3151 94 21 1.10 1.14 3152
 449 4657 3151 94 21 1.10 1.14 3152
 449 4641 3151 94 3 1.10 1.14 3152
 449 4577 3151 94 21 1.10 1.14 3152
 449 4561 3151 94 21 1.10 1.14 3152
 449 4705 3693 94 22 1.10 1.14 3694
 465 4545 3151 94 21 1.10 1.14 3152
 465 4641 3151 94 25 1.10 1.14 3152
 465 4577 3151 94 21 1.10 1.14 3152
 465 4561 3151 94 21 1.10 1.14 3152
 465 4689 3151 94 2 1.10 1.14 3152
 481 4545 3151 94 21 1.10 1.14 3152
 481 4657 3151 94 25 1.10 1.14 3152
 481 4689 3151 94 2 1.10 1.14 3152
 481 4577 3151 94 21 1.10 1.14 3152
 481 4561 3151 94 21 1.10 1.14 3152
 497 4545 3151 94 21 1.10 1.14 3152
 497 4673 3151 94 25 1.10 1.14 3152
 497 4689 3151 94 2 1.10 1.14 3152
 497 4577 3151 94 21 1.10 1.14 3152
 497 4561 3151 94 21 1.10 1.14 3152
 513 4753 3151 94 21 1.10 1.14 3152
 513 4737 3151 94 21 1.10 1.14 3152
 513 4721 3151 94 21 1.10 1.14 3152
 513 4545 3151 94 21 1.10 1.14 3152
 513 4689 3151 94 2 1.10 1.14 3152
 513 4705 3151 94 21 1.10 1.14 3152
 513 4577 3151 94 21 1.10 1.14 3152
 513 4561 3151 94 21 1.10 1.14 3152
 513 4593 3151 94 21 1.10 1.14 3152
 529 4753 3151 94 21 1.10 1.14 3152
 529 4737 3151 94 21 1.10 1.14 3152
 529 4721 3151 94 21 1.10 1.14 3152
 529 4545 3151 94 21 1.10 1.14 3152
 529 4689 3151 94 2 1.10 1.14 3152
 529 4705 3151 94 21 1.10 1.14 3152
 529 4577 3151 94 21 1.10 1.14 3152
 529 4561 3151 94 21 1.10 1.14 3152
 529 4593 3151 94 21 1.10 1.14 3152
 529 4609 3151 94 21 1.10 1.14 3152
 545 4753 3151 94 21 1.10 1.14 3152
 545 4737 3151 94 21 1.10 1.14 3152
 545 4721 3151 94 21 1.10 1.14 3152
 545 4545 3151 94 21 1.10 1.14 3152
 545 4689 3151 94 2 1.10 1.14 3152
 545 4705 3151 94 21 1.10 1.14 3152
 545 4577 3151 94 21 1.10 1.14 3152
 545 4561 3151 94 21 1.10 1.14 3152
 545 4593 3151 94 21 1.10 1.14 3152
 545 4609 3151 94 21 1.10 1.14 3152
 545 4625 3151 94 21 1.10 1.14 3152
 561 4753 3151 94 21 1.10 1.14 3152
 561 4737 3151 94 21 1.10 1.14 3152
 561 4721 3151 94 21 1.10 1.14 3152
 561 4545 3151 94 21 1.10 1.14 3152
 561 4705 3151 94 21 1.10 1.14 3152
 561 4577 3151 94 21 1.10 1.14 3152
 561 4561 3151 94 21 1.10 1.14 3152
 561 4593 3151 94 21 1.10 1.14 3152
 561 4609 3151 94 21 1.10 1.14 3152
 561 4625 3151 94 21 1.10 1.14 3152
 561 4689 3151 94 2 1.10 1.14 3152
 561 4529 3151 94 21 1.10 1.14 3152
 577 4753 3151 94 21 1.10 1.14 3152
 577 4737 3151 94 21 1.10 1.14 3152
 577 4721 3151 94 21 1.10 1.14 3152
 577 4689 3151 94 2 1.10 1.14 3152
 577 4705 3151 94 21 1.10 1.14 3152
 577 4609 3151 94 2 1.10 1.14 3152
 577 4529 3151 94 21 1.10 1.14 3152
 593 4753 3151 94 21 1.10 1.14 3152
 593 4737 3151 94 21 1.10 1.14 3152
 593 4721 3151 94 21 1.10 1.14 3152
 593 4689 3151 94 2 1.10 1.14 3152
 593 4705 3151 94 21 1.10 1.14 3152
 593 4609 3151 94 2 1.10 1.14 3152
 593 4529 3151 94 21 1.10 1.14 3152
 609 4753 3151 94 21 1.10 1.14 3152
 609 4737 3151 94 21 1.10 1.14 3152
 609 4721 3151 94 21 1.10 1.14 3152
 609 4689 3151 94 3 1.10 1.14 3152
 609 4705 3151 94 21 1.10 1.14 3152
 609 4673 3151 94 5 1.10 1.14 3152
 609 4657 3151 94 5 1.10 1.14 3152
 609 4641 3151 94 5 1.10 1.14 3152
 609 4625 3151 94 5 1.10 1.14 3152
 609 4609 3151 94 2 1.10 1.14 3152
 609 4529 3151 94 21 1.10 1.14 3152
 625 4609 3151 94 2 1.10 1.14 3152
 625 4529 3151 94 21 1.10 1.14 3152
 641 4609 3151 94 2 1.10 1.14 3152
 641 4529 3151 94 21 1.10 1.14 3152
 657 4609 3151 94 2 1.10 1.14 3152
 657 4529 3151 94 21 1.10 1.14 3152
 673 4529 3151 94 21 1.10 1.14 3152
 673 4609 3151 94 2 1.10 1.14 3152
 689 4529 3151 94 21 1.10 1.14 3152
 689 4609 3151 94 2 1.10 1.14 3152
 705 4529 3151 94 21 1.10 1.14 3152
 705 4609 3151 94 2 1.10 1.14 3152
 721 4529 3151 94 21 1.10 1.14 3152
 721 4689 3151 94 1 1.10 1.14 3152
 721 4673 3151 94 5 1.10 1.14 3152
 721 4657 3151 94 5 1.10 1.14 3152
 721 4641 3151 94 5 1.10 1.14 3152
 721 4625 3151 94 5 1.10 1.14 3152
 721 4609 3151 94 2 1.10 1.14 3152
 721 4705 3693 94 22 1.10 1.14 3694
 737 4689 3151 94 2 1.10 1.14 3152
 737 4609 3151 94 3 1.10 1.14 3152
 753 4529 3151 94 21 1.10 1.14 3152
 753 4545 3151 94 21 1.10 1.14 3152
 753 4689 3151 94 2 1.10 1.14 3152
 753 4561 3151 94 21 1.10 1.14 3152
 769 4545 3151 94 21 1.10 1.14 3152
 769 4689 3151 94 2 1.10 1.14 3152
 769 4561 3151 94 21 1.10 1.14 3152
 785 4545 3151 94 21 1.10 1.14 3152
 785 4753 3151 94 21 1.10 1.14 3152
 785 4737 3151 94 21 1.10 1.14 3152
 785 4721 3151 94 21 1.10 1.14 3152
 785 4689 3151 94 2 1.10 1.14 3152
 785 4705 3151 94 21 1.10 1.14 3152
 785 4561 3151 94 21 1.10 1.14 3152
 801 4545 3151 94 21 1.10 1.14 3152
 801 4737 3151 94 21 1.10 1.14 3152
 801 4753 3151 94 21 1.10 1.14 3152
 801 4689 3151 94 3 1.10 1.14 3152
 801 4705 3151 94 21 1.10 1.14 3152
 801 4721 3151 94 21 1.10 1.14 3152
 801 4561 3151 94 21 1.10 1.14 3152
 817 4545 3151 94 21 1.10 1.14 3152
 817 4561 3151 94 21 1.10 1.14 3152
 833 4545 3151 94 21 1.10 1.14 3152
 833 4561 3151 94 21 1.10 1.14 3152
 849 4545 3151 94 21 1.10 1.14 3152
 849 4561 3151 94 21 1.10 1.14 3152
 865 4545 3151 94 21 1.10 1.14 3152
 865 4561 3151 94 21 1.10 1.14 3152
 881 4545 3151 94 21 1.10 1.14 3152
 881 4561 3151 94 21 1.10 1.14 3152
 897 4545 3151 94 21 1.10 1.14 3152
 897 4561 3151 94 21 1.10 1.14 3152
 913 4545 3151 94 21 1.10 1.14 3152
 913 4561 3151 94 21 1.10 1.14 3152
 929 4545 3151 94 21 1.10 1.14 3152
 929 4561 3151 94 21 1.10 1.14 3152
 945 4545 3151 94 21 1.10 1.14 3152
 945 4561 3151 94 21 1.10 1.14 3152
 961 4545 3151 94 21 1.10 1.14 3152
 961 4561 3151 94 21 1.10 1.14 3152
 977 4545 3151 94 21 1.10 1.14 3152
 977 4561 3151 94 21 1.10 1.14 3152
 993 4545 3151 94 21 1.10 1.14 3152
 993 4561 3151 94 21 1.10 1.14 3152
 1009 4545 3151 94 21 1.10 1.14 3152
 1009 4561 3151 94 21 1.10 1.14 3152
 1025 4561 3151 94 21 1.10 1.14 3152
 1025 4545 3151 94 21 1.10 1.14 3152
 1041 4561 3151 94 21 1.10 1.14 3152
 1041 4545 3151 94 21 1.10 1.14 3152
 1057 4545 3151 94 21 1.10 1.14 3152
 1057 4561 3151 94 21 1.10 1.14 3152
