 -10 278 3446 0.42 1 1 1 1 1 2 2 301 0.42 1
-1
-1
-1
-1
-1
-1
-1
-1
-1
-1
-1
-1
-1
-1
-1
-1
-1
-1
-1
-1
-1
-1
y0
VoiD
 1 4305 3151 85 20 1.10 1.14 3152
 1 4529 3151 85 20 1.10 1.14 3152
 1 4513 3151 85 20 1.10 1.14 3152
 1 4497 3151 85 20 1.10 1.14 3152
 1 4481 3151 85 20 1.10 1.14 3152
 1 4465 3151 85 20 1.10 1.14 3152
 1 4449 3151 85 20 1.10 1.14 3152
 1 4433 3151 85 20 1.10 1.14 3152
 1 4417 3151 85 20 1.10 1.14 3152
 1 4385 3151 85 20 1.10 1.14 3152
 1 4401 3151 85 20 1.10 1.14 3152
 1 4321 3693 85 29 1.10 1.14 3694
 1 4545 3151 85 20 1.10 1.14 3152
 1 4593 3151 85 20 1.10 1.14 3152
 1 4577 3151 85 20 1.10 1.14 3152
 1 4561 3151 85 20 1.10 1.14 3152
 1 4609 3151 85 20 1.10 1.14 3152
 1 4625 3151 85 20 1.10 1.14 3152
 1 4641 3151 85 20 1.10 1.14 3152
 1 4657 3151 85 20 1.10 1.14 3152
 1 4737 3151 85 20 1.10 1.14 3152
 1 4721 3151 85 20 1.10 1.14 3152
 1 4705 3151 85 20 1.10 1.14 3152
 1 4689 3151 85 20 1.10 1.14 3152
 1 4673 3151 85 20 1.10 1.14 3152
 1 4753 3151 85 20 1.10 1.14 3152
 17 4305 3151 85 20 1.10 1.14 3152
 17 4529 3151 85 20 1.10 1.14 3152
 17 4513 3151 85 20 1.10 1.14 3152
 17 4497 3151 85 28 1.10 1.14 3152
 17 4481 3151 85 21 1.10 1.14 3152
 17 4465 3151 85 21 1.10 1.14 3152
 17 4449 3151 85 21 1.10 1.14 3152
 17 4433 3151 85 21 1.10 1.14 3152
 17 4417 3151 85 21 1.10 1.14 3152
 17 4385 3151 85 25 1.10 1.14 3152
 17 4401 3151 85 21 1.10 1.14 3152
 17 4545 3151 85 20 1.10 1.14 3152
 17 4593 3151 85 25 1.10 1.14 3152
 17 4577 3151 85 20 1.10 1.14 3152
 17 4561 3151 85 20 1.10 1.14 3152
 17 4609 3151 85 21 1.10 1.14 3152
 17 4625 3151 85 21 1.10 1.14 3152
 17 4641 3151 85 21 1.10 1.14 3152
 17 4657 3151 85 21 1.10 1.14 3152
 17 4737 3151 85 20 1.10 1.14 3152
 17 4721 3151 85 20 1.10 1.14 3152
 17 4705 3151 85 28 1.10 1.14 3152
 17 4689 3151 85 21 1.10 1.14 3152
 17 4673 3151 85 21 1.10 1.14 3152
 17 4753 3151 85 20 1.10 1.14 3152
 33 4305 3151 85 20 1.10 1.14 3152
 33 4529 3151 85 20 1.10 1.14 3152
 33 4513 3151 85 20 1.10 1.14 3152
 33 4497 3151 85 17 1.10 1.14 3152
 33 4385 3151 85 23 1.10 1.14 3152
 33 4545 3151 85 20 1.10 1.14 3152
 33 4593 3151 85 23 1.10 1.14 3152
 33 4577 3151 85 20 1.10 1.14 3152
 33 4561 3151 85 20 1.10 1.14 3152
 33 4737 3151 85 20 1.10 1.14 3152
 33 4721 3151 85 20 1.10 1.14 3152
 33 4705 3151 85 17 1.10 1.14 3152
 33 4753 3151 85 20 1.10 1.14 3152
 49 4305 3151 85 20 1.10 1.14 3152
 49 4529 3151 85 20 1.10 1.14 3152
 49 4513 3151 85 20 1.10 1.14 3152
 49 4497 3151 85 17 1.10 1.14 3152
 49 4465 3192 51 1 1.10 1.14 3193 1
 49 4385 3151 85 23 1.10 1.14 3152
 49 4545 3151 85 20 1.10 1.14 3152
 49 4593 3151 85 23 1.10 1.14 3152
 49 4577 3151 85 20 1.10 1.14 3152
 49 4561 3151 85 20 1.10 1.14 3152
 49 4737 3151 85 20 1.10 1.14 3152
 49 4721 3151 85 20 1.10 1.14 3152
 49 4705 3151 85 17 1.10 1.14 3152
 49 4673 3192 51 1 1.10 1.14 3193 0
 49 4753 3151 85 20 1.10 1.14 3152
 65 4305 3151 85 20 1.10 1.14 3152
 65 4529 3151 85 20 1.10 1.14 3152
 65 4513 3151 85 28 1.10 1.14 3152
 65 4497 3151 85 18 1.10 1.14 3152
 65 4385 3151 85 23 1.10 1.14 3152
 65 4321 3693 85 29 1.10 1.14 3694
 65 4545 3151 85 20 1.10 1.14 3152
 65 4593 3151 85 23 1.10 1.14 3152
 65 4577 3151 85 20 1.10 1.14 3152
 65 4561 3151 85 20 1.10 1.14 3152
 65 4737 3151 85 20 1.10 1.14 3152
 65 4721 3151 85 28 1.10 1.14 3152
 65 4705 3151 85 18 1.10 1.14 3152
 65 4753 3151 85 20 1.10 1.14 3152
 81 4305 3151 85 20 1.10 1.14 3152
 81 4529 3151 85 20 1.10 1.14 3152
 81 4513 3151 85 17 1.10 1.14 3152
 81 4385 3151 85 23 1.10 1.14 3152
 81 4593 3151 85 23 1.10 1.14 3152
 81 4577 3151 85 20 1.10 1.14 3152
 81 4561 3151 85 20 1.10 1.14 3152
 81 4545 3151 85 20 1.10 1.14 3152
 81 4737 3151 85 20 1.10 1.14 3152
 81 4721 3151 85 17 1.10 1.14 3152
 81 4753 3151 85 20 1.10 1.14 3152
 97 4305 3151 85 20 1.10 1.14 3152
 97 4529 3151 85 20 1.10 1.14 3152
 97 4513 3151 85 17 1.10 1.14 3152
 97 4385 3151 85 23 1.10 1.14 3152
 97 4593 3151 85 23 1.10 1.14 3152
 97 4577 3151 85 20 1.10 1.14 3152
 97 4561 3151 85 20 1.10 1.14 3152
 97 4545 3151 85 20 1.10 1.14 3152
 97 4737 3151 85 20 1.10 1.14 3152
 97 4721 3151 85 17 1.10 1.14 3152
 97 4753 3151 85 20 1.10 1.14 3152
 113 4305 3151 85 20 1.10 1.14 3152
 113 4529 3151 85 20 1.10 1.14 3152
 113 4513 3151 85 17 1.10 1.14 3152
 113 4497 3151 90 4 1.10 1.14 3152
 113 4385 3151 85 23 1.10 1.14 3152
 113 4593 3151 85 23 1.10 1.14 3152
 113 4577 3151 85 20 1.10 1.14 3152
 113 4561 3151 85 20 1.10 1.14 3152
 113 4545 3151 85 20 1.10 1.14 3152
 113 4737 3151 85 20 1.10 1.14 3152
 113 4721 3151 85 17 1.10 1.14 3152
 113 4705 3151 90 4 1.10 1.14 3152
 113 4753 3151 85 20 1.10 1.14 3152
 129 4305 3151 85 20 1.10 1.14 3152
 129 4529 3151 85 20 1.10 1.14 3152
 129 4513 3151 85 17 1.10 1.14 3152
 129 4385 3151 85 23 1.10 1.14 3152
 129 4321 3693 85 29 1.10 1.14 3694
 129 4593 3151 85 23 1.10 1.14 3152
 129 4577 3151 85 20 1.10 1.14 3152
 129 4561 3151 85 20 1.10 1.14 3152
 129 4545 3151 85 20 1.10 1.14 3152
 129 4737 3151 85 20 1.10 1.14 3152
 129 4721 3151 85 17 1.10 1.14 3152
 129 4753 3151 85 20 1.10 1.14 3152
 145 4305 3151 85 20 1.10 1.14 3152
 145 4529 3151 85 20 1.10 1.14 3152
 145 4513 3151 85 17 1.10 1.14 3152
 145 4481 3192 90 1 1.10 1.14 3193 Prendi!#ti sara' d'aiuto
 145 4385 3151 85 23 1.10 1.14 3152
 145 4593 3151 85 23 1.10 1.14 3152
 145 4577 3151 85 20 1.10 1.14 3152
 145 4561 3151 85 20 1.10 1.14 3152
 145 4545 3151 85 20 1.10 1.14 3152
 145 4737 3151 85 20 1.10 1.14 3152
 145 4721 3151 85 17 1.10 1.14 3152
 145 4753 3151 85 20 1.10 1.14 3152
 145 4689 3192 90 1 1.10 1.14 3193 Prendi!#ti sara' d'aiuto
 161 4305 3151 85 20 1.10 1.14 3152
 161 4529 3151 85 20 1.10 1.14 3152
 161 4513 3151 85 17 1.10 1.14 3152
 161 4385 3151 85 23 1.10 1.14 3152
 161 4593 3151 85 23 1.10 1.14 3152
 161 4577 3151 85 20 1.10 1.14 3152
 161 4561 3151 85 20 1.10 1.14 3152
 161 4545 3151 85 20 1.10 1.14 3152
 161 4737 3151 85 20 1.10 1.14 3152
 161 4753 3151 85 20 1.10 1.14 3152
 161 4721 3151 85 17 1.10 1.14 3152
 177 4305 3151 85 20 1.10 1.14 3152
 177 4529 3151 85 20 1.10 1.14 3152
 177 4513 3151 85 17 1.10 1.14 3152
 177 4385 3151 85 23 1.10 1.14 3152
 177 4593 3151 85 23 1.10 1.14 3152
 177 4577 3151 85 20 1.10 1.14 3152
 177 4561 3151 85 20 1.10 1.14 3152
 177 4545 3151 85 20 1.10 1.14 3152
 177 4737 3151 85 20 1.10 1.14 3152
 177 4721 3151 85 17 1.10 1.14 3152
 177 4753 3151 85 20 1.10 1.14 3152
 193 4305 3151 85 20 1.10 1.14 3152
 193 4529 3151 85 20 1.10 1.14 3152
 193 4513 3151 85 27 1.10 1.14 3152
 193 4497 3151 85 19 1.10 1.14 3152
 193 4481 3151 85 19 1.10 1.14 3152
 193 4465 3151 85 19 1.10 1.14 3152
 193 4449 3151 85 19 1.10 1.14 3152
 193 4433 3151 85 19 1.10 1.14 3152
 193 4417 3151 85 19 1.10 1.14 3152
 193 4385 3151 85 26 1.10 1.14 3152
 193 4401 3151 85 19 1.10 1.14 3152
 193 4321 3693 85 29 1.10 1.14 3694
 193 4593 3151 85 23 1.10 1.14 3152
 193 4577 3151 85 20 1.10 1.14 3152
 193 4561 3151 85 20 1.10 1.14 3152
 193 4545 3151 85 20 1.10 1.14 3152
 193 4737 3151 85 20 1.10 1.14 3152
 193 4721 3151 85 17 1.10 1.14 3152
 193 4753 3151 85 20 1.10 1.14 3152
 209 4305 3151 85 20 1.10 1.14 3152
 209 4529 3151 85 20 1.10 1.14 3152
 209 4513 3151 85 20 1.10 1.14 3152
 209 4497 3151 85 20 1.10 1.14 3152
 209 4481 3151 85 20 1.10 1.14 3152
 209 4465 3151 85 20 1.10 1.14 3152
 209 4449 3151 85 20 1.10 1.14 3152
 209 4433 3151 85 20 1.10 1.14 3152
 209 4417 3151 85 20 1.10 1.14 3152
 209 4385 3151 85 20 1.10 1.14 3152
 209 4401 3151 85 20 1.10 1.14 3152
 209 4593 3151 85 26 1.10 1.14 3152
 209 4577 3151 85 20 1.10 1.14 3152
 209 4561 3151 85 20 1.10 1.14 3152
 209 4545 3151 85 20 1.10 1.14 3152
 209 4609 3151 85 19 1.10 1.14 3152
 209 4625 3151 85 19 1.10 1.14 3152
 209 4641 3151 85 19 1.10 1.14 3152
 209 4657 3151 85 19 1.10 1.14 3152
 209 4737 3151 85 20 1.10 1.14 3152
 209 4721 3151 85 27 1.10 1.14 3152
 209 4705 3151 85 19 1.10 1.14 3152
 209 4689 3151 85 19 1.10 1.14 3152
 209 4673 3151 85 19 1.10 1.14 3152
 209 4753 3151 85 20 1.10 1.14 3152
 225 4305 3151 85 20 1.10 1.14 3152
 225 4529 3151 85 20 1.10 1.14 3152
 225 4513 3151 85 20 1.10 1.14 3152
 225 4497 3151 85 20 1.10 1.14 3152
 225 4481 3151 85 20 1.10 1.14 3152
 225 4465 3151 85 20 1.10 1.14 3152
 225 4449 3151 85 20 1.10 1.14 3152
 225 4433 3151 85 20 1.10 1.14 3152
 225 4417 3151 85 20 1.10 1.14 3152
 225 4385 3151 85 20 1.10 1.14 3152
 225 4401 3151 85 20 1.10 1.14 3152
 225 4593 3151 85 20 1.10 1.14 3152
 225 4577 3151 85 20 1.10 1.14 3152
 225 4561 3151 85 20 1.10 1.14 3152
 225 4545 3151 85 20 1.10 1.14 3152
 225 4609 3151 85 20 1.10 1.14 3152
 225 4625 3151 85 20 1.10 1.14 3152
 225 4641 3151 85 20 1.10 1.14 3152
 225 4657 3151 85 20 1.10 1.14 3152
 225 4737 3151 85 20 1.10 1.14 3152
 225 4721 3151 85 20 1.10 1.14 3152
 225 4705 3151 85 20 1.10 1.14 3152
 225 4689 3151 85 20 1.10 1.14 3152
 225 4673 3151 85 20 1.10 1.14 3152
 225 4753 3151 85 20 1.10 1.14 3152
 241 4305 3151 85 20 1.10 1.14 3152
 241 4529 3151 85 20 1.10 1.14 3152
 241 4513 3151 85 20 1.10 1.14 3152
 241 4497 3151 85 20 1.10 1.14 3152
 241 4481 3151 85 20 1.10 1.14 3152
 241 4465 3151 85 20 1.10 1.14 3152
 241 4449 3151 85 20 1.10 1.14 3152
 241 4433 3151 85 20 1.10 1.14 3152
 241 4417 3151 85 20 1.10 1.14 3152
 241 4385 3151 85 20 1.10 1.14 3152
 241 4401 3151 85 20 1.10 1.14 3152
 241 4593 3151 85 20 1.10 1.14 3152
 241 4577 3151 85 20 1.10 1.14 3152
 241 4561 3151 85 20 1.10 1.14 3152
 241 4545 3151 85 20 1.10 1.14 3152
 241 4609 3151 85 20 1.10 1.14 3152
 241 4625 3151 85 20 1.10 1.14 3152
 241 4641 3151 85 20 1.10 1.14 3152
 241 4657 3151 85 20 1.10 1.14 3152
 241 4737 3151 85 20 1.10 1.14 3152
 241 4721 3151 85 20 1.10 1.14 3152
 241 4705 3151 85 20 1.10 1.14 3152
 241 4689 3151 85 20 1.10 1.14 3152
 241 4673 3151 85 20 1.10 1.14 3152
 241 4753 3151 85 20 1.10 1.14 3152
 257 4305 3151 85 20 1.10 1.14 3152
 257 4321 3151 85 20 1.10 1.14 3152
 257 4433 3151 85 20 1.10 1.14 3152
 257 4417 3151 85 20 1.10 1.14 3152
 257 4401 3151 85 20 1.10 1.14 3152
 257 4385 3151 85 20 1.10 1.14 3152
 257 4369 3151 85 20 1.10 1.14 3152
 257 4353 3151 85 20 1.10 1.14 3152
 257 4337 3151 85 20 1.10 1.14 3152
 257 4449 3195 85 30 1.10 1.14 3196
 257 4561 3151 85 20 1.10 1.14 3152
 257 4545 3151 85 20 1.10 1.14 3152
 257 4577 3693 85 29 1.10 1.14 3694
 257 4641 3693 85 29 1.10 1.14 3694
 257 4705 3693 85 29 1.10 1.14 3694
 273 4305 3151 85 20 1.10 1.14 3152
 273 4321 3151 85 20 1.10 1.14 3152
 273 4433 3151 85 20 1.10 1.14 3152
 273 4417 3151 85 20 1.10 1.14 3152
 273 4401 3151 85 20 1.10 1.14 3152
 273 4385 3151 85 20 1.10 1.14 3152
 273 4369 3151 85 20 1.10 1.14 3152
 273 4353 3151 85 20 1.10 1.14 3152
 273 4337 3151 85 20 1.10 1.14 3152
 273 4561 3151 85 20 1.10 1.14 3152
 273 4545 3151 85 20 1.10 1.14 3152
 289 4305 3151 85 20 1.10 1.14 3152
 289 4321 3151 85 20 1.10 1.14 3152
 289 4561 3151 85 20 1.10 1.14 3152
 289 4545 3151 85 20 1.10 1.14 3152
 289 4433 3151 85 20 1.10 1.14 3152
 289 4417 3151 85 20 1.10 1.14 3152
 289 4337 3151 85 20 1.10 1.14 3152
 289 4353 3151 85 20 1.10 1.14 3152
 289 4369 3151 85 20 1.10 1.14 3152
 289 4385 3151 85 20 1.10 1.14 3152
 289 4401 3151 85 20 1.10 1.14 3152
 305 4561 3151 85 20 1.10 1.14 3152
 305 4545 3151 85 20 1.10 1.14 3152
 321 4705 3693 85 29 1.10 1.14 3694
 321 4609 3151 85 21 1.10 1.14 3152
 321 4593 3151 85 21 1.10 1.14 3152
 321 4625 3151 85 21 1.10 1.14 3152
 321 4641 3151 85 21 1.10 1.14 3152
 321 4577 3151 85 21 1.10 1.14 3152
 321 4561 3151 85 21 1.10 1.14 3152
 321 4545 3151 85 25 1.10 1.14 3152
 321 4657 3151 85 21 1.10 1.14 3152
 321 4689 3151 85 28 1.10 1.14 3152
 321 4673 3151 85 21 1.10 1.14 3152
 337 4689 3151 85 17 1.10 1.14 3152
 337 4545 3151 85 23 1.10 1.14 3152
 337 4577 3694 70 1 1.10 -4.86 3695
 337 4561 3694 70 18 1.10 -5.86 3695 2
 353 4689 3151 85 17 1.10 1.14 3152
 353 4449 3195 85 30 1.10 1.14 3196
 353 4545 3151 85 23 1.10 1.14 3152
 369 4689 3151 85 17 1.10 1.14 3152
 369 4609 3151 85 22 1.10 1.14 3152
 369 4593 3151 85 19 1.10 1.14 3152
 369 4577 3151 85 19 1.10 1.14 3152
 369 4561 3151 85 19 1.10 1.14 3152
 369 4545 3151 85 26 1.10 1.14 3152
 385 4705 3693 85 29 1.10 1.14 3694
 385 4689 3151 85 17 1.10 1.14 3152
 385 4545 3693 85 29 1.10 1.14 3694
 385 4609 3151 85 23 1.10 1.14 3152
 401 4689 3151 85 17 1.10 1.14 3152
 401 4609 3151 85 23 1.10 1.14 3152
 417 4689 3151 85 17 1.10 1.14 3152
 417 4609 3151 85 23 1.10 1.14 3152
 433 4689 3151 85 17 1.10 1.14 3152
 433 4609 3151 85 23 1.10 1.14 3152
 449 4753 3151 85 21 1.10 1.14 3152
 449 4737 3151 85 21 1.10 1.14 3152
 449 4721 3151 85 21 1.10 1.14 3152
 449 4705 3151 85 21 1.10 1.14 3152
 449 4689 3151 85 18 1.10 1.14 3152
 449 4481 3693 85 29 1.10 1.14 3694
 449 4545 3693 85 29 1.10 1.14 3694
 449 4609 3151 85 23 1.10 1.14 3152
 449 4465 3151 85 20 1.10 1.14 3152
 449 4449 3151 85 20 1.10 1.14 3152
 465 4609 3151 85 23 1.10 1.14 3152
 465 4465 3151 85 20 1.10 1.14 3152
 465 4449 3151 85 20 1.10 1.14 3152
 481 4465 3151 85 20 1.10 1.14 3152
 481 4449 3151 85 20 1.10 1.14 3152
 481 4609 3151 85 23 1.10 1.14 3152
 497 4705 3151 61 1 1.10 1.14 3152
 497 4465 3151 85 20 1.10 1.14 3152
 497 4449 3151 85 20 1.10 1.14 3152
 497 4433 3151 85 20 1.10 1.14 3152
 497 4417 3151 85 20 1.10 1.14 3152
 497 4401 3151 85 20 1.10 1.14 3152
 497 4385 3151 85 20 1.10 1.14 3152
 497 4369 3151 85 20 1.10 1.14 3152
 497 4353 3151 85 20 1.10 1.14 3152
 497 4337 3151 85 20 1.10 1.14 3152
 497 4321 3151 85 20 1.10 1.14 3152
 497 4305 3151 85 20 1.10 1.14 3152
 497 4289 3151 85 20 1.10 1.14 3152
 497 4273 3151 85 20 1.10 1.14 3152
 497 4257 3151 85 20 1.10 1.14 3152
 497 4241 3151 85 20 1.10 1.14 3152
 497 4225 3151 85 20 1.10 1.14 3152
 497 4209 3151 85 20 1.10 1.14 3152
 497 4193 3151 85 20 1.10 1.14 3152
 497 4609 3151 85 23 1.10 1.14 3152
 497 4161 3151 85 20 1.10 1.14 3152
 497 4177 3151 85 20 1.10 1.14 3152
 513 4321 3195 85 30 1.10 1.14 3196
 513 4225 3195 85 30 1.10 1.14 3196
 513 4513 3151 85 21 1.10 1.14 3152
 513 4497 3151 85 25 1.10 1.14 3152
 513 4481 3151 85 20 1.10 1.14 3152
 513 4465 3151 85 20 1.10 1.14 3152
 513 4449 3151 85 20 1.10 1.14 3152
 513 4433 3151 85 20 1.10 1.14 3152
 513 4417 3151 85 20 1.10 1.14 3152
 513 4209 3151 85 20 1.10 1.14 3152
 513 4193 3151 85 20 1.10 1.14 3152
 513 4529 3151 85 21 1.10 1.14 3152
 513 4545 3151 85 21 1.10 1.14 3152
 513 4561 3151 85 21 1.10 1.14 3152
 513 4577 3151 85 21 1.10 1.14 3152
 513 4593 3151 85 21 1.10 1.14 3152
 513 4609 3151 85 24 1.10 1.14 3152
 513 4161 3151 85 20 1.10 1.14 3152
 513 4177 3151 85 20 1.10 1.14 3152
 529 4481 3151 85 20 1.10 1.14 3152
 529 4465 3151 85 20 1.10 1.14 3152
 529 4449 3151 85 20 1.10 1.14 3152
 529 4433 3151 85 20 1.10 1.14 3152
 529 4417 3151 85 20 1.10 1.14 3152
 529 4209 3151 85 20 1.10 1.14 3152
 529 4193 3151 85 20 1.10 1.14 3152
 529 4177 3151 85 20 1.10 1.14 3152
 529 4497 3151 85 23 1.10 1.14 3152
 529 4161 3151 85 20 1.10 1.14 3152
 545 4481 3151 85 20 1.10 1.14 3152
 545 4465 3151 85 20 1.10 1.14 3152
 545 4449 3151 85 20 1.10 1.14 3152
 545 4433 3151 85 20 1.10 1.14 3152
 545 4417 3151 85 20 1.10 1.14 3152
 545 4209 3151 85 20 1.10 1.14 3152
 545 4193 3151 85 20 1.10 1.14 3152
 545 4177 3151 85 20 1.10 1.14 3152
 545 4497 3151 85 23 1.10 1.14 3152
 545 4673 3151 65 9 1400001.10 10.14 3152
 545 4161 3151 85 20 1.10 1.14 3152
 545 4657 3151 65 6 1400001.10 10.14 3152
 545 4545 3151 65 3 1400001.10 10.14 3152
 545 4561 3151 65 6 1400001.10 10.14 3152
 545 4577 3151 65 6 1400001.10 10.14 3152
 545 4577 3192 65 17 1.10 1.14 3193
 545 4593 3151 65 6 1400001.10 10.14 3152
 545 4609 3151 65 6 1400001.10 10.14 3152
 545 4625 3151 65 6 1400001.10 10.14 3152
 545 4641 3151 65 6 1400001.10 10.14 3152
 561 4481 3151 85 21 1.10 1.14 3152
 561 4465 3151 85 21 1.10 1.14 3152
 561 4449 3151 85 21 1.10 1.14 3152
 561 4433 3151 85 21 1.10 1.14 3152
 561 4417 3151 85 25 1.10 1.14 3152
 561 4209 3151 85 20 1.10 1.14 3152
 561 4193 3151 85 20 1.10 1.14 3152
 561 4177 3151 85 20 1.10 1.14 3152
 561 4497 3151 85 24 1.10 1.14 3152
 561 4673 3151 65 10 1400001.10 10.14 3152
 561 4161 3151 85 20 1.10 1.14 3152
 561 4657 3151 65 7 1400001.10 10.14 3152
 561 4657 3151 65 18 1.10 1.14 3152
 561 4545 3151 65 4 1400001.10 10.14 3152
 561 4561 3151 65 7 1400001.10 10.14 3152
 561 4561 3151 65 18 1.10 1.14 3152
 561 4577 3151 65 7 1400001.10 10.14 3152
 561 4593 3151 65 7 1400001.10 10.14 3152
 561 4609 3151 65 7 1400001.10 10.14 3152
 561 4609 3151 65 18 1.10 1.14 3152
 561 4625 3151 65 7 1400001.10 10.14 3152
 561 4641 3151 65 7 1400001.10 10.14 3152
 577 4417 3151 85 23 1.10 1.14 3152
 577 4209 3151 85 20 1.10 1.14 3152
 577 4193 3151 85 20 1.10 1.14 3152
 577 4177 3151 85 20 1.10 1.14 3152
 577 4673 3151 65 11 1400001.10 10.14 3152
 577 4161 3151 85 20 1.10 1.14 3152
 577 4657 3151 65 8 1400001.10 10.14 3152
 577 4545 3151 65 5 1400001.10 10.14 3152
 577 4561 3151 65 8 1400001.10 10.14 3152
 577 4577 3151 65 8 1400001.10 10.14 3152
 577 4593 3151 65 8 1400001.10 10.14 3152
 577 4609 3151 65 8 1400001.10 10.14 3152
 577 4625 3151 65 8 1400001.10 10.14 3152
 577 4625 3192 65 17 1.10 1.14 3193
 577 4641 3151 65 8 1400001.10 10.14 3152
 593 4417 3151 85 23 1.10 1.14 3152
 593 4209 3151 85 20 1.10 1.14 3152
 593 4193 3151 85 20 1.10 1.14 3152
 593 4177 3151 85 20 1.10 1.14 3152
 593 4161 3151 85 20 1.10 1.14 3152
 609 4417 3151 85 23 1.10 1.14 3152
 609 4401 3151 85 20 1.10 1.14 3152
 609 4385 3151 85 20 1.10 1.14 3152
 609 4369 3151 85 20 1.10 1.14 3152
 609 4353 3151 85 20 1.10 1.14 3152
 609 4337 3151 85 20 1.10 1.14 3152
 609 4321 3151 85 20 1.10 1.14 3152
 609 4305 3151 85 20 1.10 1.14 3152
 609 4289 3151 85 20 1.10 1.14 3152
 609 4273 3151 85 20 1.10 1.14 3152
 609 4257 3151 85 20 1.10 1.14 3152
 609 4161 3195 85 30 1.10 1.14 3196
 625 4417 3151 85 24 1.10 1.14 3152
 625 4401 3151 85 21 1.10 1.14 3152
 625 4385 3151 85 21 1.10 1.14 3152
 625 4369 3151 85 21 1.10 1.14 3152
 625 4353 3151 85 21 1.10 1.14 3152
 625 4337 3151 85 21 1.10 1.14 3152
 625 4321 3151 85 21 1.10 1.14 3152
 625 4305 3151 85 21 1.10 1.14 3152
 625 4289 3151 85 21 1.10 1.14 3152
 625 4273 3151 85 21 1.10 1.14 3152
 625 4257 3151 85 25 1.10 1.14 3152
 641 4257 3151 85 23 1.10 1.14 3152
 641 4401 3694 70 1 1.10 -4.86 3695
 641 4385 3694 69 2 1.10 -4.86 3695
 641 4369 3694 69 2 1.10 -4.86 3695
 641 4353 3694 69 1 1.10 -4.86 3695
 657 4257 3151 85 23 1.10 1.14 3152
 657 4497 3151 66 1 1.10 1.14 3152
 657 4513 3151 61 1 1.10 1.14 3152
 673 4481 3151 85 19 1.10 1.14 3152
 673 4465 3151 85 19 1.10 1.14 3152
 673 4449 3151 85 19 1.10 1.14 3152
 673 4433 3151 85 19 1.10 1.14 3152
 673 4417 3151 85 19 1.10 1.14 3152
 673 4401 3151 85 19 1.10 1.14 3152
 673 4385 3151 85 19 1.10 1.14 3152
 673 4369 3151 85 16 1.10 1.14 3152
 673 4257 3151 85 23 1.10 1.14 3152
 673 4497 3151 85 19 1.10 1.14 3152
 673 4753 3151 85 19 1.10 1.14 3152
 673 4737 3151 85 19 1.10 1.14 3152
 673 4721 3151 85 19 1.10 1.14 3152
 673 4705 3151 85 19 1.10 1.14 3152
 673 4689 3151 85 19 1.10 1.14 3152
 673 4673 3151 85 19 1.10 1.14 3152
 673 4657 3151 85 19 1.10 1.14 3152
 673 4513 3151 85 19 1.10 1.14 3152
 673 4529 3151 85 19 1.10 1.14 3152
 673 4545 3151 85 19 1.10 1.14 3152
 673 4561 3151 85 19 1.10 1.14 3152
 673 4577 3151 85 19 1.10 1.14 3152
 673 4593 3151 85 19 1.10 1.14 3152
 673 4609 3151 85 19 1.10 1.14 3152
 673 4625 3151 85 19 1.10 1.14 3152
 673 4641 3151 85 19 1.10 1.14 3152
 689 4481 3195 85 30 1.10 1.14 3196
 689 4385 3195 85 30 1.10 1.14 3196
 689 4369 3151 85 17 1.10 1.14 3152
 689 4257 3151 85 23 1.10 1.14 3152
 689 4673 3195 85 30 1.10 1.14 3196
 689 4577 3195 85 30 1.10 1.14 3196
 705 4369 3151 85 17 1.10 1.14 3152
 705 4257 3151 85 23 1.10 1.14 3152
 705 4161 3195 85 30 1.10 1.14 3196
 721 4369 3151 85 17 1.10 1.14 3152
 721 4257 3151 85 23 1.10 1.14 3152
 737 4369 3151 85 17 1.10 1.14 3152
 737 4337 3196 90 10 1.10 1.14 3197
 737 4257 3151 85 23 1.10 1.14 3152
 753 4369 3151 85 17 1.10 1.14 3152
 753 4257 3151 85 23 1.10 1.14 3152
 769 4369 3151 85 17 1.10 1.14 3152
 769 4257 3151 85 23 1.10 1.14 3152
 785 4481 3151 85 20 1.10 1.14 3152
 785 4465 3151 85 20 1.10 1.14 3152
 785 4449 3151 85 20 1.10 1.14 3152
 785 4433 3151 85 20 1.10 1.14 3152
 785 4417 3151 85 20 1.10 1.14 3152
 785 4401 3151 85 20 1.10 1.14 3152
 785 4385 3151 85 20 1.10 1.14 3152
 785 4369 3151 85 17 1.10 1.14 3152
 785 4257 3151 85 23 1.10 1.14 3152
 785 4497 3151 85 20 1.10 1.14 3152
 785 4753 3151 85 20 1.10 1.14 3152
 785 4737 3151 85 20 1.10 1.14 3152
 785 4721 3151 85 20 1.10 1.14 3152
 785 4705 3151 85 20 1.10 1.14 3152
 785 4689 3151 85 20 1.10 1.14 3152
 785 4673 3151 85 20 1.10 1.14 3152
 785 4657 3151 85 20 1.10 1.14 3152
 785 4513 3151 85 20 1.10 1.14 3152
 785 4529 3151 85 20 1.10 1.14 3152
 785 4545 3151 85 20 1.10 1.14 3152
 785 4561 3151 85 20 1.10 1.14 3152
 785 4577 3151 85 20 1.10 1.14 3152
 785 4593 3151 85 20 1.10 1.14 3152
 785 4609 3151 85 20 1.10 1.14 3152
 785 4625 3151 85 20 1.10 1.14 3152
 785 4641 3151 85 20 1.10 1.14 3152
 801 4465 3151 85 20 1.10 1.14 3152
 801 4449 3151 85 20 1.10 1.14 3152
 801 4433 3151 85 20 1.10 1.14 3152
 801 4417 3151 85 20 1.10 1.14 3152
 801 4401 3151 85 20 1.10 1.14 3152
 801 4385 3151 85 20 1.10 1.14 3152
 801 4369 3151 85 27 1.10 1.14 3152
 801 4353 3151 85 19 1.10 1.14 3152
 801 4337 3151 85 19 1.10 1.14 3152
 801 4321 3151 85 19 1.10 1.14 3152
 801 4305 3151 85 19 1.10 1.14 3152
 801 4289 3151 85 19 1.10 1.14 3152
 801 4273 3151 85 19 1.10 1.14 3152
 801 4257 3151 85 26 1.10 1.14 3152
 801 4241 3151 85 20 1.10 1.14 3152
 801 4225 3151 85 20 1.10 1.14 3152
 801 4209 3151 85 20 1.10 1.14 3152
 801 4193 3151 85 20 1.10 1.14 3152
 801 4177 3151 85 20 1.10 1.14 3152
 801 4161 3151 85 20 1.10 1.14 3152
 817 4337 3151 81 1 -999998.90 -18.86 3152
