 -10 240 3499 3499.42 1 2 1 1 1 2 2 301 1331.42 1
cloud_10.png
smw_in10.png
hellomario E tileset.png
-1
-1
-1
-1
-1
-1
-1
-1
-1
-1
-1
-1
-1
-1
-1
-1
-1
-1
Space_Junk.mp3
y0
VoiD
 1 4753 3151 92 104 1.10 6.14 3152
 1 4737 3151 92 101 1.10 6.14 3152
 17 4449 3192 71 31 1.10 1.14 3193
 17 4753 3151 92 104 1.10 6.14 3152
 17 4737 3151 92 101 1.10 6.14 3152
 17 4481 3192 52 1 1.10 1.14 3193
 17 4705 3192 51 1 1.10 1.14 3193 0
 33 4753 3151 92 104 1.10 6.14 3152
 33 4737 3151 92 101 1.10 6.14 3152
 49 4753 3151 92 104 1.10 6.14 3152
 49 4737 3151 92 101 1.10 6.14 3152
 65 4753 3151 92 104 1.10 6.14 3152
 65 4737 3151 92 101 1.10 6.14 3152
 65 4657 3151 67 1 1.10 1.14 3152
 65 4673 3151 61 7 1.10 1.14 3152 MONTAGNA ->
 81 4753 3151 92 104 1.10 6.14 3152
 81 4737 3151 92 101 1.10 6.14 3152
 97 4753 3151 92 104 1.10 6.14 3152
 97 4737 3151 92 101 1.10 6.14 3152
 113 4753 3151 92 104 1.10 6.14 3152
 113 4737 3151 92 101 1.10 6.14 3152
 113 4721 3151 79 4 0.10 4.14 3152
 129 4753 3151 92 104 1.10 6.14 3152
 129 4737 3151 92 101 1.10 6.14 3152
 129 4609 3151 67 1 1.10 1.14 3152
 145 4753 3151 92 104 1.10 6.14 3152
 145 4737 3151 92 101 1.10 6.14 3152
 145 4593 3151 67 1 1.10 1.14 3152
 161 4753 3151 92 104 1.10 6.14 3152
 161 4737 3151 92 101 1.10 6.14 3152
 161 4593 3151 67 1 1.10 1.14 3152
 177 4753 3151 92 104 1.10 6.14 3152
 177 4737 3151 92 101 1.10 6.14 3152
 177 4721 3151 79 4 0.10 4.14 3152
 193 4753 3151 92 104 1.10 6.14 3152
 193 4737 3151 92 101 1.10 6.14 3152
 209 4753 3151 92 104 1.10 6.14 3152
 209 4737 3151 92 101 1.10 6.14 3152
 209 4705 3192 53 15.50 1.10 -5.86 3193
 225 4753 3151 92 104 1.10 6.14 3152
 225 4737 3151 92 101 1.10 6.14 3152
 241 4753 3151 92 104 1.10 6.14 3152
 241 4737 3151 92 112 1.10 6.14 3152
 241 4721 3151 92 103 1.10 6.14 3152
 241 4705 3151 92 103 1.10 6.14 3152
 241 4657 3151 92 103 1.10 6.14 3152
 241 4641 3151 92 100 1.10 6.14 3152
 241 4673 3151 92 103 1.10 6.14 3152
 241 4689 3151 92 103 1.10 6.14 3152
 257 4753 3151 92 104 1.10 6.14 3152
 257 4737 3151 92 104 1.10 6.14 3152
 257 4721 3151 92 104 1.10 6.14 3152
 257 4705 3151 92 104 1.10 6.14 3152
 257 4657 3151 92 104 1.10 6.14 3152
 257 4641 3151 92 101 1.10 6.14 3152
 257 4673 3151 92 104 1.10 6.14 3152
 257 4689 3151 92 104 1.10 6.14 3152
 257 4593 3151 59 4 1.10 1.14 3152
 273 4753 3151 92 104 1.10 6.14 3152
 273 4737 3151 92 104 1.10 6.14 3152
 273 4721 3151 92 104 1.10 6.14 3152
 273 4705 3151 92 104 1.10 6.14 3152
 273 4657 3151 92 104 1.10 6.14 3152
 273 4641 3151 92 101 1.10 6.14 3152
 273 4673 3151 92 104 1.10 6.14 3152
 273 4689 3151 92 104 1.10 6.14 3152
 289 4753 3151 92 104 1.10 6.14 3152
 289 4737 3151 92 104 1.10 6.14 3152
 289 4705 3151 92 104 1.10 6.14 3152
 289 4721 3151 92 104 1.10 6.14 3152
 289 4641 3151 92 101 1.10 6.14 3152
 289 4657 3151 92 104 1.10 6.14 3152
 289 4673 3151 92 104 1.10 6.14 3152
 289 4689 3151 92 104 1.10 6.14 3152
 305 4753 3151 92 104 1.10 6.14 3152
 305 4737 3151 92 104 1.10 6.14 3152
 305 4705 3151 92 104 1.10 6.14 3152
 305 4721 3151 92 104 1.10 6.14 3152
 305 4625 3151 92 109 1.10 6.14 3152
 305 4641 3151 92 101 1.10 6.14 3152
 305 4657 3151 92 104 1.10 6.14 3152
 305 4673 3151 92 104 1.10 6.14 3152
 305 4689 3151 92 104 1.10 6.14 3152
 305 4561 3151 92 106 1.10 6.14 3152
 305 4577 3151 92 109 1.10 6.14 3152
 305 4593 3151 92 109 1.10 6.14 3152
 305 4609 3151 92 109 1.10 6.14 3152
 305 4513 3151 67 1 1.10 1.14 3152
 321 4625 3151 95 2 1300001.10 1300001.14 3152 145 113
 321 4609 3151 95 2 1300001.10 1300001.14 3152 145 113
 321 4753 3151 92 104 1.10 6.14 3152
 321 4737 3151 92 104 1.10 6.14 3152
 321 4705 3151 92 104 1.10 6.14 3152
 321 4721 3151 92 104 1.10 6.14 3152
 321 4641 3151 92 101 1.10 6.14 3152
 321 4657 3151 92 104 1.10 6.14 3152
 321 4673 3151 92 104 1.10 6.14 3152
 321 4689 3151 92 104 1.10 6.14 3152
 321 4577 3151 92 104 1.10 6.14 3152
 321 4593 3151 92 104 1.10 6.14 3152
 321 4561 3151 92 107 1.10 6.14 3152
 321 4513 3151 67 1 1.10 1.14 3152
 321 4609 3192 53 7.50 1.10 -5.86 3193
 337 4753 3151 92 104 1.10 6.14 3152
 337 4737 3151 92 104 1.10 6.14 3152
 337 4705 3151 92 104 1.10 6.14 3152
 337 4721 3151 92 104 1.10 6.14 3152
 337 4625 3151 92 110 1.10 6.14 3152
 337 4641 3151 92 101 1.10 6.14 3152
 337 4657 3151 92 104 1.10 6.14 3152
 337 4673 3151 92 104 1.10 6.14 3152
 337 4689 3151 92 104 1.10 6.14 3152
 337 4561 3151 92 108 1.10 6.14 3152
 337 4593 3151 92 110 1.10 6.14 3152
 337 4577 3151 92 110 1.10 6.14 3152
 337 4609 3151 92 110 1.10 6.14 3152
 337 4513 3151 67 1 1.10 1.14 3152
 353 4753 3151 92 104 1.10 6.14 3152
 353 4737 3151 92 104 1.10 6.14 3152
 353 4705 3151 92 104 1.10 6.14 3152
 353 4721 3151 92 104 1.10 6.14 3152
 353 4641 3151 92 101 1.10 6.14 3152
 353 4657 3151 92 104 1.10 6.14 3152
 353 4673 3151 92 104 1.10 6.14 3152
 353 4689 3151 92 104 1.10 6.14 3152
 369 4753 3151 92 104 1.10 6.14 3152
 369 4737 3151 92 104 1.10 6.14 3152
 369 4705 3151 92 104 1.10 6.14 3152
 369 4721 3151 92 104 1.10 6.14 3152
 369 4641 3151 92 101 1.10 6.14 3152
 369 4657 3151 92 104 1.10 6.14 3152
 369 4673 3151 92 104 1.10 6.14 3152
 369 4689 3151 92 104 1.10 6.14 3152
 369 4609 3192 53 7.50 1.10 -5.86 3193
 385 4753 3151 92 104 1.10 6.14 3152
 385 4737 3151 92 104 1.10 6.14 3152
 385 4705 3151 92 104 1.10 6.14 3152
 385 4721 3151 92 104 1.10 6.14 3152
 385 4641 3151 92 101 1.10 6.14 3152
 385 4657 3151 92 104 1.10 6.14 3152
 385 4673 3151 92 104 1.10 6.14 3152
 385 4689 3151 92 104 1.10 6.14 3152
 385 4625 3151 79 4 0.10 4.14 3152
 401 4481 3151 92 106 1.10 6.14 3152
 401 4753 3151 92 105 1.10 6.14 3152
 401 4737 3151 92 105 1.10 6.14 3152
 401 4705 3151 92 105 1.10 6.14 3152
 401 4721 3151 92 105 1.10 6.14 3152
 401 4497 3151 92 109 1.10 6.14 3152
 401 4513 3151 92 109 1.10 6.14 3152
 401 4529 3151 92 109 1.10 6.14 3152
 401 4625 3151 92 109 1.10 6.14 3152
 401 4641 3151 92 102 1.10 6.14 3152
 401 4657 3151 92 105 1.10 6.14 3152
 401 4673 3151 92 105 1.10 6.14 3152
 401 4689 3151 92 105 1.10 6.14 3152
 401 4545 3151 92 109 1.10 6.14 3152
 401 4593 3151 92 109 1.10 6.14 3152
 401 4577 3151 92 109 1.10 6.14 3152
 401 4561 3151 92 109 1.10 6.14 3152
 401 4609 3151 92 109 1.10 6.14 3152
 417 4481 3151 92 107 1.10 6.14 3152
 417 4753 3151 92 104 1.10 6.14 3152
 417 4737 3151 92 104 1.10 6.14 3152
 417 4705 3151 92 104 1.10 6.14 3152
 417 4721 3151 92 104 1.10 6.14 3152
 417 4497 3151 92 104 1.10 6.14 3152
 417 4513 3151 92 104 1.10 6.14 3152
 417 4529 3151 92 104 1.10 6.14 3152
 417 4625 3151 92 104 1.10 6.14 3152
 417 4641 3151 92 104 1.10 6.14 3152
 417 4657 3151 92 104 1.10 6.14 3152
 417 4673 3151 92 104 1.10 6.14 3152
 417 4689 3151 92 104 1.10 6.14 3152
 417 4545 3151 92 104 1.10 6.14 3152
 417 4593 3151 92 104 1.10 6.14 3152
 417 4577 3151 92 104 1.10 6.14 3152
 417 4561 3151 92 104 1.10 6.14 3152
 417 4609 3151 92 104 1.10 6.14 3152
 433 4481 3151 92 107 1.10 6.14 3152
 433 4753 3151 95 2 1300001.10 1300001.14 3152 145 113
 433 4737 3151 95 2 1300001.10 1300001.14 3152 145 113
 433 4705 3151 95 2 1300001.10 1300001.14 3152 145 113
 433 4721 3151 95 2 1300001.10 1300001.14 3152 145 113
 433 4673 3151 95 2 1300001.10 1300001.14 3152 145 113
 433 4689 3151 95 2 1300001.10 1300001.14 3152 145 113
 433 4497 3151 92 104 1.10 6.14 3152
 433 4513 3151 92 104 1.10 6.14 3152
 433 4529 3151 92 104 1.10 6.14 3152
 433 4625 3151 92 104 1.10 6.14 3152
 433 4641 3151 92 104 1.10 6.14 3152
 433 4657 3151 92 104 1.10 6.14 3152
 433 4673 3151 92 104 1.10 6.14 3152
 433 4545 3151 92 104 1.10 6.14 3152
 433 4593 3151 92 104 1.10 6.14 3152
 433 4577 3151 92 104 1.10 6.14 3152
 433 4561 3151 92 104 1.10 6.14 3152
 433 4609 3151 92 104 1.10 6.14 3152
 433 4753 3151 67 1 1.10 1.14 3152
 433 4737 3151 67 1 1.10 1.14 3152
 433 4705 3151 67 1 1.10 1.14 3152
 433 4721 3151 67 1 1.10 1.14 3152
 433 4689 3151 67 1 1.10 1.14 3152
 449 4481 3151 92 108 1.10 6.14 3152
 449 4753 3151 95 2 1300001.10 1300001.14 3152 145 113
 449 4737 3151 95 2 1300001.10 1300001.14 3152 145 113
 449 4705 3151 95 2 1300001.10 1300001.14 3152 145 113
 449 4721 3151 95 2 1300001.10 1300001.14 3152 145 113
 449 4689 3151 95 2 1300001.10 1300001.14 3152 145 113
 449 4513 3151 95 2 1300001.10 1300001.14 3152 145 113
 449 4561 3151 95 2 1300001.10 1300001.14 3152 145 113
 449 4625 3151 92 104 1.10 6.14 3152
 449 4641 3151 92 104 1.10 6.14 3152
 449 4657 3151 92 104 1.10 6.14 3152
 449 4673 3151 92 104 1.10 6.14 3152
 449 4497 3151 92 110 1.10 6.14 3152
 449 4513 3151 92 106 1.10 6.14 3152
 449 4529 3151 92 109 1.10 6.14 3152
 449 4545 3151 92 109 1.10 6.14 3152
 449 4593 3151 92 104 1.10 6.14 3152
 449 4577 3151 92 104 1.10 6.14 3152
 449 4609 3151 92 104 1.10 6.14 3152
 449 4753 3151 67 1 1.10 1.14 3152
 449 4737 3151 67 1 1.10 1.14 3152
 449 4705 3151 67 1 1.10 1.14 3152
 449 4721 3151 67 1 1.10 1.14 3152
 449 4689 3151 67 1 1.10 1.14 3152
 465 4753 3151 95 2 1300001.10 1300001.14 3152 145 113
 465 4737 3151 95 2 1300001.10 1300001.14 3152 145 113
 465 4705 3151 95 2 1300001.10 1300001.14 3152 145 113
 465 4721 3151 95 2 1300001.10 1300001.14 3152 145 113
 465 4689 3151 95 2 1300001.10 1300001.14 3152 145 113
 465 4625 3151 92 104 1.10 6.14 3152
 465 4641 3151 92 104 1.10 6.14 3152
 465 4657 3151 92 104 1.10 6.14 3152
 465 4673 3151 92 104 1.10 6.14 3152
 465 4513 3151 92 107 1.10 6.14 3152
 465 4529 3151 92 104 1.10 6.14 3152
 465 4545 3151 92 104 1.10 6.14 3152
 465 4593 3151 92 104 1.10 6.14 3152
 465 4577 3151 92 104 1.10 6.14 3152
 465 4561 3151 92 104 1.10 6.14 3152
 465 4609 3151 92 104 1.10 6.14 3152
 465 4753 3151 67 1 1.10 1.14 3152
 465 4737 3151 67 1 1.10 1.14 3152
 465 4705 3151 67 1 1.10 1.14 3152
 465 4721 3151 67 1 1.10 1.14 3152
 465 4689 3151 67 1 1.10 1.14 3152
 481 4753 3151 92 104 1.10 6.14 3152
 481 4737 3151 92 104 1.10 6.14 3152
 481 4705 3151 92 104 1.10 6.14 3152
 481 4721 3151 92 104 1.10 6.14 3152
 481 4625 3151 92 104 1.10 6.14 3152
 481 4641 3151 92 104 1.10 6.14 3152
 481 4657 3151 92 104 1.10 6.14 3152
 481 4673 3151 92 104 1.10 6.14 3152
 481 4689 3151 92 104 1.10 6.14 3152
 481 4513 3151 92 107 1.10 6.14 3152
 481 4529 3151 92 104 1.10 6.14 3152
 481 4545 3151 92 104 1.10 6.14 3152
 481 4593 3151 92 104 1.10 6.14 3152
 481 4577 3151 92 104 1.10 6.14 3152
 481 4561 3151 92 104 1.10 6.14 3152
 481 4609 3151 92 104 1.10 6.14 3152
 497 4753 3151 92 104 1.10 6.14 3152
 497 4737 3151 92 104 1.10 6.14 3152
 497 4705 3151 92 104 1.10 6.14 3152
 497 4721 3151 92 104 1.10 6.14 3152
 497 4625 3151 92 104 1.10 6.14 3152
 497 4641 3151 92 104 1.10 6.14 3152
 497 4657 3151 92 104 1.10 6.14 3152
 497 4673 3151 92 104 1.10 6.14 3152
 497 4689 3151 92 104 1.10 6.14 3152
 497 4513 3151 92 107 1.10 6.14 3152
 497 4529 3151 92 104 1.10 6.14 3152
 497 4545 3151 92 104 1.10 6.14 3152
 497 4593 3151 92 104 1.10 6.14 3152
 497 4577 3151 92 104 1.10 6.14 3152
 497 4561 3151 92 104 1.10 6.14 3152
 497 4609 3151 92 104 1.10 6.14 3152
 497 4481 3192 53 15.50 1.10 -5.86 3193
 513 4753 3151 92 104 1.10 6.14 3152
 513 4737 3151 92 104 1.10 6.14 3152
 513 4705 3151 92 104 1.10 6.14 3152
 513 4721 3151 92 104 1.10 6.14 3152
 513 4625 3151 92 104 1.10 6.14 3152
 513 4641 3151 92 104 1.10 6.14 3152
 513 4657 3151 92 104 1.10 6.14 3152
 513 4673 3151 92 104 1.10 6.14 3152
 513 4689 3151 92 104 1.10 6.14 3152
 513 4513 3151 92 107 1.10 6.14 3152
 513 4529 3151 92 104 1.10 6.14 3152
 513 4545 3151 92 104 1.10 6.14 3152
 513 4593 3151 92 104 1.10 6.14 3152
 513 4577 3151 92 104 1.10 6.14 3152
 513 4561 3151 92 104 1.10 6.14 3152
 513 4609 3151 92 104 1.10 6.14 3152
 529 4753 3151 92 103 1.10 6.14 3152
 529 4737 3151 92 103 1.10 6.14 3152
 529 4705 3151 92 103 1.10 6.14 3152
 529 4721 3151 92 103 1.10 6.14 3152
 529 4625 3151 92 103 1.10 6.14 3152
 529 4641 3151 92 103 1.10 6.14 3152
 529 4657 3151 92 103 1.10 6.14 3152
 529 4673 3151 92 103 1.10 6.14 3152
 529 4689 3151 92 103 1.10 6.14 3152
 529 4513 3151 92 107 1.10 6.14 3152
 529 4529 3151 92 104 1.10 6.14 3152
 529 4545 3151 92 104 1.10 6.14 3152
 529 4593 3151 92 100 1.10 6.14 3152
 529 4577 3151 92 104 1.10 6.14 3152
 529 4561 3151 92 104 1.10 6.14 3152
 529 4609 3151 92 103 1.10 6.14 3152
 545 4753 3151 92 104 1.10 6.14 3152
 545 4737 3151 92 104 1.10 6.14 3152
 545 4705 3151 92 104 1.10 6.14 3152
 545 4721 3151 92 104 1.10 6.14 3152
 545 4625 3151 92 104 1.10 6.14 3152
 545 4641 3151 92 104 1.10 6.14 3152
 545 4657 3151 92 104 1.10 6.14 3152
 545 4673 3151 92 104 1.10 6.14 3152
 545 4689 3151 92 104 1.10 6.14 3152
 545 4513 3151 92 108 1.10 6.14 3152
 545 4529 3151 92 110 1.10 6.14 3152
 545 4545 3151 92 110 1.10 6.14 3152
 545 4593 3151 92 101 1.10 6.14 3152
 545 4577 3151 92 110 1.10 6.14 3152
 545 4561 3151 92 110 1.10 6.14 3152
 545 4609 3151 92 104 1.10 6.14 3152
 561 4753 3151 92 104 1.10 6.14 3152
 561 4737 3151 92 104 1.10 6.14 3152
 561 4705 3151 92 104 1.10 6.14 3152
 561 4721 3151 92 104 1.10 6.14 3152
 561 4625 3151 92 104 1.10 6.14 3152
 561 4641 3151 92 104 1.10 6.14 3152
 561 4657 3151 92 104 1.10 6.14 3152
 561 4673 3151 92 104 1.10 6.14 3152
 561 4689 3151 92 104 1.10 6.14 3152
 561 4593 3151 92 101 1.10 6.14 3152
 561 4609 3151 92 104 1.10 6.14 3152
 561 4577 3151 79 4 0.10 4.14 3152
 577 4753 3151 92 104 1.10 6.14 3152
 577 4737 3151 92 104 1.10 6.14 3152
 577 4705 3151 92 104 1.10 6.14 3152
 577 4721 3151 92 104 1.10 6.14 3152
 577 4625 3151 92 104 1.10 6.14 3152
 577 4641 3151 92 104 1.10 6.14 3152
 577 4657 3151 92 104 1.10 6.14 3152
 577 4673 3151 92 104 1.10 6.14 3152
 577 4689 3151 92 104 1.10 6.14 3152
 577 4593 3151 92 114 1.10 6.14 3152
 577 4609 3151 92 111 1.10 6.14 3152
 593 4753 3151 92 104 1.10 6.14 3152
 593 4737 3151 92 104 1.10 6.14 3152
 593 4705 3151 92 104 1.10 6.14 3152
 593 4721 3151 92 104 1.10 6.14 3152
 593 4625 3151 92 111 1.10 6.14 3152
 593 4641 3151 92 104 1.10 6.14 3152
 593 4657 3151 92 104 1.10 6.14 3152
 593 4673 3151 92 104 1.10 6.14 3152
 593 4689 3151 92 104 1.10 6.14 3152
 593 4609 3151 92 114 1.10 6.14 3152
 609 4753 3151 92 104 1.10 6.14 3152
 609 4737 3151 92 104 1.10 6.14 3152
 609 4721 3151 92 104 1.10 6.14 3152
 609 4705 3151 92 104 1.10 6.14 3152
 609 4625 3151 92 101 1.10 6.14 3152
 609 4641 3151 92 104 1.10 6.14 3152
 609 4657 3151 92 104 1.10 6.14 3152
 609 4673 3151 92 104 1.10 6.14 3152
 609 4689 3151 92 104 1.10 6.14 3152
 625 4753 3151 92 104 1.10 6.14 3152
 625 4737 3151 92 104 1.10 6.14 3152
 625 4721 3151 92 104 1.10 6.14 3152
 625 4705 3151 92 104 1.10 6.14 3152
 625 4625 3151 92 101 1.10 6.14 3152
 625 4641 3151 92 104 1.10 6.14 3152
 625 4657 3151 92 104 1.10 6.14 3152
 625 4673 3151 92 104 1.10 6.14 3152
 625 4689 3151 92 104 1.10 6.14 3152
 641 4753 3151 92 104 1.10 6.14 3152
 641 4737 3151 92 104 1.10 6.14 3152
 641 4721 3151 92 104 1.10 6.14 3152
 641 4705 3151 92 104 1.10 6.14 3152
 641 4689 3151 92 104 1.10 6.14 3152
 641 4625 3151 92 112 1.10 6.14 3152
 641 4641 3151 92 104 1.10 6.14 3152
 641 4657 3151 92 104 1.10 6.14 3152
 641 4673 3151 92 104 1.10 6.14 3152
 641 4609 3151 92 103 1.10 6.14 3152
 641 4593 3151 92 100 1.10 6.14 3152
 641 4561 3192 69 3 1.10 -4.86 3193
 641 4577 3151 53 1 0.10 -5.86 3152
 657 4689 3151 95 2 1300001.10 1300001.14 3152 113 161
 657 4753 3151 92 104 1.10 6.14 3152
 657 4737 3151 92 111 1.10 6.14 3152
 657 4721 3151 92 105 1.10 6.14 3152
 657 4705 3151 92 105 1.10 6.14 3152
 657 4625 3151 92 104 1.10 6.14 3152
 657 4641 3151 92 104 1.10 6.14 3152
 657 4657 3151 92 104 1.10 6.14 3152
 657 4673 3151 92 104 1.10 6.14 3152
 657 4609 3151 92 104 1.10 6.14 3152
 657 4593 3151 92 101 1.10 6.14 3152
 657 4561 3192 69 4 1.10 -4.86 3193
 657 4689 3151 96 1 -13.90 -13.86 3152
 673 4689 3151 95 2 1300001.10 1300001.14 3152 145 177
 673 4753 3151 92 104 1.10 6.14 3152
 673 4737 3151 92 101 1.10 6.14 3152
 673 4625 3151 92 104 1.10 6.14 3152
 673 4641 3151 92 104 1.10 6.14 3152
 673 4657 3151 92 104 1.10 6.14 3152
 673 4673 3151 92 104 1.10 6.14 3152
 673 4609 3151 92 104 1.10 6.14 3152
 673 4593 3151 92 101 1.10 6.14 3152
 673 4705 3192 70 4 1.10 -4.86 3193 1 0
 673 4689 3151 96 1 -13.90 -13.86 3152
 673 4529 3694 69 1 1.10 -4.86 3695
 673 4545 3694 69 2 1.10 -4.86 3695
 673 4561 3196 69 17 1.10 -4.86 3197
 689 4689 3151 95 2 1300001.10 1300001.14 3152 145 177
 689 4753 3151 92 104 1.10 6.14 3152
 689 4737 3151 92 101 1.10 6.14 3152
 689 4625 3151 92 104 1.10 6.14 3152
 689 4641 3151 92 104 1.10 6.14 3152
 689 4657 3151 92 104 1.10 6.14 3152
 689 4673 3151 92 104 1.10 6.14 3152
 689 4609 3151 92 104 1.10 6.14 3152
 689 4593 3151 92 101 1.10 6.14 3152
 689 4705 3192 70 3 1.10 -4.86 3193
 689 4689 3151 96 1 -13.90 -13.86 3152
 705 4689 3151 95 2 1300001.10 1300001.14 3152 145 177
 705 4753 3151 92 104 1.10 6.14 3152
 705 4737 3151 92 101 1.10 6.14 3152
 705 4625 3151 92 104 1.10 6.14 3152
 705 4641 3151 92 104 1.10 6.14 3152
 705 4657 3151 92 104 1.10 6.14 3152
 705 4673 3151 92 104 1.10 6.14 3152
 705 4609 3151 92 104 1.10 6.14 3152
 705 4593 3151 92 101 1.10 6.14 3152
 705 4689 3151 96 1 -13.90 -13.86 3152
 721 4689 3151 95 2 1300001.10 1300001.14 3152 161 177
 721 4753 3151 92 104 1.10 6.14 3152
 721 4737 3151 92 101 1.10 6.14 3152
 721 4625 3151 92 105 1.10 6.14 3152
 721 4641 3151 92 105 1.10 6.14 3152
 721 4657 3151 92 105 1.10 6.14 3152
 721 4673 3151 92 105 1.10 6.14 3152
 721 4609 3151 92 105 1.10 6.14 3152
 721 4593 3151 92 102 1.10 6.14 3152
 721 4689 3151 96 1 -13.90 -13.86 3152
 737 4753 3151 92 105 1.10 6.14 3152
 737 4737 3151 92 102 1.10 6.14 3152
 833 4753 3151 92 103 1.10 6.14 3152
 833 4737 3151 92 103 1.10 6.14 3152
 833 4721 3151 92 103 1.10 6.14 3152
 833 4705 3151 92 103 1.10 6.14 3152
 833 4641 3151 92 103 1.10 6.14 3152
 833 4657 3151 92 103 1.10 6.14 3152
 833 4689 3151 92 103 1.10 6.14 3152
 833 4673 3151 92 103 1.10 6.14 3152
 833 4625 3151 92 103 1.10 6.14 3152
 833 4609 3151 92 103 1.10 6.14 3152
 833 4593 3151 92 103 1.10 6.14 3152
 833 4577 3151 92 103 1.10 6.14 3152
 833 4561 3151 92 103 1.10 6.14 3152
 833 4545 3151 92 103 1.10 6.14 3152
 833 4529 3151 92 103 1.10 6.14 3152
 833 4513 3151 92 100 1.10 6.14 3152
 849 4753 3151 92 104 1.10 6.14 3152
 849 4737 3151 92 104 1.10 6.14 3152
 849 4721 3151 92 104 1.10 6.14 3152
 849 4705 3151 92 104 1.10 6.14 3152
 849 4689 3151 92 104 1.10 6.14 3152
 849 4673 3151 92 104 1.10 6.14 3152
 849 4657 3151 92 104 1.10 6.14 3152
 849 4641 3151 92 104 1.10 6.14 3152
 849 4625 3151 92 104 1.10 6.14 3152
 849 4609 3151 92 104 1.10 6.14 3152
 849 4593 3151 92 104 1.10 6.14 3152
 849 4577 3151 92 104 1.10 6.14 3152
 849 4561 3151 92 104 1.10 6.14 3152
 849 4545 3151 92 104 1.10 6.14 3152
 849 4529 3151 92 104 1.10 6.14 3152
 849 4513 3151 92 101 1.10 6.14 3152
 865 4753 3151 92 104 1.10 6.14 3152
 865 4737 3151 92 104 1.10 6.14 3152
 865 4721 3151 92 104 1.10 6.14 3152
 865 4705 3151 92 104 1.10 6.14 3152
 865 4689 3151 92 104 1.10 6.14 3152
 865 4673 3151 92 104 1.10 6.14 3152
 865 4657 3151 92 104 1.10 6.14 3152
 865 4641 3151 92 104 1.10 6.14 3152
 865 4625 3151 92 104 1.10 6.14 3152
 865 4609 3151 92 104 1.10 6.14 3152
 865 4593 3151 92 104 1.10 6.14 3152
 865 4577 3151 92 104 1.10 6.14 3152
 865 4561 3151 92 104 1.10 6.14 3152
 865 4545 3151 92 104 1.10 6.14 3152
 865 4529 3151 92 104 1.10 6.14 3152
 865 4513 3151 92 101 1.10 6.14 3152
 881 4753 3151 92 104 1.10 6.14 3152
 881 4737 3151 92 104 1.10 6.14 3152
 881 4721 3151 92 104 1.10 6.14 3152
 881 4705 3151 92 104 1.10 6.14 3152
 881 4689 3151 92 104 1.10 6.14 3152
 881 4673 3151 92 104 1.10 6.14 3152
 881 4657 3151 92 104 1.10 6.14 3152
 881 4641 3151 92 104 1.10 6.14 3152
 881 4625 3151 92 104 1.10 6.14 3152
 881 4609 3151 92 104 1.10 6.14 3152
 881 4593 3151 92 104 1.10 6.14 3152
 881 4577 3151 92 104 1.10 6.14 3152
 881 4561 3151 92 104 1.10 6.14 3152
 881 4545 3151 92 104 1.10 6.14 3152
 881 4529 3151 92 104 1.10 6.14 3152
 881 4513 3151 92 101 1.10 6.14 3152
 897 4753 3151 92 104 1.10 6.14 3152
 897 4737 3151 92 104 1.10 6.14 3152
 897 4721 3151 92 104 1.10 6.14 3152
 897 4705 3151 92 104 1.10 6.14 3152
 897 4689 3151 92 104 1.10 6.14 3152
 897 4673 3151 92 104 1.10 6.14 3152
 897 4657 3151 92 104 1.10 6.14 3152
 897 4641 3151 92 104 1.10 6.14 3152
 897 4625 3151 92 104 1.10 6.14 3152
 897 4609 3151 92 104 1.10 6.14 3152
 897 4593 3151 92 104 1.10 6.14 3152
 897 4577 3151 92 104 1.10 6.14 3152
 897 4561 3151 92 104 1.10 6.14 3152
 897 4545 3151 92 104 1.10 6.14 3152
 897 4529 3151 92 104 1.10 6.14 3152
 897 4513 3151 92 101 1.10 6.14 3152
 897 4497 3151 79 4 0.10 4.14 3152
 913 4753 3151 92 104 1.10 6.14 3152
 913 4737 3151 92 104 1.10 6.14 3152
 913 4721 3151 92 104 1.10 6.14 3152
 913 4705 3151 92 104 1.10 6.14 3152
 913 4689 3151 92 104 1.10 6.14 3152
 913 4673 3151 92 104 1.10 6.14 3152
 913 4657 3151 92 104 1.10 6.14 3152
 913 4641 3151 92 104 1.10 6.14 3152
 913 4625 3151 92 104 1.10 6.14 3152
 913 4609 3151 92 104 1.10 6.14 3152
 913 4593 3151 92 104 1.10 6.14 3152
 913 4577 3151 92 104 1.10 6.14 3152
 913 4561 3151 92 104 1.10 6.14 3152
 913 4545 3151 92 104 1.10 6.14 3152
 913 4529 3151 92 104 1.10 6.14 3152
 913 4513 3151 92 101 1.10 6.14 3152
 913 4497 3151 79 4 0.10 4.14 3152
 929 4609 3151 92 104 1.10 6.14 3152
 929 4593 3151 92 104 1.10 6.14 3152
 929 4577 3151 92 104 1.10 6.14 3152
 929 4561 3151 92 104 1.10 6.14 3152
 929 4545 3151 92 104 1.10 6.14 3152
 929 4529 3151 92 104 1.10 6.14 3152
 929 4513 3151 92 101 1.10 6.14 3152
 945 4609 3151 92 104 1.10 6.14 3152
 945 4593 3151 92 104 1.10 6.14 3152
 945 4577 3151 92 104 1.10 6.14 3152
 945 4561 3151 92 104 1.10 6.14 3152
 945 4545 3151 92 104 1.10 6.14 3152
 945 4529 3151 92 104 1.10 6.14 3152
 945 4513 3151 92 101 1.10 6.14 3152
 945 4497 3151 76 4 1300001.10 1300001.14 3152
 945 4481 3151 76 4 1300001.10 1300001.14 3152
 945 4465 3151 76 4 1300001.10 1300001.14 3152
 945 4449 3151 76 4 1300001.10 1300001.14 3152
 945 4433 3151 76 1 1300001.10 1300001.14 3152
 945 4401 3151 67 1 1.10 1.14 3152
 945 4385 3151 67 1 1.10 1.14 3152
 961 4609 3151 92 104 1.10 6.14 3152
 961 4593 3151 92 104 1.10 6.14 3152
 961 4577 3151 92 104 1.10 6.14 3152
 961 4561 3151 92 104 1.10 6.14 3152
 961 4545 3151 92 104 1.10 6.14 3152
 961 4529 3151 92 104 1.10 6.14 3152
 961 4513 3151 92 101 1.10 6.14 3152
 961 4497 3151 76 5 1300001.10 1300001.14 3152
 961 4369 3151 95 3 1300001.10 1300001.14 3152 1 97
 961 4385 3151 95 3 1300001.10 1300001.14 3152 1 113
 961 4401 3151 95 3 1300001.10 1300001.14 3152 1 113
 961 4417 3151 95 3 1300001.10 1300001.14 3152 1 113
 961 4481 3151 76 5 1300001.10 1300001.14 3152
 961 4465 3151 76 5 1300001.10 1300001.14 3152
 961 4449 3151 76 5 1300001.10 1300001.14 3152
 961 4433 3151 76 2 1300001.10 1300001.14 3152
 961 4401 3151 67 1 1.10 1.14 3152
 961 4385 3151 67 1 1.10 1.14 3152
 961 4369 3151 96 12 -13.90 -13.86 3152
 977 4609 3151 92 104 1.10 6.14 3152
 977 4593 3151 92 104 1.10 6.14 3152
 977 4577 3151 92 104 1.10 6.14 3152
 977 4561 3151 92 104 1.10 6.14 3152
 977 4545 3151 92 104 1.10 6.14 3152
 977 4529 3151 92 104 1.10 6.14 3152
 977 4513 3151 92 101 1.10 6.14 3152
 977 4497 3151 76 6 1300001.10 1300001.14 3152
 977 4369 3151 95 3 1300001.10 1300001.14 3152 17 97
 977 4385 3151 95 3 1300001.10 1300001.14 3152 17 113
 977 4401 3151 95 3 1300001.10 1300001.14 3152 17 113
 977 4417 3151 95 3 1300001.10 1300001.14 3152 17 113
 977 4481 3151 76 6 1300001.10 1300001.14 3152
 977 4465 3151 76 6 1300001.10 1300001.14 3152
 977 4449 3151 76 6 1300001.10 1300001.14 3152
 977 4433 3151 76 3 1300001.10 1300001.14 3152
 977 4385 3151 67 1 1.10 1.14 3152
 977 4401 3151 67 1 1.10 1.14 3152
 977 4369 3151 96 2 -13.90 -13.86 3152
 993 4609 3151 92 104 1.10 6.14 3152
 993 4593 3151 92 104 1.10 6.14 3152
 993 4577 3151 92 104 1.10 6.14 3152
 993 4561 3151 92 104 1.10 6.14 3152
 993 4545 3151 92 104 1.10 6.14 3152
 993 4529 3151 92 104 1.10 6.14 3152
 993 4513 3151 92 101 1.10 6.14 3152
 993 4497 3151 95 3 1300001.10 1300001.14 3152 17 113
 993 4497 3151 76 56 1200001.10 1199991.14 3152
 993 4369 3151 95 3 1300001.10 1300001.14 3152 17 97
 993 4385 3151 95 3 1300001.10 1300001.14 3152 17 113
 993 4401 3151 95 3 1300001.10 1300001.14 3152 17 113
 993 4417 3151 95 3 1300001.10 1300001.14 3152 17 113
 993 4481 3151 95 3 1300001.10 1300001.14 3152 17 113
 993 4465 3151 95 3 1300001.10 1300001.14 3152 17 113
 993 4449 3151 95 3 1300001.10 1300001.14 3152 17 113
 993 4433 3151 95 3 1300001.10 1300001.14 3152 17 113
 993 4481 3151 76 56 1200001.10 1199991.14 3152
 993 4465 3151 76 56 1200001.10 1199991.14 3152
 993 4449 3151 76 56 1200001.10 1199991.14 3152
 993 4433 3151 76 55 1200001.10 1199991.14 3152
 993 4369 3151 96 2 -13.90 -13.86 3152
 1009 4609 3151 92 104 1.10 6.14 3152
 1009 4593 3151 92 104 1.10 6.14 3152
 1009 4577 3151 92 104 1.10 6.14 3152
 1009 4561 3151 92 104 1.10 6.14 3152
 1009 4545 3151 92 104 1.10 6.14 3152
 1009 4529 3151 92 104 1.10 6.14 3152
 1009 4513 3151 92 101 1.10 6.14 3152
 1009 4497 3151 95 3 1300001.10 1300001.14 3152 17 113
 1009 4481 3151 95 3 1300001.10 1300001.14 3152 17 113
 1009 4369 3151 95 3 1300001.10 1300001.14 3152 17 97
 1009 4385 3151 95 3 1300001.10 1300001.14 3152 17 113
 1009 4401 3151 95 3 1300001.10 1300001.14 3152 17 113
 1009 4417 3151 95 3 1300001.10 1300001.14 3152 17 113
 1009 4433 3151 95 3 1300001.10 1300001.14 3152 17 113
 1009 4449 3151 95 3 1300001.10 1300001.14 3152 17 113
 1009 4465 3151 95 3 1300001.10 1300001.14 3152 17 113
 1009 4369 3151 96 2 -13.90 -13.86 3152
 1025 4609 3151 92 104 1.10 6.14 3152
 1025 4593 3151 92 104 1.10 6.14 3152
 1025 4577 3151 92 104 1.10 6.14 3152
 1025 4561 3151 92 104 1.10 6.14 3152
 1025 4545 3151 92 104 1.10 6.14 3152
 1025 4529 3151 92 104 1.10 6.14 3152
 1025 4513 3151 92 101 1.10 6.14 3152
 1025 4497 3151 95 3 1300001.10 1300001.14 3152 33 113
 1025 4481 3151 95 3 1300001.10 1300001.14 3152 33 113
 1025 4465 3151 95 3 1300001.10 1300001.14 3152 33 113
 1025 4369 3151 95 3 1300001.10 1300001.14 3152 33 97
 1025 4385 3151 95 3 1300001.10 1300001.14 3152 33 113
 1025 4401 3151 95 3 1300001.10 1300001.14 3152 33 113
 1025 4417 3151 95 3 1300001.10 1300001.14 3152 33 113
 1025 4433 3151 95 3 1300001.10 1300001.14 3152 33 113
 1025 4449 3151 95 3 1300001.10 1300001.14 3152 33 113
 1025 4369 3151 96 13 -13.90 -13.86 3152
 1041 4609 3151 92 104 1.10 6.14 3152
 1041 4593 3151 92 104 1.10 6.14 3152
 1041 4577 3151 92 104 1.10 6.14 3152
 1041 4561 3151 92 104 1.10 6.14 3152
 1041 4545 3151 92 104 1.10 6.14 3152
 1041 4529 3151 92 104 1.10 6.14 3152
 1041 4513 3151 92 101 1.10 6.14 3152
 1041 4353 3151 64 1 6.10 6.14 3152
 1041 4369 3151 64 2 6.10 6.14 3152
 1057 4753 3151 92 104 1.10 6.14 3152
 1057 4737 3151 92 104 1.10 6.14 3152
 1057 4721 3151 92 104 1.10 6.14 3152
 1057 4705 3151 92 104 1.10 6.14 3152
 1057 4689 3151 92 104 1.10 6.14 3152
 1057 4673 3151 92 104 1.10 6.14 3152
 1057 4657 3151 92 104 1.10 6.14 3152
 1057 4641 3151 92 104 1.10 6.14 3152
 1057 4625 3151 92 104 1.10 6.14 3152
 1057 4609 3151 92 104 1.10 6.14 3152
 1057 4593 3151 92 104 1.10 6.14 3152
 1057 4577 3151 92 104 1.10 6.14 3152
 1057 4561 3151 92 104 1.10 6.14 3152
 1057 4545 3151 92 104 1.10 6.14 3152
 1057 4529 3151 92 104 1.10 6.14 3152
 1057 4513 3151 92 101 1.10 6.14 3152
 1057 4497 3151 79 4 0.10 4.14 3152
 1057 4353 3151 64 1 6.10 6.14 3152
 1057 4369 3151 64 2 6.10 6.14 3152
 1057 4321 3151 67 1 1.10 1.14 3152
 1073 4753 3151 92 104 1.10 6.14 3152
 1073 4737 3151 92 104 1.10 6.14 3152
 1073 4721 3151 92 104 1.10 6.14 3152
 1073 4705 3151 92 104 1.10 6.14 3152
 1073 4689 3151 92 104 1.10 6.14 3152
 1073 4673 3151 92 104 1.10 6.14 3152
 1073 4657 3151 92 104 1.10 6.14 3152
 1073 4641 3151 92 104 1.10 6.14 3152
 1073 4625 3151 92 104 1.10 6.14 3152
 1073 4609 3151 92 104 1.10 6.14 3152
 1073 4593 3151 92 104 1.10 6.14 3152
 1073 4577 3151 92 104 1.10 6.14 3152
 1073 4561 3151 92 104 1.10 6.14 3152
 1073 4545 3151 92 104 1.10 6.14 3152
 1073 4529 3151 92 104 1.10 6.14 3152
 1073 4513 3151 92 101 1.10 6.14 3152
 1073 4465 3151 67 1 1.10 1.14 3152
 1073 4353 3151 64 1 6.10 6.14 3152
 1073 4369 3151 64 2 6.10 6.14 3152
 1073 4321 3151 67 1 1.10 1.14 3152
 1089 4753 3151 92 104 1.10 6.14 3152
 1089 4737 3151 92 104 1.10 6.14 3152
 1089 4721 3151 92 104 1.10 6.14 3152
 1089 4705 3151 92 104 1.10 6.14 3152
 1089 4689 3151 92 104 1.10 6.14 3152
 1089 4673 3151 92 104 1.10 6.14 3152
 1089 4657 3151 92 104 1.10 6.14 3152
 1089 4641 3151 92 104 1.10 6.14 3152
 1089 4625 3151 92 104 1.10 6.14 3152
 1089 4609 3151 92 104 1.10 6.14 3152
 1089 4593 3151 92 104 1.10 6.14 3152
 1089 4577 3151 92 104 1.10 6.14 3152
 1089 4561 3151 92 104 1.10 6.14 3152
 1089 4545 3151 92 104 1.10 6.14 3152
 1089 4529 3151 92 104 1.10 6.14 3152
 1089 4513 3151 92 101 1.10 6.14 3152
 1089 4481 3192 51 1 1.10 1.14 3193 1
 1089 4353 3151 64 1 6.10 6.14 3152
 1089 4369 3151 64 2 6.10 6.14 3152
 1089 4321 3151 67 1 1.10 1.14 3152
 1105 4753 3151 92 104 1.10 6.14 3152
 1105 4737 3151 92 104 1.10 6.14 3152
 1105 4721 3151 92 104 1.10 6.14 3152
 1105 4705 3151 92 104 1.10 6.14 3152
 1105 4689 3151 92 104 1.10 6.14 3152
 1105 4673 3151 92 104 1.10 6.14 3152
 1105 4657 3151 92 104 1.10 6.14 3152
 1105 4641 3151 92 104 1.10 6.14 3152
 1105 4625 3151 92 104 1.10 6.14 3152
 1105 4609 3151 92 104 1.10 6.14 3152
 1105 4593 3151 92 104 1.10 6.14 3152
 1105 4577 3151 92 104 1.10 6.14 3152
 1105 4561 3151 92 104 1.10 6.14 3152
 1105 4545 3151 92 104 1.10 6.14 3152
 1105 4529 3151 92 104 1.10 6.14 3152
 1105 4513 3151 92 101 1.10 6.14 3152
 1105 4481 3192 52 1 1.10 1.14 3193
 1105 4353 3151 64 1 6.10 6.14 3152
 1105 4369 3151 64 2 6.10 6.14 3152
 1121 4753 3151 92 104 1.10 6.14 3152
 1121 4737 3151 92 104 1.10 6.14 3152
 1121 4721 3151 92 104 1.10 6.14 3152
 1121 4705 3151 92 104 1.10 6.14 3152
 1121 4689 3151 92 104 1.10 6.14 3152
 1121 4673 3151 92 104 1.10 6.14 3152
 1121 4657 3151 92 104 1.10 6.14 3152
 1121 4641 3151 92 104 1.10 6.14 3152
 1121 4625 3151 92 104 1.10 6.14 3152
 1121 4609 3151 92 104 1.10 6.14 3152
 1121 4593 3151 92 104 1.10 6.14 3152
 1121 4577 3151 92 104 1.10 6.14 3152
 1121 4561 3151 92 104 1.10 6.14 3152
 1121 4545 3151 92 104 1.10 6.14 3152
 1121 4529 3151 92 104 1.10 6.14 3152
 1121 4513 3151 92 101 1.10 6.14 3152
 1121 4353 3151 64 1 6.10 6.14 3152
 1121 4369 3151 64 2 6.10 6.14 3152
 1137 4753 3151 92 104 1.10 6.14 3152
 1137 4737 3151 92 104 1.10 6.14 3152
 1137 4721 3151 92 104 1.10 6.14 3152
 1137 4705 3151 92 104 1.10 6.14 3152
 1137 4689 3151 92 104 1.10 6.14 3152
 1137 4673 3151 92 104 1.10 6.14 3152
 1137 4657 3151 92 104 1.10 6.14 3152
 1137 4641 3151 92 104 1.10 6.14 3152
 1137 4625 3151 92 104 1.10 6.14 3152
 1137 4609 3151 92 104 1.10 6.14 3152
 1137 4593 3151 92 104 1.10 6.14 3152
 1137 4577 3151 92 104 1.10 6.14 3152
 1137 4561 3151 92 104 1.10 6.14 3152
 1137 4545 3151 92 104 1.10 6.14 3152
 1137 4529 3151 92 104 1.10 6.14 3152
 1137 4513 3151 92 101 1.10 6.14 3152
 1137 4369 3151 64 2 6.10 6.14 3152
 1137 4353 3151 64 1 6.10 6.14 3152
 1153 4753 3151 92 105 1.10 6.14 3152
 1153 4737 3151 92 105 1.10 6.14 3152
 1153 4721 3151 92 105 1.10 6.14 3152
 1153 4705 3151 92 105 1.10 6.14 3152
 1153 4689 3151 92 105 1.10 6.14 3152
 1153 4673 3151 92 105 1.10 6.14 3152
 1153 4657 3151 92 105 1.10 6.14 3152
 1153 4641 3151 92 105 1.10 6.14 3152
 1153 4625 3151 92 105 1.10 6.14 3152
 1153 4609 3151 92 105 1.10 6.14 3152
 1153 4593 3151 92 105 1.10 6.14 3152
 1153 4577 3151 92 105 1.10 6.14 3152
 1153 4561 3151 92 105 1.10 6.14 3152
 1153 4545 3151 92 105 1.10 6.14 3152
 1153 4529 3151 92 105 1.10 6.14 3152
 1153 4513 3151 92 102 1.10 6.14 3152
 1153 4369 3151 64 2 6.10 6.14 3152
 1153 4353 3151 64 1 6.10 6.14 3152
 1169 4673 3151 64 4 6.10 6.14 3152
 1169 4657 3151 64 3 6.10 6.14 3152
 1169 4369 3151 64 2 6.10 6.14 3152
 1169 4353 3151 64 1 6.10 6.14 3152
 1185 4673 3151 64 4 6.10 6.14 3152
 1185 4657 3151 64 1 6.10 6.14 3152
 1185 4641 3192 71 1 1.10 1.14 3193
 1185 4369 3151 64 2 6.10 6.14 3152
 1185 4353 3151 64 1 6.10 6.14 3152
 1201 4673 3151 64 4 6.10 6.14 3152
 1201 4657 3151 64 3 6.10 6.14 3152
 1201 4369 3151 64 2 6.10 6.14 3152
 1201 4353 3151 64 1 6.10 6.14 3152
 1217 4673 3151 64 4 6.10 6.14 3152
 1217 4657 3151 64 3 6.10 6.14 3152
 1217 4369 3151 64 2 6.10 6.14 3152
 1217 4353 3151 64 1 6.10 6.14 3152
 1233 4753 3151 77 60 1.10 1.14 3152
 1233 4737 3151 77 60 1.10 1.14 3152
 1233 4721 3151 77 60 1.10 1.14 3152
 1233 4705 3151 77 60 1.10 1.14 3152
 1233 4689 3151 77 60 1.10 1.14 3152
 1233 4673 3151 77 60 1.10 1.14 3152
 1233 4657 3151 77 60 1.10 1.14 3152
 1233 4641 3151 77 60 1.10 1.14 3152
 1233 4625 3151 77 60 1.10 1.14 3152
 1233 4609 3151 77 60 1.10 1.14 3152
 1233 4593 3151 77 60 1.10 1.14 3152
 1233 4577 3151 77 60 1.10 1.14 3152
 1233 4561 3151 77 60 1.10 1.14 3152
 1233 4545 3151 77 60 1.10 1.14 3152
 1233 4529 3151 77 60 1.10 1.14 3152
 1233 4513 3151 77 60 1.10 1.14 3152
 1233 4497 3151 77 60 1.10 1.14 3152
 1233 4481 3151 77 60 1.10 1.14 3152
 1233 4465 3151 77 60 1.10 1.14 3152
 1233 4449 3151 77 60 1.10 1.14 3152
 1233 4433 3151 77 60 1.10 1.14 3152
 1233 4417 3151 77 60 1.10 1.14 3152
 1233 4401 3151 77 60 1.10 1.14 3152
 1233 4385 3151 77 60 1.10 1.14 3152
 1233 4369 3151 77 60 1.10 1.14 3152
 1233 4353 3151 77 60 1.10 1.14 3152
 1233 4337 3151 77 60 1.10 1.14 3152
 1233 4321 3151 77 60 1.10 1.14 3152
 1233 4305 3151 77 60 1.10 1.14 3152
 1233 4289 3151 77 70 1.10 1.14 3152
 1233 4017 3196 66 4 1.10 1.14 3197
 1249 4753 3151 77 61 1.10 1.14 3152
 1249 4737 3151 77 61 1.10 1.14 3152
 1249 4721 3151 77 61 1.10 1.14 3152
 1249 4609 3151 77 61 1.10 1.14 3152
 1249 4593 3151 77 61 1.10 1.14 3152
 1249 4577 3151 77 61 1.10 1.14 3152
 1249 4561 3151 77 61 1.10 1.14 3152
 1249 4625 3195 77 87 1.10 1.14 3196
 1249 4545 3151 77 61 1.10 1.14 3152
 1249 4529 3151 77 61 1.10 1.14 3152
 1249 4513 3151 77 61 1.10 1.14 3152
 1249 4497 3151 77 61 1.10 1.14 3152
 1249 4481 3151 77 61 1.10 1.14 3152
 1249 4465 3151 77 61 1.10 1.14 3152
 1249 4449 3151 77 61 1.10 1.14 3152
 1249 4433 3151 77 61 1.10 1.14 3152
 1249 4417 3151 77 61 1.10 1.14 3152
 1249 4401 3151 77 61 1.10 1.14 3152
 1249 4385 3151 77 61 1.10 1.14 3152
 1249 4369 3151 77 61 1.10 1.14 3152
 1249 4353 3151 77 61 1.10 1.14 3152
 1249 4337 3151 77 61 1.10 1.14 3152
 1249 4321 3151 77 61 1.10 1.14 3152
 1249 4305 3151 77 61 1.10 1.14 3152
 1249 4289 3151 77 58 1.10 1.14 3152
 1249 4241 3151 67 1 1.10 1.14 3152
 1249 4225 3151 67 1 1.10 1.14 3152
 1265 4753 3151 77 61 1.10 1.14 3152
 1265 4737 3151 77 61 1.10 1.14 3152
 1265 4721 3151 77 61 1.10 1.14 3152
 1265 4609 3151 77 61 1.10 1.14 3152
 1265 4593 3151 77 61 1.10 1.14 3152
 1265 4577 3151 77 61 1.10 1.14 3152
 1265 4561 3151 77 61 1.10 1.14 3152
 1265 4545 3151 77 61 1.10 1.14 3152
 1265 4529 3151 77 61 1.10 1.14 3152
 1265 4513 3151 77 61 1.10 1.14 3152
 1265 4497 3151 77 61 1.10 1.14 3152
 1265 4481 3151 77 61 1.10 1.14 3152
 1265 4465 3151 77 61 1.10 1.14 3152
 1265 4449 3151 77 61 1.10 1.14 3152
 1265 4433 3151 77 61 1.10 1.14 3152
 1265 4417 3151 77 61 1.10 1.14 3152
 1265 4401 3151 77 61 1.10 1.14 3152
 1265 4385 3151 77 61 1.10 1.14 3152
 1265 4369 3151 77 61 1.10 1.14 3152
 1265 4353 3151 77 61 1.10 1.14 3152
 1265 4337 3151 77 61 1.10 1.14 3152
 1265 4321 3151 77 61 1.10 1.14 3152
 1265 4305 3151 77 61 1.10 1.14 3152
 1265 4289 3151 77 58 1.10 1.14 3152
 1265 4241 3151 67 1 1.10 1.14 3152
 1265 4225 3151 67 1 1.10 1.14 3152
 1281 4753 3151 77 61 1.10 1.14 3152
 1281 4737 3151 77 61 1.10 1.14 3152
 1281 4721 3151 77 61 1.10 1.14 3152
 1281 4609 3151 77 61 1.10 1.14 3152
 1281 4593 3151 77 61 1.10 1.14 3152
 1281 4577 3151 77 61 1.10 1.14 3152
 1281 4561 3151 77 61 1.10 1.14 3152
 1281 4545 3151 77 61 1.10 1.14 3152
 1281 4529 3151 77 61 1.10 1.14 3152
 1281 4513 3151 77 61 1.10 1.14 3152
 1281 4497 3151 77 61 1.10 1.14 3152
 1281 4481 3151 77 61 1.10 1.14 3152
 1281 4465 3151 77 61 1.10 1.14 3152
 1281 4449 3151 77 61 1.10 1.14 3152
 1281 4433 3151 77 61 1.10 1.14 3152
 1281 4417 3151 77 61 1.10 1.14 3152
 1281 4401 3151 77 61 1.10 1.14 3152
 1281 4385 3151 77 61 1.10 1.14 3152
 1281 4369 3151 77 61 1.10 1.14 3152
 1281 4353 3151 77 61 1.10 1.14 3152
 1281 4337 3151 77 61 1.10 1.14 3152
 1281 4321 3151 77 61 1.10 1.14 3152
 1281 4305 3151 77 61 1.10 1.14 3152
 1281 4289 3151 77 58 1.10 1.14 3152
 1281 4241 3151 67 1 1.10 1.14 3152
 1281 4225 3151 67 1 1.10 1.14 3152
 1297 4753 3151 77 61 1.10 1.14 3152
 1297 4737 3151 77 61 1.10 1.14 3152
 1297 4721 3151 77 61 1.10 1.14 3152
 1297 4609 3151 77 61 1.10 1.14 3152
 1297 4593 3151 77 61 1.10 1.14 3152
 1297 4577 3151 77 61 1.10 1.14 3152
 1297 4561 3151 77 61 1.10 1.14 3152
 1297 4545 3151 77 61 1.10 1.14 3152
 1297 4529 3151 77 61 1.10 1.14 3152
 1297 4513 3151 77 61 1.10 1.14 3152
 1297 4497 3151 77 61 1.10 1.14 3152
 1297 4481 3151 77 61 1.10 1.14 3152
 1297 4465 3151 77 61 1.10 1.14 3152
 1297 4449 3151 77 61 1.10 1.14 3152
 1297 4433 3151 77 61 1.10 1.14 3152
 1297 4417 3151 77 61 1.10 1.14 3152
 1297 4401 3151 77 61 1.10 1.14 3152
 1297 4385 3151 77 61 1.10 1.14 3152
 1297 4369 3151 77 61 1.10 1.14 3152
 1297 4353 3151 77 61 1.10 1.14 3152
 1297 4337 3151 77 61 1.10 1.14 3152
 1297 4321 3151 77 61 1.10 1.14 3152
 1297 4305 3151 77 61 1.10 1.14 3152
 1297 4289 3151 77 58 1.10 1.14 3152
 1313 4753 3151 77 61 1.10 1.14 3152
 1313 4737 3151 77 61 1.10 1.14 3152
 1313 4721 3151 77 61 1.10 1.14 3152
 1313 4609 3151 77 61 1.10 1.14 3152
 1313 4593 3151 77 61 1.10 1.14 3152
 1313 4577 3151 77 61 1.10 1.14 3152
 1313 4561 3151 77 61 1.10 1.14 3152
 1313 4545 3151 77 61 1.10 1.14 3152
 1313 4529 3151 77 61 1.10 1.14 3152
 1313 4513 3151 77 61 1.10 1.14 3152
 1313 4497 3151 77 61 1.10 1.14 3152
 1313 4481 3151 77 61 1.10 1.14 3152
 1313 4465 3151 77 61 1.10 1.14 3152
 1313 4449 3151 77 61 1.10 1.14 3152
 1313 4433 3151 77 61 1.10 1.14 3152
 1313 4417 3151 77 61 1.10 1.14 3152
 1313 4401 3151 77 61 1.10 1.14 3152
 1313 4385 3151 77 61 1.10 1.14 3152
 1313 4369 3151 77 61 1.10 1.14 3152
 1313 4353 3151 77 61 1.10 1.14 3152
 1313 4337 3151 77 61 1.10 1.14 3152
 1313 4321 3151 77 61 1.10 1.14 3152
 1313 4305 3151 77 61 1.10 1.14 3152
 1313 4289 3151 77 58 1.10 1.14 3152
 1313 4001 3151 67 1 1.10 1.14 3152
 1313 3985 3151 67 1 1.10 1.14 3152
 1313 3969 3151 67 1 1.10 1.14 3152
 1329 4417 3151 77 61 1.10 1.14 3152
 1329 4401 3151 77 61 1.10 1.14 3152
 1329 4385 3151 77 61 1.10 1.14 3152
 1329 4369 3151 77 61 1.10 1.14 3152
 1329 4353 3151 77 61 1.10 1.14 3152
 1329 4337 3151 77 61 1.10 1.14 3152
 1329 4321 3151 77 61 1.10 1.14 3152
 1329 4305 3151 77 61 1.10 1.14 3152
 1329 4289 3151 77 68 1.10 1.14 3152
 1329 4273 3151 77 60 1.10 1.14 3152
 1329 4257 3151 77 60 1.10 1.14 3152
 1329 4241 3151 77 60 1.10 1.14 3152
 1329 4225 3151 77 57 1.10 1.14 3152
 1329 4193 3151 77 63 1.10 1.14 3152
 1329 4177 3151 77 60 1.10 1.14 3152
 1329 4161 3151 77 57 1.10 1.14 3152
 1329 4129 3151 77 78 1.10 1.14 3152
 1329 4113 3151 77 60 1.10 1.14 3152
 1329 4097 3151 77 57 1.10 1.14 3152
 1329 4001 3151 67 1 1.10 1.14 3152
 1329 3985 3151 67 1 1.10 1.14 3152
 1329 3969 3151 67 1 1.10 1.14 3152
 1345 4417 3151 77 61 1.10 1.14 3152
 1345 4401 3151 77 61 1.10 1.14 3152
 1345 4385 3151 77 61 1.10 1.14 3152
 1345 4369 3151 77 61 1.10 1.14 3152
 1345 4353 3151 77 61 1.10 1.14 3152
 1345 4337 3151 77 61 1.10 1.14 3152
 1345 4321 3151 77 61 1.10 1.14 3152
 1345 4305 3151 77 61 1.10 1.14 3152
 1345 4289 3151 77 61 1.10 1.14 3152
 1345 4273 3151 77 61 1.10 1.14 3152
 1345 4257 3151 77 61 1.10 1.14 3152
 1345 4241 3151 77 61 1.10 1.14 3152
 1345 4225 3151 77 68 1.10 1.14 3152
 1345 4209 3151 77 60 1.10 1.14 3152
 1345 4193 3151 77 67 1.10 1.14 3152
 1345 4177 3151 77 61 1.10 1.14 3152
 1345 4161 3151 77 68 1.10 1.14 3152
 1345 4145 3151 77 60 1.10 1.14 3152
 1345 4129 3151 77 67 1.10 1.14 3152
 1345 4113 3151 77 61 1.10 1.14 3152
 1345 4097 3151 77 58 1.10 1.14 3152
 1345 4065 3192 51 1 1.10 1.14 3193 2
 1345 4001 3151 67 1 1.10 1.14 3152
 1345 3985 3151 67 1 1.10 1.14 3152
 1345 3969 3151 67 1 1.10 1.14 3152
 1361 4417 3151 77 61 1.10 1.14 3152
 1361 4401 3151 77 61 1.10 1.14 3152
 1361 4385 3151 77 61 1.10 1.14 3152
 1361 4369 3151 77 61 1.10 1.14 3152
 1361 4353 3151 77 61 1.10 1.14 3152
 1361 4337 3151 77 61 1.10 1.14 3152
 1361 4321 3151 77 61 1.10 1.14 3152
 1361 4305 3151 77 61 1.10 1.14 3152
 1361 4289 3151 77 61 1.10 1.14 3152
 1361 4273 3151 77 61 1.10 1.14 3152
 1361 4257 3151 77 61 1.10 1.14 3152
 1361 4241 3151 77 61 1.10 1.14 3152
 1361 4225 3151 77 61 1.10 1.14 3152
 1361 4209 3151 77 61 1.10 1.14 3152
 1361 4193 3151 77 61 1.10 1.14 3152
 1361 4177 3151 77 61 1.10 1.14 3152
 1361 4161 3151 77 61 1.10 1.14 3152
 1361 4145 3151 77 61 1.10 1.14 3152
 1361 4129 3151 77 61 1.10 1.14 3152
 1361 4113 3151 77 61 1.10 1.14 3152
 1361 4097 3151 77 58 1.10 1.14 3152
 1361 4001 3151 67 1 1.10 1.14 3152
 1361 3985 3151 67 1 1.10 1.14 3152
 1361 3969 3151 67 1 1.10 1.14 3152
 1377 4417 3151 77 61 1.10 1.14 3152
 1377 4401 3151 77 61 1.10 1.14 3152
 1377 4385 3151 77 61 1.10 1.14 3152
 1377 4369 3151 77 61 1.10 1.14 3152
 1377 4353 3151 77 61 1.10 1.14 3152
 1377 4337 3151 77 61 1.10 1.14 3152
 1377 4321 3151 77 61 1.10 1.14 3152
 1377 4305 3151 77 61 1.10 1.14 3152
 1377 4289 3151 77 61 1.10 1.14 3152
 1377 4273 3151 77 61 1.10 1.14 3152
 1377 4257 3151 77 61 1.10 1.14 3152
 1377 4241 3151 77 61 1.10 1.14 3152
 1377 4225 3151 77 61 1.10 1.14 3152
 1377 4209 3151 77 61 1.10 1.14 3152
 1377 4193 3151 77 61 1.10 1.14 3152
 1377 4177 3151 77 61 1.10 1.14 3152
 1377 4161 3151 77 61 1.10 1.14 3152
 1377 4145 3151 77 61 1.10 1.14 3152
 1377 4129 3151 77 61 1.10 1.14 3152
 1377 4113 3151 77 61 1.10 1.14 3152
 1377 4097 3151 77 58 1.10 1.14 3152
 1393 4417 3151 77 61 1.10 1.14 3152
 1393 4401 3151 77 61 1.10 1.14 3152
 1393 4385 3151 77 61 1.10 1.14 3152
 1393 4369 3151 77 61 1.10 1.14 3152
 1393 4353 3151 77 61 1.10 1.14 3152
 1393 4337 3151 77 61 1.10 1.14 3152
 1393 4321 3151 77 61 1.10 1.14 3152
 1393 4305 3151 77 61 1.10 1.14 3152
 1393 4289 3151 77 61 1.10 1.14 3152
 1393 4273 3151 77 61 1.10 1.14 3152
 1393 4257 3151 77 61 1.10 1.14 3152
 1393 4241 3151 77 61 1.10 1.14 3152
 1393 4225 3151 77 61 1.10 1.14 3152
 1393 4209 3151 77 61 1.10 1.14 3152
 1393 4193 3151 77 61 1.10 1.14 3152
 1393 4177 3151 77 61 1.10 1.14 3152
 1393 4161 3151 77 61 1.10 1.14 3152
 1393 4145 3151 77 61 1.10 1.14 3152
 1393 4129 3151 77 61 1.10 1.14 3152
 1393 4113 3151 77 61 1.10 1.14 3152
 1393 4097 3151 77 58 1.10 1.14 3152
 1409 4417 3151 77 61 1.10 1.14 3152
 1409 4401 3151 77 61 1.10 1.14 3152
 1409 4385 3151 77 61 1.10 1.14 3152
 1409 4369 3151 77 61 1.10 1.14 3152
 1409 4353 3151 77 61 1.10 1.14 3152
 1409 4337 3151 77 61 1.10 1.14 3152
 1409 4321 3151 77 61 1.10 1.14 3152
 1409 4305 3151 77 61 1.10 1.14 3152
 1409 4289 3151 77 61 1.10 1.14 3152
 1409 4273 3151 77 61 1.10 1.14 3152
 1409 4257 3151 77 61 1.10 1.14 3152
 1409 4241 3151 77 61 1.10 1.14 3152
 1409 4225 3151 77 61 1.10 1.14 3152
 1409 4209 3151 77 61 1.10 1.14 3152
 1409 4193 3151 77 61 1.10 1.14 3152
 1409 4177 3151 77 61 1.10 1.14 3152
 1409 4161 3151 77 61 1.10 1.14 3152
 1409 4145 3151 77 61 1.10 1.14 3152
 1409 4129 3151 77 61 1.10 1.14 3152
 1409 4113 3151 77 61 1.10 1.14 3152
 1409 4097 3151 77 58 1.10 1.14 3152
 1409 4001 3151 64 2 6.10 6.14 3152
 1425 4417 3151 77 61 1.10 1.14 3152
 1425 4401 3151 77 61 1.10 1.14 3152
 1425 4385 3151 77 61 1.10 1.14 3152
 1425 4369 3151 77 61 1.10 1.14 3152
 1425 4353 3151 77 61 1.10 1.14 3152
 1425 4337 3151 77 61 1.10 1.14 3152
 1425 4321 3151 77 61 1.10 1.14 3152
 1425 4305 3151 77 61 1.10 1.14 3152
 1425 4289 3151 77 61 1.10 1.14 3152
 1425 4273 3151 77 61 1.10 1.14 3152
 1425 4257 3151 77 61 1.10 1.14 3152
 1425 4241 3151 77 61 1.10 1.14 3152
 1425 4225 3151 77 61 1.10 1.14 3152
 1425 4209 3151 77 61 1.10 1.14 3152
 1425 4193 3151 77 61 1.10 1.14 3152
 1425 4177 3151 77 61 1.10 1.14 3152
 1425 4161 3151 77 61 1.10 1.14 3152
 1425 4145 3151 77 61 1.10 1.14 3152
 1425 4129 3151 77 61 1.10 1.14 3152
 1425 4113 3151 77 61 1.10 1.14 3152
 1425 4097 3151 77 68 1.10 1.14 3152
 1425 4081 3151 77 60 1.10 1.14 3152
 1425 4065 3151 77 60 1.10 1.14 3152
 1425 4049 3151 77 60 1.10 1.14 3152
 1425 4033 3151 77 60 1.10 1.14 3152
 1425 4017 3151 77 60 1.10 1.14 3152
 1425 4001 3151 77 60 1.10 1.14 3152
 1425 3985 3151 77 60 1.10 1.14 3152
 1425 3969 3151 77 60 1.10 1.14 3152
 1425 3953 3151 77 70 1.10 1.14 3152
 1441 4417 3151 77 61 1.10 1.14 3152
 1441 4401 3151 77 61 1.10 1.14 3152
 1441 4385 3151 77 61 1.10 1.14 3152
 1441 4369 3151 77 61 1.10 1.14 3152
 1441 4353 3151 77 61 1.10 1.14 3152
 1441 4337 3151 77 61 1.10 1.14 3152
 1441 4321 3151 77 61 1.10 1.14 3152
 1441 4305 3151 77 61 1.10 1.14 3152
 1441 4289 3151 77 61 1.10 1.14 3152
 1441 4273 3151 77 61 1.10 1.14 3152
 1441 4257 3151 77 61 1.10 1.14 3152
 1441 4241 3151 77 61 1.10 1.14 3152
 1441 4225 3151 77 61 1.10 1.14 3152
 1441 4209 3151 77 61 1.10 1.14 3152
 1441 4193 3151 77 61 1.10 1.14 3152
 1441 4177 3151 77 61 1.10 1.14 3152
 1441 4161 3151 77 61 1.10 1.14 3152
 1441 4145 3151 77 61 1.10 1.14 3152
 1441 4129 3151 77 61 1.10 1.14 3152
 1441 4113 3151 77 61 1.10 1.14 3152
 1441 4097 3151 77 61 1.10 1.14 3152
 1441 4033 3693 77 86 1.10 1.14 3694
 1441 3953 3151 77 58 1.10 1.14 3152
 1441 3969 3693 77 86 1.10 1.14 3694
 1457 4161 3693 77 86 1.10 1.14 3694
 1457 4097 3693 77 86 1.10 1.14 3694
 1457 3953 3151 77 58 1.10 1.14 3152
 1473 3953 3151 77 58 1.10 1.14 3152
 1473 3921 3192 67 26 1.10 1.14 3193
 1489 3953 3151 77 58 1.10 1.14 3152
 1505 4081 3151 77 61 1.10 1.14 3152
 1505 4065 3151 77 61 1.10 1.14 3152
 1505 4049 3151 77 61 1.10 1.14 3152
 1505 4033 3151 77 61 1.10 1.14 3152
 1505 4017 3151 77 61 1.10 1.14 3152
 1505 4001 3151 77 61 1.10 1.14 3152
 1505 3985 3151 77 61 1.10 1.14 3152
 1505 3969 3151 77 61 1.10 1.14 3152
 1505 3953 3151 77 58 1.10 1.14 3152
 1521 4161 3693 77 86 1.10 1.14 3694
 1521 4097 3693 77 86 1.10 1.14 3694
 1521 4081 3151 77 61 1.10 1.14 3152
 1521 4065 3151 77 61 1.10 1.14 3152
 1521 4049 3151 77 61 1.10 1.14 3152
 1521 4033 3151 77 61 1.10 1.14 3152
 1521 4017 3151 77 61 1.10 1.14 3152
 1521 4001 3151 77 61 1.10 1.14 3152
 1521 3985 3151 77 61 1.10 1.14 3152
 1521 3969 3151 77 61 1.10 1.14 3152
 1521 3953 3151 77 58 1.10 1.14 3152
 1521 3905 3151 67 1 1.10 1.14 3152
 1537 4081 3151 77 61 1.10 1.14 3152
 1537 4065 3151 77 61 1.10 1.14 3152
 1537 4049 3151 77 75 1.10 1.14 3152
 1537 4033 3151 77 62 1.10 1.14 3152
 1537 4017 3151 77 62 1.10 1.14 3152
 1537 4001 3151 77 62 1.10 1.14 3152
 1537 3985 3151 77 62 1.10 1.14 3152
 1537 3969 3151 77 62 1.10 1.14 3152
 1537 3953 3151 77 59 1.10 1.14 3152
 1537 3905 3151 67 1 1.10 1.14 3152
 1553 4081 3151 77 61 1.10 1.14 3152
 1553 4065 3151 77 61 1.10 1.14 3152
 1553 4049 3151 77 76 1.10 1.14 3152
 1553 3905 3151 67 1 1.10 1.14 3152
 1569 4081 3151 77 61 1.10 1.14 3152
 1569 4065 3151 77 75 1.10 1.14 3152
 1569 4049 3151 77 77 1.10 1.14 3152
 1569 3921 3151 67 1 1.10 1.14 3152
 1585 3377 3151 84 1 6.10 6.14 3152
 1585 3345 3192 71 2 1.10 1.14 3193
 1585 4145 3195 77 87 1.10 1.14 3196
 1585 4129 3151 77 61 1.10 1.14 3152
 1585 4113 3151 77 61 1.10 1.14 3152
 1585 4097 3151 77 61 1.10 1.14 3152
 1585 4081 3151 77 75 1.10 1.14 3152
 1585 4065 3151 77 71 1.10 1.14 3152
 1585 3985 3151 67 1 1.10 1.14 3152
 1585 3969 3151 67 1 1.10 1.14 3152
 1585 3953 3151 67 1 1.10 1.14 3152
 1585 3937 3151 67 1 1.10 1.14 3152
 1601 4129 3151 77 61 1.10 1.14 3152
 1601 4113 3151 77 61 1.10 1.14 3152
 1601 4097 3151 77 69 1.10 1.14 3152
 1601 4081 3151 77 71 1.10 1.14 3152
 1601 3873 3151 72 33 1.10 -4.86 3152
 1601 3585 3151 67 1 1.10 1.14 3152
 1601 3601 3151 67 1 1.10 1.14 3152
 1617 4129 3151 77 61 1.10 1.14 3152
 1617 4113 3151 77 61 1.10 1.14 3152
 1617 4097 3151 77 58 1.10 1.14 3152
 1617 4065 3192 71 1 1.10 1.14 3193
 1617 3873 3151 72 36 1.10 -4.86 3152
 1617 3569 3151 67 1 1.10 1.14 3152
 1617 3809 3151 72 33 1.10 -4.86 3152
 1633 4129 3151 77 61 1.10 1.14 3152
 1633 4113 3151 77 61 1.10 1.14 3152
 1633 4097 3151 77 58 1.10 1.14 3152
 1633 3873 3151 72 36 1.10 -4.86 3152
 1633 3553 3151 67 1 1.10 1.14 3152
 1633 3633 3151 72 33 1.10 -4.86 3152
 1633 3697 3151 72 33 1.10 -4.86 3152
 1633 3745 3151 72 33 1.10 -4.86 3152
 1633 3809 3151 72 36 1.10 -4.86 3152
 1649 4129 3151 77 61 1.10 1.14 3152
 1649 4113 3151 77 61 1.10 1.14 3152
 1649 4097 3151 77 68 1.10 1.14 3152
 1649 4081 3151 77 60 1.10 1.14 3152
 1649 4065 3151 77 60 1.10 1.14 3152
 1649 4049 3151 77 60 1.10 1.14 3152
 1649 4033 3151 77 60 1.10 1.14 3152
 1649 4017 3151 77 60 1.10 1.14 3152
 1649 4001 3151 77 60 1.10 1.14 3152
 1649 3985 3151 77 60 1.10 1.14 3152
 1649 3969 3151 77 60 1.10 1.14 3152
 1649 3953 3151 77 60 1.10 1.14 3152
 1649 3937 3151 77 60 1.10 1.14 3152
 1649 3921 3151 77 60 1.10 1.14 3152
 1649 3905 3151 77 60 1.10 1.14 3152
 1649 3889 3151 77 57 1.10 1.14 3152
 1649 3873 3151 72 36 1.10 -4.86 3152
 1649 3809 3151 72 36 1.10 -4.86 3152
 1649 3553 3151 67 1 1.10 1.14 3152
 1649 3633 3151 72 36 1.10 -4.86 3152
 1649 3697 3151 72 36 1.10 -4.86 3152
 1649 3745 3151 72 36 1.10 -4.86 3152
 1665 3361 3151 84 7 6.10 6.14 3152
 1665 3377 3151 84 4 6.10 6.14 3152
 1665 4129 3151 77 61 1.10 1.14 3152
 1665 4113 3151 77 61 1.10 1.14 3152
 1665 4097 3151 77 61 1.10 1.14 3152
 1665 4081 3151 77 61 1.10 1.14 3152
 1665 4065 3151 77 61 1.10 1.14 3152
 1665 4049 3151 77 61 1.10 1.14 3152
 1665 4033 3151 77 61 1.10 1.14 3152
 1665 4017 3151 77 61 1.10 1.14 3152
 1665 4001 3151 77 61 1.10 1.14 3152
 1665 3985 3151 77 61 1.10 1.14 3152
 1665 3969 3151 77 61 1.10 1.14 3152
 1665 3953 3151 77 61 1.10 1.14 3152
 1665 3937 3151 77 61 1.10 1.14 3152
 1665 3921 3151 77 61 1.10 1.14 3152
 1665 3905 3151 77 61 1.10 1.14 3152
 1665 3889 3151 77 68 1.10 1.14 3152
 1665 3873 3151 77 60 1.10 1.14 3152
 1665 3857 3151 77 60 1.10 1.14 3152
 1665 3841 3151 77 60 1.10 1.14 3152
 1665 3825 3151 77 60 1.10 1.14 3152
 1665 3809 3151 77 60 1.10 1.14 3152
 1665 3793 3151 77 60 1.10 1.14 3152
 1665 3537 3151 67 1 1.10 1.14 3152
 1665 3617 3151 77 70 1.10 1.14 3152
 1665 3633 3151 77 60 1.10 1.14 3152
 1665 3649 3151 77 60 1.10 1.14 3152
 1665 3665 3151 77 60 1.10 1.14 3152
 1665 3681 3151 77 60 1.10 1.14 3152
 1665 3697 3151 77 60 1.10 1.14 3152
 1665 3713 3151 77 60 1.10 1.14 3152
 1665 3729 3151 77 60 1.10 1.14 3152
 1665 3745 3151 77 60 1.10 1.14 3152
 1665 3761 3151 77 60 1.10 1.14 3152
 1665 3777 3151 77 60 1.10 1.14 3152
 1681 4177 3151 77 61 1.10 1.14 3152
 1681 4081 3195 77 87 1.10 1.14 3196
 1681 3361 3151 84 8 6.10 6.14 3152
 1681 3377 3151 84 5 6.10 6.14 3152
 1681 4017 3693 77 86 1.10 1.14 3694
 1681 3921 3195 77 87 1.10 1.14 3196
 1681 3825 3195 77 87 1.10 1.14 3196
 1681 3537 3151 67 1 1.10 1.14 3152
 1681 3601 3151 77 70 1.10 1.14 3152
 1681 3617 3151 77 68 1.10 1.14 3152
 1681 3729 3195 77 87 1.10 1.14 3196
 1681 3633 3195 77 87 1.10 1.14 3196
 1697 4177 3151 77 61 1.10 1.14 3152
 1697 3361 3151 84 8 6.10 6.14 3152
 1697 3377 3151 84 5 6.10 6.14 3152
 1697 3537 3151 67 1 1.10 1.14 3152
 1697 3601 3151 77 58 1.10 1.14 3152
 1697 3617 3151 77 61 1.10 1.14 3152
 1713 4177 3151 77 61 1.10 1.14 3152
 1713 3361 3151 84 8 6.10 6.14 3152
 1713 3377 3151 84 5 6.10 6.14 3152
 1713 3601 3151 77 58 1.10 1.14 3152
 1713 3617 3151 77 61 1.10 1.14 3152
 1729 4177 3151 77 61 1.10 1.14 3152
 1729 3361 3151 84 8 6.10 6.14 3152
 1729 3377 3151 84 5 6.10 6.14 3152
 1729 3601 3151 77 58 1.10 1.14 3152
 1729 3617 3151 77 61 1.10 1.14 3152
 1745 4177 3151 77 61 1.10 1.14 3152
 1745 4017 3693 77 86 1.10 1.14 3694
 1745 3361 3151 84 9 6.10 6.14 3152
 1745 3377 3151 84 6 6.10 6.14 3152
 1745 3601 3151 77 58 1.10 1.14 3152
 1745 3617 3151 77 61 1.10 1.14 3152
 1761 4177 3151 77 61 1.10 1.14 3152
 1761 3601 3151 77 58 1.10 1.14 3152
 1761 3617 3151 77 61 1.10 1.14 3152
 1777 3713 3151 77 61 1.10 1.14 3152
 1777 3601 3151 77 58 1.10 1.14 3152
 1777 3617 3195 77 87 1.10 1.14 3196
 1793 3713 3151 77 61 1.10 1.14 3152
 1793 3361 3151 84 7 6.10 6.14 3152
 1793 3377 3151 84 4 6.10 6.14 3152
 1793 3601 3151 77 58 1.10 1.14 3152
 1809 3713 3151 77 61 1.10 1.14 3152
 1809 3361 3151 84 9 6.10 6.14 3152
 1809 3377 3151 84 5 6.10 6.14 3152
 1809 3601 3151 77 58 1.10 1.14 3152
 1825 3217 3151 84 7 6.10 6.14 3152
 1825 3233 3151 84 4 6.10 6.14 3152
 1825 3713 3151 77 61 1.10 1.14 3152
 1825 3361 3151 64 3 6.10 6.14 3152
 1825 3377 3151 64 4 6.10 6.14 3152
 1825 3601 3151 77 58 1.10 1.14 3152
 1841 3217 3151 84 8 6.10 6.14 3152
 1841 3233 3151 4 3 1400001.10 1400001.14 3152
 1841 3249 3151 4 4 1400001.10 1400001.14 3152
 1841 3265 3151 4 4 1400001.10 1400001.14 3152
 1841 3281 3151 4 4 1400001.10 1400001.14 3152
 1841 3297 3151 4 4 1400001.10 1400001.14 3152
 1841 3713 3151 77 61 1.10 1.14 3152
 1841 3313 3151 4 4 1400001.10 1400001.14 3152
 1841 3329 3151 4 4 1400001.10 1400001.14 3152
 1841 3345 3151 4 4 1400001.10 1400001.14 3152
 1841 3361 3151 4 4 1400001.10 1400001.14 3152
 1841 3377 3151 4 4 1400001.10 1400001.14 3152
 1841 3393 3151 4 4 1400001.10 1400001.14 3152
 1841 3409 3151 4 4 1400001.10 1400001.14 3152
 1841 3425 3151 4 4 1400001.10 1400001.14 3152
 1841 3441 3151 4 4 1400001.10 1400001.14 3152
 1841 3457 3151 4 4 1400001.10 1400001.14 3152
 1841 3473 3151 4 4 1400001.10 1400001.14 3152
 1841 3489 3151 4 4 1400001.10 1400001.14 3152
 1841 3505 3151 4 4 1400001.10 1400001.14 3152
 1841 3521 3151 4 4 1400001.10 1400001.14 3152
 1841 3537 3151 4 4 1400001.10 1400001.14 3152
 1841 3553 3151 4 4 1400001.10 1400001.14 3152
 1841 3569 3151 4 4 1400001.10 1400001.14 3152
 1841 3585 3151 4 4 1400001.10 1400001.14 3152
 1841 3601 3151 4 4 1400001.10 1400001.14 3152
 1841 3377 3151 95 3 1300001.10 1300001.14 3152 177 177
 1841 3361 3151 64 3 6.10 6.14 3152
 1841 3601 3151 77 58 1.10 1.14 3152
 1841 3377 3151 96 2 -13.90 -13.86 3152
 1857 3713 3151 77 61 1.10 1.14 3152
 1857 3601 3151 4 4 1400001.10 1400001.14 3152
 1857 3601 3151 77 58 1.10 1.14 3152
 1857 3473 3151 4 4 1400001.10 1400001.14 3152
 1857 3489 3151 4 4 1400001.10 1400001.14 3152
 1857 3505 3151 4 4 1400001.10 1400001.14 3152
 1857 3521 3151 4 4 1400001.10 1400001.14 3152
 1857 3537 3151 4 4 1400001.10 1400001.14 3152
 1857 3553 3151 4 4 1400001.10 1400001.14 3152
 1857 3569 3151 4 4 1400001.10 1400001.14 3152
 1857 3585 3151 4 4 1400001.10 1400001.14 3152
 1857 3457 3151 4 4 1400001.10 1400001.14 3152
 1857 3441 3151 4 4 1400001.10 1400001.14 3152
 1857 3425 3151 4 4 1400001.10 1400001.14 3152
 1857 3233 3151 4 3 1400001.10 1400001.14 3152
 1857 3249 3151 4 4 1400001.10 1400001.14 3152
 1857 3265 3151 4 4 1400001.10 1400001.14 3152
 1857 3281 3151 4 4 1400001.10 1400001.14 3152
 1857 3297 3151 4 4 1400001.10 1400001.14 3152
 1857 3313 3151 4 4 1400001.10 1400001.14 3152
 1857 3329 3151 4 4 1400001.10 1400001.14 3152
 1857 3345 3151 4 4 1400001.10 1400001.14 3152
 1857 3361 3151 4 4 1400001.10 1400001.14 3152
 1857 3377 3151 4 4 1400001.10 1400001.14 3152
 1857 3393 3151 4 4 1400001.10 1400001.14 3152
 1857 3409 3151 4 4 1400001.10 1400001.14 3152
 1857 3377 3151 95 3 1300001.10 1300001.14 3152 177 177
 1857 3217 3151 84 8 6.10 6.14 3152
 1857 3361 3151 64 3 6.10 6.14 3152
 1857 3377 3151 96 2 -13.90 -13.86 3152
 1873 3617 3195 77 87 1.10 1.14 3196
 1873 3601 3151 77 58 1.10 1.14 3152
 1873 3217 3151 84 9 6.10 6.14 3152
 1873 3233 3151 84 6 6.10 6.14 3152
 1873 3361 3151 64 3 6.10 6.14 3152
 1873 3377 3151 64 4 6.10 6.14 3152
 1889 3601 3151 77 68 1.10 1.14 3152
 1889 3585 3151 77 70 1.10 1.14 3152
 1889 3361 3151 64 3 6.10 6.14 3152
 1889 3377 3151 64 4 6.10 6.14 3152
 1905 3601 3151 77 61 1.10 1.14 3152
 1905 3585 3151 77 58 1.10 1.14 3152
 1905 3377 3151 64 4 6.10 6.14 3152
 1905 3361 3151 64 3 6.10 6.14 3152
 1921 3601 3151 77 61 1.10 1.14 3152
 1921 3585 3151 77 68 1.10 1.14 3152
 1921 3569 3151 77 70 1.10 1.14 3152
 1921 3377 3151 64 4 6.10 6.14 3152
 1921 3361 3151 64 3 6.10 6.14 3152
 1921 3313 3151 59 17 1.10 1.14 3152
 1937 3601 3151 77 61 1.10 1.14 3152
 1937 3585 3151 77 61 1.10 1.14 3152
 1937 3569 3151 77 68 1.10 1.14 3152
 1937 3553 3151 77 60 1.10 1.14 3152
 1937 3537 3151 77 60 1.10 1.14 3152
 1937 3521 3151 77 60 1.10 1.14 3152
 1937 3505 3151 77 60 1.10 1.14 3152
 1937 3489 3151 77 70 1.10 1.14 3152
 1937 3377 3151 64 4 6.10 6.14 3152
 1937 3361 3151 64 3 6.10 6.14 3152
 1953 3521 3195 77 87 1.10 1.14 3196
 1953 3505 3151 77 61 1.10 1.14 3152
 1953 3489 3151 77 68 1.10 1.14 3152
 1953 3473 3151 77 60 1.10 1.14 3152
 1953 3457 3151 77 60 1.10 1.14 3152
 1953 3441 3151 77 60 1.10 1.14 3152
 1953 3425 3151 77 60 1.10 1.14 3152
 1953 3409 3151 77 60 1.10 1.14 3152
 1953 3393 3151 77 60 1.10 1.14 3152
 1953 3377 3151 77 60 1.10 1.14 3152
 1953 3361 3151 77 60 1.10 1.14 3152
 1953 3345 3151 77 60 1.10 1.14 3152
 1953 3329 3151 77 60 1.10 1.14 3152
 1953 3137 3151 77 57 1.10 1.14 3152
 1953 3153 3151 77 60 1.10 1.14 3152
 1953 3169 3151 77 60 1.10 1.14 3152
 1953 3185 3151 77 60 1.10 1.14 3152
 1953 3201 3151 77 60 1.10 1.14 3152
 1953 3217 3151 77 60 1.10 1.14 3152
 1953 3233 3151 77 60 1.10 1.14 3152
 1953 3249 3151 77 60 1.10 1.14 3152
 1953 3265 3151 77 60 1.10 1.14 3152
 1953 3281 3151 77 60 1.10 1.14 3152
 1953 3297 3151 77 60 1.10 1.14 3152
 1953 3313 3151 77 60 1.10 1.14 3152
 1969 3617 3195 77 87 1.10 1.14 3196
 1969 3425 3195 77 87 1.10 1.14 3196
 1969 3329 3195 77 87 1.10 1.14 3196
 1969 3137 3151 77 58 1.10 1.14 3152
 1969 3217 3151 77 61 1.10 1.14 3152
 1969 3153 3693 77 86 1.10 1.14 3694
 1969 3233 3195 77 87 1.10 1.14 3196
 1985 3137 3151 77 58 1.10 1.14 3152
 1985 3217 3151 77 61 1.10 1.14 3152
 2001 3137 3151 77 58 1.10 1.14 3152
 2001 3217 3151 77 61 1.10 1.14 3152
 2017 2945 3192 71 33 1.10 1.14 3193
 2017 3137 3151 77 58 1.10 1.14 3152
 2017 3217 3151 77 61 1.10 1.14 3152
 2033 3137 3151 77 58 1.10 1.14 3152
 2033 3217 3151 77 61 1.10 1.14 3152
 2033 3153 3693 77 86 1.10 1.14 3694
 2049 3137 3151 77 58 1.10 1.14 3152
 2049 3217 3151 77 61 1.10 1.14 3152
 2049 3105 3196 91 1 1.10 1.14 3197
 2065 2353 3194 62 2 1.10 1.14 3195
 2065 3361 3195 77 87 1.10 1.14 3196
 2065 3345 3151 77 69 1.10 1.14 3152
 2065 3329 3151 77 62 1.10 1.14 3152
 2065 3313 3151 77 62 1.10 1.14 3152
 2065 3297 3151 77 62 1.10 1.14 3152
 2065 3281 3151 77 62 1.10 1.14 3152
 2065 3265 3151 77 62 1.10 1.14 3152
 2065 3249 3151 77 62 1.10 1.14 3152
 2065 3233 3151 77 66 1.10 1.14 3152
 2065 3217 3151 77 61 1.10 1.14 3152
 2065 3137 3151 77 58 1.10 1.14 3152
 2081 2321 3192 71 10 1.10 1.14 3193
 2081 3345 3151 77 58 1.10 1.14 3152
 2081 3233 3151 77 64 1.10 1.14 3152
 2081 3217 3151 77 61 1.10 1.14 3152
 2081 3121 3151 77 72 1.10 1.14 3152
 2081 3137 3151 77 74 1.10 1.14 3152
 2097 3345 3151 77 58 1.10 1.14 3152
 2097 3313 3192 71 32 1.10 1.14 3193
 2097 3233 3151 77 64 1.10 1.14 3152
 2097 3217 3151 77 61 1.10 1.14 3152
 2097 3201 3151 77 61 1.10 1.14 3152
 2097 3185 3151 77 61 1.10 1.14 3152
 2097 3121 3151 77 73 1.10 1.14 3152
 2097 3137 3151 77 61 1.10 1.14 3152
 2097 3153 3151 77 61 1.10 1.14 3152
 2097 3169 3151 77 61 1.10 1.14 3152
 2113 3345 3151 77 58 1.10 1.14 3152
 2113 3233 3151 77 64 1.10 1.14 3152
 2113 3217 3151 77 61 1.10 1.14 3152
 2113 3201 3151 77 61 1.10 1.14 3152
 2113 3185 3151 77 61 1.10 1.14 3152
 2113 3169 3151 77 61 1.10 1.14 3152
 2113 3105 3151 77 70 1.10 1.14 3152
 2113 3121 3151 77 74 1.10 1.14 3152
 2113 3137 3151 77 61 1.10 1.14 3152
 2113 3153 3151 77 61 1.10 1.14 3152
 2129 2433 3151 59 20 1.10 1.14 3152
 2129 2433 3151 65 1 0.10 0.14 3152
 2129 2273 3151 58 1 1.10 -4.86 3152
 2129 2497 3151 96 2 -13.90 -13.86 3152
 2129 3345 3151 77 58 1.10 1.14 3152
 2129 3233 3151 77 64 1.10 1.14 3152
 2129 3105 3151 77 58 1.10 1.14 3152
 2129 3121 3151 77 61 1.10 1.14 3152
 2129 3137 3195 77 87 1.10 1.14 3196
 2145 2353 3151 64 4 6.10 6.14 3152
 2145 2337 3151 64 3 6.10 6.14 3152
 2145 2497 3151 96 2 -13.90 -13.86 3152
 2145 3345 3151 77 58 1.10 1.14 3152
 2145 3233 3151 77 64 1.10 1.14 3152
 2145 3121 3151 77 61 1.10 1.14 3152
 2145 3105 3151 77 58 1.10 1.14 3152
 2145 3073 3196 91 1 1.10 1.14 3197
 2161 2353 3151 64 4 6.10 6.14 3152
 2161 2337 3151 64 3 6.10 6.14 3152
 2161 2305 3151 59 13 1.10 1.14 3152
 2161 2497 3151 96 2 -13.90 -13.86 3152
 2161 3361 3195 77 87 1.10 1.14 3196
 2161 3345 3151 77 58 1.10 1.14 3152
 2161 3233 3151 77 64 1.10 1.14 3152
 2161 3121 3151 77 61 1.10 1.14 3152
 2161 3105 3151 77 58 1.10 1.14 3152
 2177 2353 3151 64 4 6.10 6.14 3152
 2177 2337 3151 64 3 6.10 6.14 3152
 2177 2305 3151 59 13 1.10 1.14 3152
 2177 2497 3151 96 2 -13.90 -13.86 3152
 2177 3345 3151 77 58 1.10 1.14 3152
 2177 3233 3151 77 64 1.10 1.14 3152
 2177 3121 3151 77 61 1.10 1.14 3152
 2177 3105 3151 77 68 1.10 1.14 3152
 2177 3089 3151 77 70 1.10 1.14 3152
 2193 2353 3151 64 4 6.10 6.14 3152
 2193 2337 3151 64 3 6.10 6.14 3152
 2193 2465 3151 71 40 1.10 1.14 3152
 2193 2305 3151 59 13 1.10 1.14 3152
 2193 2497 3151 96 2 -13.90 -13.86 3152
 2193 3345 3151 77 58 1.10 1.14 3152
 2193 3313 3192 71 9 1.10 1.14 3193
 2193 3233 3151 77 64 1.10 1.14 3152
 2193 3121 3151 77 61 1.10 1.14 3152
 2193 3105 3151 77 61 1.10 1.14 3152
 2193 3089 3151 77 68 1.10 1.14 3152
 2193 3073 3151 77 60 1.10 1.14 3152
 2193 3009 3151 77 70 1.10 1.14 3152
 2193 3025 3151 77 60 1.10 1.14 3152
 2193 3041 3151 77 60 1.10 1.14 3152
 2193 3057 3151 77 60 1.10 1.14 3152
 2209 2353 3151 64 4 6.10 6.14 3152
 2209 2337 3151 64 3 6.10 6.14 3152
 2209 2305 3151 59 13 1.10 1.14 3152
 2209 2497 3151 96 2 -13.90 -13.86 3152
 2209 3345 3151 77 68 1.10 1.14 3152
 2209 3329 3151 77 60 1.10 1.14 3152
 2209 3313 3151 77 60 1.10 1.14 3152
 2209 3297 3151 77 60 1.10 1.14 3152
 2209 3281 3151 77 60 1.10 1.14 3152
 2209 3265 3151 77 60 1.10 1.14 3152
 2209 3249 3151 77 60 1.10 1.14 3152
 2209 3233 3151 77 67 1.10 1.14 3152
 2209 3121 3151 77 61 1.10 1.14 3152
 2209 3105 3151 77 61 1.10 1.14 3152
 2209 3009 3151 77 58 1.10 1.14 3152
 2209 3025 3151 77 61 1.10 1.14 3152
 2209 3041 3693 77 86 1.10 1.14 3694
 2225 2289 3151 58 1 1.10 -4.86 3152
 2225 2305 3151 58 1 1.10 -4.86 3152
 2225 2321 3151 58 1 1.10 -4.86 3152
 2225 2337 3151 58 1 1.10 -4.86 3152
 2225 2353 3151 58 1 1.10 -4.86 3152
 2225 2497 3151 96 2 -13.90 -13.86 3152
 2225 3265 3195 77 87 1.10 1.14 3196
 2225 3169 3195 77 87 1.10 1.14 3196
 2225 3009 3151 77 58 1.10 1.14 3152
 2225 3025 3151 77 61 1.10 1.14 3152
 2225 2881 3196 66 4 1.10 1.14 3197
 2225 3105 3693 77 86 1.10 1.14 3694
 2241 2497 3151 96 2 -13.90 -13.86 3152
 2241 3009 3151 77 58 1.10 1.14 3152
 2241 3025 3151 77 61 1.10 1.14 3152
 2257 2497 3151 96 2 -13.90 -13.86 3152
 2257 3425 3693 77 86 1.10 1.14 3694
 2257 3361 3693 77 86 1.10 1.14 3694
 2257 3009 3151 77 58 1.10 1.14 3152
 2257 3025 3151 77 61 1.10 1.14 3152
 2273 2497 3151 96 2 -13.90 -13.86 3152
 2273 3041 3693 77 86 1.10 1.14 3694
 2273 3025 3151 77 61 1.10 1.14 3152
 2273 3009 3151 77 58 1.10 1.14 3152
 2289 2497 3151 96 2 -13.90 -13.86 3152
 2289 3105 3693 77 86 1.10 1.14 3694
 2289 3025 3151 77 61 1.10 1.14 3152
 2289 3009 3151 77 58 1.10 1.14 3152
 2289 2913 3151 64 4 6.10 6.14 3152
 2305 2497 3151 96 2 -13.90 -13.86 3152
 2305 3025 3151 77 61 1.10 1.14 3152
 2305 3009 3151 77 68 1.10 1.14 3152
 2305 2993 3151 77 60 1.10 1.14 3152
 2305 2977 3151 77 60 1.10 1.14 3152
 2305 2961 3151 77 60 1.10 1.14 3152
 2305 2945 3151 77 60 1.10 1.14 3152
 2305 2929 3151 77 60 1.10 1.14 3152
 2305 2913 3151 77 60 1.10 1.14 3152
 2305 2897 3151 77 60 1.10 1.14 3152
 2305 2881 3151 77 70 1.10 1.14 3152
 2321 3169 3693 77 86 1.10 1.14 3694
 2321 3025 3151 77 61 1.10 1.14 3152
 2321 2929 3195 77 87 1.10 1.14 3196
 2321 2913 3151 77 61 1.10 1.14 3152
 2321 2897 3151 77 61 1.10 1.14 3152
 2321 2881 3151 77 58 1.10 1.14 3152
 2337 3041 3693 77 86 1.10 1.14 3694
 2337 3025 3151 77 61 1.10 1.14 3152
 2337 2913 3151 77 61 1.10 1.14 3152
 2337 2897 3151 77 61 1.10 1.14 3152
 2337 2881 3151 77 58 1.10 1.14 3152
 2353 3105 3693 77 86 1.10 1.14 3694
 2353 3025 3151 77 61 1.10 1.14 3152
 2353 2913 3151 77 61 1.10 1.14 3152
 2353 2897 3151 77 61 1.10 1.14 3152
 2353 2881 3151 77 58 1.10 1.14 3152
 2369 3025 3151 77 61 1.10 1.14 3152
 2369 2913 3151 77 61 1.10 1.14 3152
 2369 2897 3151 77 61 1.10 1.14 3152
 2369 2881 3151 77 58 1.10 1.14 3152
 2385 3025 3151 77 61 1.10 1.14 3152
 2385 2913 3151 77 61 1.10 1.14 3152
 2385 2897 3151 77 61 1.10 1.14 3152
 2385 2881 3151 77 58 1.10 1.14 3152
 2385 2865 3151 61 10 1.10 1.14 3152
 2401 3025 3151 77 61 1.10 1.14 3152
 2401 2913 3151 77 61 1.10 1.14 3152
 2401 2897 3151 77 61 1.10 1.14 3152
 2401 2881 3151 77 68 1.10 1.14 3152
 2401 2865 3151 77 60 1.10 1.14 3152
 2401 2849 3151 77 60 1.10 1.14 3152
 2401 2833 3151 77 60 1.10 1.14 3152
 2401 2817 3151 77 60 1.10 1.14 3152
 2401 2801 3151 77 60 1.10 1.14 3152
 2401 2785 3151 77 60 1.10 1.14 3152
 2401 2769 3151 77 60 1.10 1.14 3152
 2401 2753 3151 77 60 1.10 1.14 3152
 2401 2737 3151 77 60 1.10 1.14 3152
 2401 2721 3151 77 60 1.10 1.14 3152
 2401 2705 3151 77 60 1.10 1.14 3152
 2401 2689 3151 77 60 1.10 1.14 3152
 2401 2673 3151 77 60 1.10 1.14 3152
 2401 2657 3151 77 70 1.10 1.14 3152
 2401 2497 3151 84 1 6.10 6.14 3152
 2417 3009 3151 77 61 1.10 1.14 3152
 2417 2993 3151 77 61 1.10 1.14 3152
 2417 2977 3151 77 61 1.10 1.14 3152
 2417 2881 3195 77 87 1.10 1.14 3196
 2417 2785 3195 77 87 1.10 1.14 3196
 2417 2689 3195 77 87 1.10 1.14 3196
 2417 2673 3151 77 61 1.10 1.14 3152
 2417 2657 3151 77 58 1.10 1.14 3152
 2417 2497 3151 84 1 6.10 6.14 3152
 2417 2609 3151 67 1 1.10 1.14 3152
 2417 2465 3192 52 1 1.10 1.14 3193
 2433 2993 3151 77 61 1.10 1.14 3152
 2433 2977 3151 77 61 1.10 1.14 3152
 2433 2673 3151 77 61 1.10 1.14 3152
 2433 2657 3151 77 58 1.10 1.14 3152
 2433 2497 3151 84 1 6.10 6.14 3152
 2433 2609 3151 59 17 1.10 1.14 3152
 2433 2561 3151 60 1 1.10 1.14 3152
 2433 2449 3151 58 1 1.10 -4.86 3152
 2449 2993 3151 77 61 1.10 1.14 3152
 2449 2977 3151 77 61 1.10 1.14 3152
 2449 2673 3151 77 61 1.10 1.14 3152
 2449 2657 3151 77 58 1.10 1.14 3152
 2449 2497 3151 84 1 6.10 6.14 3152
 2449 2609 3151 67 1 1.10 1.14 3152
 2465 2977 3151 77 61 1.10 1.14 3152
 2465 2673 3151 77 61 1.10 1.14 3152
 2465 2657 3151 77 58 1.10 1.14 3152
 2481 2673 3151 77 61 1.10 1.14 3152
 2481 2657 3151 77 58 1.10 1.14 3152
 2497 2673 3151 77 61 1.10 1.14 3152
 2497 2657 3151 77 68 1.10 1.14 3152
 2497 2641 3151 77 60 1.10 1.14 3152
 2497 2625 3151 77 60 1.10 1.14 3152
 2497 2609 3151 77 60 1.10 1.14 3152
 2497 2593 3151 77 60 1.10 1.14 3152
 2497 2577 3151 77 60 1.10 1.14 3152
 2497 2561 3151 77 60 1.10 1.14 3152
 2497 2545 3151 77 60 1.10 1.14 3152
 2497 2529 3151 77 60 1.10 1.14 3152
 2497 2513 3151 77 60 1.10 1.14 3152
 2497 2497 3151 77 60 1.10 1.14 3152
 2497 2481 3151 77 60 1.10 1.14 3152
 2497 2465 3151 77 60 1.10 1.14 3152
 2497 2449 3151 77 60 1.10 1.14 3152
 2497 2433 3151 77 60 1.10 1.14 3152
 2497 2401 3151 77 57 1.10 1.14 3152
 2497 2417 3151 77 60 1.10 1.14 3152
 2513 2705 3195 77 87 1.10 1.14 3196
 2513 2609 3195 77 87 1.10 1.14 3196
 2513 2513 3195 77 87 1.10 1.14 3196
 2513 2401 3151 77 58 1.10 1.14 3152
 2513 2417 3195 77 87 1.10 1.14 3196
 2513 2369 3192 90 1 1.10 1.14 3193 Bella Scalata#Mario!
 2529 2401 3151 77 58 1.10 1.14 3152
 2545 2401 3151 77 58 1.10 1.14 3152
 2561 2401 3151 77 58 1.10 1.14 3152
 2577 2241 3645 68 1 1.10 11.14 3646
 2577 2401 3151 77 58 1.10 1.14 3152
 2577 2209 3192 71 34 1.10 1.14 3193
 2593 2401 3151 77 58 1.10 1.14 3152
 2609 2385 3151 81 1 -999998.90 -18.86 3152
