 -10 1259 679 0.42 1 1 1 1 1 2 2 301 0.42 1
smw_in10.png
-1
-1
-1
-1
-1
-1
-1
-1
-1
-1
-1
-1
-1
-1
-1
-1
-1
-1
-1
-1
-1
y0
W2LVL5-ee
 1 4753 3151 92 104 1.10 6.14 3152
 1 4737 3151 92 104 1.10 6.14 3152
 1 4721 3151 92 101 1.10 6.14 3152
 17 4737 3151 92 104 1.10 6.14 3152
 17 4721 3151 92 101 1.10 6.14 3152
 17 4753 3151 92 104 1.10 6.14 3152
 33 4737 3151 92 104 1.10 6.14 3152
 33 4721 3151 92 101 1.10 6.14 3152
 33 4753 3151 92 104 1.10 6.14 3152
 49 4737 3151 92 104 1.10 6.14 3152
 49 4721 3151 92 101 1.10 6.14 3152
 49 4753 3151 92 104 1.10 6.14 3152
 65 4737 3151 92 104 1.10 6.14 3152
 65 4721 3151 92 101 1.10 6.14 3152
 65 4753 3151 92 104 1.10 6.14 3152
 81 4705 3151 78 35 1100001.10 1100001.14 3152
 81 4689 3151 78 33 1100001.10 1100001.14 3152
 81 4737 3151 92 105 1.10 6.14 3152
 81 4721 3151 92 102 1.10 6.14 3152
 81 4753 3151 92 105 1.10 6.14 3152
 97 4737 3151 78 36 1100001.10 1100001.14 3152
 97 4721 3151 78 36 1100001.10 1100001.14 3152
 97 4705 3151 78 36 1100001.10 1100001.14 3152
 97 4689 3151 78 34 1100001.10 1100001.14 3152
 97 4753 3151 78 36 1100001.10 1100001.14 3152
 145 4753 3151 92 103 1.10 6.14 3152
 145 4737 3151 92 103 1.10 6.14 3152
 145 4721 3151 92 103 1.10 6.14 3152
 145 4705 3151 92 103 1.10 6.14 3152
 145 4689 3151 92 103 1.10 6.14 3152
 145 4673 3151 92 100 1.10 6.14 3152
 161 4753 3151 92 104 1.10 6.14 3152
 161 4737 3151 92 104 1.10 6.14 3152
 161 4721 3151 92 104 1.10 6.14 3152
 161 4705 3151 92 104 1.10 6.14 3152
 161 4689 3151 92 104 1.10 6.14 3152
 161 4673 3151 92 101 1.10 6.14 3152
 177 4753 3151 92 104 1.10 6.14 3152
 177 4737 3151 92 104 1.10 6.14 3152
 177 4721 3151 92 104 1.10 6.14 3152
 177 4705 3151 92 104 1.10 6.14 3152
 177 4689 3151 92 104 1.10 6.14 3152
 177 4673 3151 92 101 1.10 6.14 3152
 193 4753 3151 92 104 1.10 6.14 3152
 193 4737 3151 92 104 1.10 6.14 3152
 193 4721 3151 92 104 1.10 6.14 3152
 193 4705 3151 92 104 1.10 6.14 3152
 193 4689 3151 92 104 1.10 6.14 3152
 193 4673 3151 92 101 1.10 6.14 3152
 209 4753 3151 92 104 1.10 6.14 3152
 209 4737 3151 92 104 1.10 6.14 3152
 209 4721 3151 92 104 1.10 6.14 3152
 209 4705 3151 92 104 1.10 6.14 3152
 209 4673 3151 92 114 1.10 6.14 3152
 209 4689 3151 92 111 1.10 6.14 3152
 225 4753 3151 92 104 1.10 6.14 3152
 225 4737 3151 92 104 1.10 6.14 3152
 225 4721 3151 92 104 1.10 6.14 3152
 225 4689 3151 92 114 1.10 6.14 3152
 225 4705 3151 92 111 1.10 6.14 3152
 241 4641 3151 95 1 1300001.10 1300001.14 3152 97 177
 241 4753 3151 92 104 1.10 6.14 3152
 241 4737 3151 92 104 1.10 6.14 3152
 241 4721 3151 92 111 1.10 6.14 3152
 241 4625 3151 92 103 1.10 6.14 3152
 241 4609 3151 92 103 1.10 6.14 3152
 241 4593 3151 92 103 1.10 6.14 3152
 241 4577 3151 92 103 1.10 6.14 3152
 241 4561 3151 92 103 1.10 6.14 3152
 241 4705 3151 92 114 1.10 6.14 3152
 241 4641 3151 96 17 -13.90 -13.86 3152
 241 4529 3151 92 113 1.10 6.14 3152
 241 4545 3151 92 103 1.10 6.14 3152
 257 4657 3151 95 1 1300001.10 1300001.14 3152 1 177
 257 4641 3151 95 1 1300001.10 1300001.14 3152 33 177
 257 4753 3151 92 104 1.10 6.14 3152
 257 4737 3151 92 104 1.10 6.14 3152
 257 4561 3151 92 104 1.10 6.14 3152
 257 4577 3151 92 104 1.10 6.14 3152
 257 4593 3151 92 104 1.10 6.14 3152
 257 4609 3151 92 104 1.10 6.14 3152
 257 4625 3151 92 104 1.10 6.14 3152
 257 4721 3151 92 119 1.10 6.14 3152
 257 4657 3151 96 19 -13.90 -13.86 3152
 257 4641 3151 96 1 -13.90 -13.86 3152
 257 4625 3151 96 1 -13.90 -13.86 3152
 257 4609 3151 96 1 -13.90 -13.86 3152
 257 4593 3151 96 1 -13.90 -13.86 3152
 257 4561 3151 96 1 -13.90 -13.86 3152
 257 4577 3151 96 1 -13.90 -13.86 3152
 257 4529 3151 92 101 1.10 6.14 3152
 257 4545 3151 92 104 1.10 6.14 3152
 257 4545 3151 96 1 -13.90 -13.86 3152
 273 4657 3151 95 1 1300001.10 1300001.14 3152 17 177
 273 4753 3151 92 104 1.10 6.14 3152
 273 4737 3151 92 118 1.10 6.14 3152
 273 4561 3151 92 104 1.10 6.14 3152
 273 4625 3151 92 104 1.10 6.14 3152
 273 4641 3151 92 104 1.10 6.14 3152
 273 4593 3151 92 104 1.10 6.14 3152
 273 4577 3151 92 104 1.10 6.14 3152
 273 4609 3151 92 104 1.10 6.14 3152
 273 4721 3151 92 120 1.10 6.14 3152
 273 4657 3151 96 20 -13.90 -13.86 3152
 273 4561 3151 96 1 -13.90 -13.86 3152
 273 4577 3151 96 1 -13.90 -13.86 3152
 273 4593 3151 96 1 -13.90 -13.86 3152
 273 4609 3151 96 1 -13.90 -13.86 3152
 273 4641 3151 96 1 -13.90 -13.86 3152
 273 4625 3151 96 1 -13.90 -13.86 3152
 273 4529 3151 92 101 1.10 6.14 3152
 273 4545 3151 92 104 1.10 6.14 3152
 273 4545 3151 96 1 -13.90 -13.86 3152
 289 4673 3151 95 1 1300001.10 1300001.14 3152 1 177
 289 4657 3151 95 1 1300001.10 1300001.14 3152 97 161
 289 4753 3151 92 104 1.10 6.14 3152
 289 4561 3151 92 104 1.10 6.14 3152
 289 4625 3151 92 104 1.10 6.14 3152
 289 4641 3151 92 104 1.10 6.14 3152
 289 4577 3151 92 104 1.10 6.14 3152
 289 4609 3151 92 104 1.10 6.14 3152
 289 4593 3151 92 104 1.10 6.14 3152
 289 4737 3151 92 119 1.10 6.14 3152
 289 4673 3151 96 19 -13.90 -13.86 3152
 289 4625 3151 96 1 -13.90 -13.86 3152
 289 4641 3151 96 1 -13.90 -13.86 3152
 289 4657 3151 96 1 -13.90 -13.86 3152
 289 4609 3151 96 1 -13.90 -13.86 3152
 289 4593 3151 96 1 -13.90 -13.86 3152
 289 4577 3151 96 1 -13.90 -13.86 3152
 289 4561 3151 96 1 -13.90 -13.86 3152
 289 4529 3151 92 101 1.10 6.14 3152
 289 4545 3151 92 104 1.10 6.14 3152
 289 4545 3151 96 1 -13.90 -13.86 3152
 305 4673 3151 95 1 1300001.10 1300001.14 3152 17 177
 305 4753 3151 95 1 1300001.10 1300001.14 3152 145 113
 305 4753 3151 92 118 1.10 6.14 3152
 305 4561 3151 92 104 1.10 6.14 3152
 305 4625 3151 92 104 1.10 6.14 3152
 305 4657 3151 92 104 1.10 6.14 3152
 305 4641 3151 92 104 1.10 6.14 3152
 305 4577 3151 92 104 1.10 6.14 3152
 305 4609 3151 92 104 1.10 6.14 3152
 305 4593 3151 92 104 1.10 6.14 3152
 305 4737 3151 92 120 1.10 6.14 3152
 305 4673 3151 96 20 -13.90 -13.86 3152
 305 4513 3151 92 103 1.10 6.14 3152
 305 4497 3151 92 113 1.10 6.14 3152
 305 4529 3151 92 112 1.10 6.14 3152
 305 4545 3151 92 104 1.10 6.14 3152
 321 4673 3151 95 1 1300001.10 1300001.14 3152 97 161
 321 4753 3151 95 1 1300001.10 1300001.14 3152 145 113
 321 4689 3151 95 1 1300001.10 1300001.14 3152 97 177
 321 4753 3151 92 101 1.10 6.14 3152
 321 4561 3151 92 104 1.10 6.14 3152
 321 4625 3151 92 104 1.10 6.14 3152
 321 4657 3151 92 104 1.10 6.14 3152
 321 4641 3151 92 104 1.10 6.14 3152
 321 4577 3151 92 104 1.10 6.14 3152
 321 4609 3151 92 104 1.10 6.14 3152
 321 4593 3151 92 104 1.10 6.14 3152
 321 4673 3151 96 1 -13.90 -13.86 3152
 321 4689 3151 96 17 -13.90 -13.86 3152
 321 4513 3151 92 104 1.10 6.14 3152
 321 4497 3151 92 101 1.10 6.14 3152
 321 4529 3151 92 104 1.10 6.14 3152
 321 4545 3151 92 104 1.10 6.14 3152
 337 4753 3151 95 1 1300001.10 1300001.14 3152 145 113
 337 4737 3151 95 1 1300001.10 1300001.14 3152 145 113
 337 4689 3151 95 1 1300001.10 1300001.14 3152 145 177
 337 4753 3151 92 101 1.10 6.14 3152
 337 4561 3151 92 104 1.10 6.14 3152
 337 4625 3151 92 104 1.10 6.14 3152
 337 4673 3151 92 104 1.10 6.14 3152
 337 4657 3151 92 104 1.10 6.14 3152
 337 4641 3151 92 104 1.10 6.14 3152
 337 4577 3151 92 104 1.10 6.14 3152
 337 4609 3151 92 104 1.10 6.14 3152
 337 4593 3151 92 104 1.10 6.14 3152
 337 4721 3192 70 3 1.10 -4.86 3193
 337 4689 3151 96 1 -13.90 -13.86 3152
 337 4513 3151 92 104 1.10 6.14 3152
 337 4497 3151 92 101 1.10 6.14 3152
 337 4529 3151 92 104 1.10 6.14 3152
 337 4545 3151 92 104 1.10 6.14 3152
 353 4753 3151 95 1 1300001.10 1300001.14 3152 145 97
 353 4689 3151 95 1 1300001.10 1300001.14 3152 145 177
 353 4561 3151 92 104 1.10 6.14 3152
 353 4625 3151 92 104 1.10 6.14 3152
 353 4673 3151 92 104 1.10 6.14 3152
 353 4641 3151 92 104 1.10 6.14 3152
 353 4657 3151 92 104 1.10 6.14 3152
 353 4577 3151 92 104 1.10 6.14 3152
 353 4593 3151 92 104 1.10 6.14 3152
 353 4609 3151 92 104 1.10 6.14 3152
 353 4753 3694 70 2 1.10 -4.86 3695 1 0
 353 4721 3196 69 19 1.10 -4.86 3197
 353 4689 3151 96 1 -13.90 -13.86 3152
 353 4513 3151 92 111 1.10 6.14 3152
 353 4497 3151 92 114 1.10 6.14 3152
 353 4529 3151 92 104 1.10 6.14 3152
 353 4545 3151 92 104 1.10 6.14 3152
 369 4753 3151 95 1 1300001.10 1300001.14 3152 145 97
 369 4689 3151 95 1 1300001.10 1300001.14 3152 145 177
 369 4721 3151 95 1 1300001.10 1300001.14 3152 145 113
 369 4561 3151 92 104 1.10 6.14 3152
 369 4625 3151 92 104 1.10 6.14 3152
 369 4641 3151 92 104 1.10 6.14 3152
 369 4657 3151 92 104 1.10 6.14 3152
 369 4673 3151 92 104 1.10 6.14 3152
 369 4609 3151 92 104 1.10 6.14 3152
 369 4593 3151 92 104 1.10 6.14 3152
 369 4577 3151 92 104 1.10 6.14 3152
 369 4689 3151 96 1 -13.90 -13.86 3152
 369 4513 3151 92 101 1.10 6.14 3152
 369 4529 3151 92 104 1.10 6.14 3152
 369 4545 3151 92 104 1.10 6.14 3152
 385 4753 3151 95 1 1300001.10 1300001.14 3152 97 113
 385 4689 3151 95 1 1300001.10 1300001.14 3152 97 161
 385 4737 3151 92 103 1.10 6.14 3152
 385 4721 3151 92 103 1.10 6.14 3152
 385 4705 3151 92 103 1.10 6.14 3152
 385 4673 3151 92 104 1.10 6.14 3152
 385 4657 3151 92 104 1.10 6.14 3152
 385 4641 3151 92 104 1.10 6.14 3152
 385 4625 3151 92 104 1.10 6.14 3152
 385 4609 3151 92 104 1.10 6.14 3152
 385 4593 3151 92 104 1.10 6.14 3152
 385 4577 3151 92 104 1.10 6.14 3152
 385 4561 3151 92 104 1.10 6.14 3152
 385 4513 3151 92 114 1.10 6.14 3152
 385 4529 3151 92 111 1.10 6.14 3152
 385 4545 3151 92 104 1.10 6.14 3152
 401 4753 3151 92 104 1.10 6.14 3152
 401 4737 3151 92 104 1.10 6.14 3152
 401 4721 3151 92 104 1.10 6.14 3152
 401 4705 3151 92 104 1.10 6.14 3152
 401 4689 3151 92 104 1.10 6.14 3152
 401 4561 3151 92 104 1.10 6.14 3152
 401 4577 3151 92 104 1.10 6.14 3152
 401 4593 3151 92 104 1.10 6.14 3152
 401 4609 3151 92 104 1.10 6.14 3152
 401 4625 3151 92 104 1.10 6.14 3152
 401 4641 3151 92 104 1.10 6.14 3152
 401 4657 3151 92 104 1.10 6.14 3152
 401 4673 3151 92 104 1.10 6.14 3152
 401 4529 3151 92 101 1.10 6.14 3152
 401 4545 3151 92 104 1.10 6.14 3152
 417 4753 3151 92 104 1.10 6.14 3152
 417 4737 3151 92 104 1.10 6.14 3152
 417 4721 3151 92 104 1.10 6.14 3152
 417 4705 3151 92 104 1.10 6.14 3152
 417 4689 3151 92 104 1.10 6.14 3152
 417 4561 3151 92 104 1.10 6.14 3152
 417 4641 3151 92 104 1.10 6.14 3152
 417 4657 3151 92 104 1.10 6.14 3152
 417 4673 3151 92 104 1.10 6.14 3152
 417 4625 3151 92 104 1.10 6.14 3152
 417 4609 3151 92 104 1.10 6.14 3152
 417 4593 3151 92 104 1.10 6.14 3152
 417 4577 3151 92 104 1.10 6.14 3152
 417 4529 3151 92 101 1.10 6.14 3152
 417 4545 3151 92 104 1.10 6.14 3152
 433 4753 3151 92 104 1.10 6.14 3152
 433 4737 3151 92 104 1.10 6.14 3152
 433 4721 3151 92 104 1.10 6.14 3152
 433 4705 3151 92 104 1.10 6.14 3152
 433 4689 3151 92 104 1.10 6.14 3152
 433 4577 3151 92 104 1.10 6.14 3152
 433 4593 3151 92 104 1.10 6.14 3152
 433 4609 3151 92 104 1.10 6.14 3152
 433 4625 3151 92 104 1.10 6.14 3152
 433 4561 3151 92 104 1.10 6.14 3152
 433 4673 3151 92 104 1.10 6.14 3152
 433 4657 3151 92 104 1.10 6.14 3152
 433 4641 3151 92 104 1.10 6.14 3152
 433 4529 3151 92 101 1.10 6.14 3152
 433 4545 3151 92 104 1.10 6.14 3152
 449 4753 3151 92 104 1.10 6.14 3152
 449 4737 3151 92 104 1.10 6.14 3152
 449 4721 3151 92 104 1.10 6.14 3152
 449 4705 3151 92 104 1.10 6.14 3152
 449 4689 3151 92 104 1.10 6.14 3152
 449 4561 3151 92 104 1.10 6.14 3152
 449 4657 3151 92 104 1.10 6.14 3152
 449 4641 3151 92 104 1.10 6.14 3152
 449 4625 3151 92 104 1.10 6.14 3152
 449 4609 3151 92 104 1.10 6.14 3152
 449 4593 3151 92 104 1.10 6.14 3152
 449 4577 3151 92 104 1.10 6.14 3152
 449 4673 3151 92 104 1.10 6.14 3152
 449 4529 3151 92 101 1.10 6.14 3152
 449 4545 3151 92 104 1.10 6.14 3152
 465 4753 3151 92 104 1.10 6.14 3152
 465 4737 3151 92 104 1.10 6.14 3152
 465 4721 3151 92 104 1.10 6.14 3152
 465 4705 3151 92 104 1.10 6.14 3152
 465 4689 3151 92 104 1.10 6.14 3152
 465 4673 3151 92 104 1.10 6.14 3152
 465 4561 3151 92 104 1.10 6.14 3152
 465 4577 3151 92 104 1.10 6.14 3152
 465 4593 3151 92 104 1.10 6.14 3152
 465 4609 3151 92 104 1.10 6.14 3152
 465 4625 3151 92 104 1.10 6.14 3152
 465 4641 3151 92 104 1.10 6.14 3152
 465 4657 3151 92 104 1.10 6.14 3152
 465 4529 3151 92 101 1.10 6.14 3152
 465 4545 3151 92 104 1.10 6.14 3152
 481 4529 3151 92 101 1.10 6.14 3152
 481 4545 3151 92 104 1.10 6.14 3152
 481 4753 3151 92 104 1.10 6.14 3152
 481 4737 3151 92 104 1.10 6.14 3152
 481 4721 3151 92 104 1.10 6.14 3152
 481 4705 3151 92 104 1.10 6.14 3152
 481 4689 3151 92 104 1.10 6.14 3152
 481 4561 3151 92 104 1.10 6.14 3152
 481 4577 3151 92 104 1.10 6.14 3152
 481 4593 3151 92 104 1.10 6.14 3152
 481 4609 3151 92 104 1.10 6.14 3152
 481 4641 3151 92 104 1.10 6.14 3152
 481 4657 3151 92 104 1.10 6.14 3152
 481 4673 3151 92 104 1.10 6.14 3152
 481 4625 3151 92 104 1.10 6.14 3152
 497 4529 3151 92 101 1.10 6.14 3152
 497 4545 3151 92 104 1.10 6.14 3152
 497 4753 3151 92 104 1.10 6.14 3152
 497 4737 3151 92 104 1.10 6.14 3152
 497 4721 3151 92 104 1.10 6.14 3152
 497 4705 3151 92 104 1.10 6.14 3152
 497 4689 3151 92 104 1.10 6.14 3152
 497 4673 3151 92 104 1.10 6.14 3152
 497 4657 3151 92 104 1.10 6.14 3152
 497 4641 3151 92 104 1.10 6.14 3152
 497 4625 3151 92 104 1.10 6.14 3152
 497 4609 3151 92 104 1.10 6.14 3152
 497 4593 3151 92 104 1.10 6.14 3152
 497 4577 3151 92 104 1.10 6.14 3152
 497 4561 3151 92 104 1.10 6.14 3152
 513 4529 3151 92 102 1.10 6.14 3152
 513 4545 3151 92 111 1.10 6.14 3152
 513 4753 3151 92 104 1.10 6.14 3152
 513 4737 3151 92 104 1.10 6.14 3152
 513 4721 3151 92 104 1.10 6.14 3152
 513 4705 3151 92 104 1.10 6.14 3152
 513 4689 3151 92 104 1.10 6.14 3152
 513 4673 3151 92 104 1.10 6.14 3152
 513 4657 3151 92 104 1.10 6.14 3152
 513 4641 3151 92 104 1.10 6.14 3152
 513 4625 3151 92 104 1.10 6.14 3152
 513 4609 3151 92 104 1.10 6.14 3152
 513 4593 3151 92 104 1.10 6.14 3152
 513 4577 3151 92 104 1.10 6.14 3152
 513 4561 3151 92 104 1.10 6.14 3152
 529 4545 3151 92 102 1.10 6.14 3152
 529 4753 3151 92 104 1.10 6.14 3152
 529 4737 3151 92 104 1.10 6.14 3152
 529 4721 3151 92 104 1.10 6.14 3152
 529 4705 3151 92 104 1.10 6.14 3152
 529 4689 3151 92 104 1.10 6.14 3152
 529 4673 3151 92 104 1.10 6.14 3152
 529 4657 3151 92 104 1.10 6.14 3152
 529 4641 3151 92 104 1.10 6.14 3152
 529 4625 3151 92 104 1.10 6.14 3152
 529 4609 3151 92 104 1.10 6.14 3152
 529 4593 3151 92 104 1.10 6.14 3152
 529 4577 3151 92 104 1.10 6.14 3152
 529 4561 3151 92 111 1.10 6.14 3152
 545 4753 3151 92 104 1.10 6.14 3152
 545 4737 3151 92 104 1.10 6.14 3152
 545 4721 3151 92 104 1.10 6.14 3152
 545 4705 3151 92 104 1.10 6.14 3152
 545 4657 3151 92 104 1.10 6.14 3152
 545 4673 3151 92 104 1.10 6.14 3152
 545 4689 3151 92 104 1.10 6.14 3152
 545 4641 3151 92 104 1.10 6.14 3152
 545 4625 3151 92 104 1.10 6.14 3152
 545 4609 3151 92 104 1.10 6.14 3152
 545 4593 3151 92 104 1.10 6.14 3152
 545 4561 3151 92 114 1.10 6.14 3152
 545 4577 3151 92 111 1.10 6.14 3152
 561 4625 3151 92 104 1.10 6.14 3152
 561 4609 3151 92 104 1.10 6.14 3152
 561 4593 3151 92 104 1.10 6.14 3152
 561 4577 3151 92 101 1.10 6.14 3152
 561 4737 3694 69 2 1.10 -4.86 3695
 561 4721 3694 69 2 1.10 -4.86 3695
 561 4673 3694 69 2 1.10 -4.86 3695
 561 4689 3694 69 2 1.10 -4.86 3695
 561 4705 3694 69 2 1.10 -4.86 3695
 561 4641 3196 69 18 1.10 -4.86 3197
 561 4753 3694 70 17 1.10 -5.86 3695 1
 577 4625 3151 92 104 1.10 6.14 3152
 577 4609 3151 92 104 1.10 6.14 3152
 577 4593 3151 92 104 1.10 6.14 3152
 577 4577 3151 92 101 1.10 6.14 3152
 593 4753 3151 92 104 1.10 6.14 3152
 593 4625 3151 92 105 1.10 6.14 3152
 593 4609 3151 92 105 1.10 6.14 3152
 593 4593 3151 92 105 1.10 6.14 3152
 593 4577 3151 92 114 1.10 6.14 3152
 593 4673 3151 92 105 1.10 6.14 3152
 593 4689 3151 92 105 1.10 6.14 3152
 593 4705 3151 92 105 1.10 6.14 3152
 593 4721 3151 92 105 1.10 6.14 3152
 593 4737 3151 92 111 1.10 6.14 3152
 593 4641 3192 69 4 1.10 -4.86 3193
 609 4737 3151 92 101 1.10 6.14 3152
 609 4753 3151 92 104 1.10 6.14 3152
 609 4641 3192 69 3 1.10 -4.86 3193
 625 4737 3151 92 101 1.10 6.14 3152
 625 4753 3151 92 104 1.10 6.14 3152
 641 4737 3151 92 101 1.10 6.14 3152
 641 4753 3151 92 104 1.10 6.14 3152
 657 4737 3151 92 101 1.10 6.14 3152
 657 4753 3151 92 104 1.10 6.14 3152
 673 4737 3151 92 101 1.10 6.14 3152
 673 4753 3151 92 104 1.10 6.14 3152
 689 4737 3151 92 101 1.10 6.14 3152
 689 4753 3151 92 104 1.10 6.14 3152
 705 4737 3151 92 101 1.10 6.14 3152
 705 4753 3151 92 104 1.10 6.14 3152
 721 4577 3645 68 1 1.10 11.14 3646
 721 4737 3151 92 101 1.10 6.14 3152
 721 4753 3151 92 104 1.10 6.14 3152
 737 4737 3151 92 101 1.10 6.14 3152
 737 4753 3151 92 104 1.10 6.14 3152
 753 4737 3151 92 101 1.10 6.14 3152
 753 4753 3151 92 104 1.10 6.14 3152
 769 4689 3151 81 1 -999998.90 -18.86 3152
