 -10 3 2 1274 659 0.42 1 1 2

-1
-1
-1
-1
-1
-1
-1
-1
-1
-1
-1
-1
-1
-1
-1
-1
-1
-1
-1
 -1
 33 33 7286 13 1 11 11.14 3152
 33 65 7290 12 17 11 11.14 3152
 33 97 7286 13 1 11 11.14 3152
 33 129 7290 12 17 11 11.14 3152
 33 97 7315 16 2 1 1.14 3152 24 0
 33 33 16000 1 1 1 -8.86 3152
 65 17 3151 8 36 1100001 1100001.14 3152
 65 33 3151 8 36 1100001 1100001.14 3152
 65 49 3151 8 36 1100001 1100001.14 3152
 65 65 3151 8 36 1100001 1100001.14 3152
 65 81 3151 8 43 1100001 1100001.14 3152
 65 33 7286 13 1 11 11.14 3152
 65 97 7286 13 1 11 11.14 3152
 65 145 7290 12 17 11 11.14 3152
 65 129 7286 13 2 11 11.14 3152
 65 97 7304 15 5 1 1.14 3152 27 0
 65 129 16134 14 7 1 0.14 3152 13
 81 81 3151 8 33 1100001 1100001.14 3152
 81 65 7290 12 17 11 11.14 3152
 97 81 3151 8 33 1100001 1100001.14 3152
 97 17 7290 12 17 11 11.14 3152
 97 33 7286 13 1 11 11.14 3152
 97 97 7286 13 2 11 11.14 3152
 97 129 7290 12 17 11 11.14 3152
 97 33 7300 15 1 1 1.14 3152 19 0
 113 81 3151 8 41 1100001 1100001.14 3152
 113 97 3151 8 36 1100001 1100001.14 3152
 113 113 3151 8 43 1100001 1100001.14 3152
 113 97 3151 11 1 6 6.14 3152
 129 113 3151 8 33 1100001 1100001.14 3152
 129 33 7286 13 1 11 11.14 3152
 129 65 7286 13 1 11 11.14 3152
 129 97 7286 13 1 11 11.14 3152
 129 161 7286 13 2 11 11.14 3152
 129 129 7286 13 1 11 11.14 3152
 129 113 3151 11 2 6 6.14 3152
 129 65 7289 17 1 1 1.14 3152 22 0
 129 97 7302 15 3 1 1.14 3152 25 0
 129 129 7303 15 4 1 1.14 3152 26 0
 145 113 3151 8 33 1100001 1100001.14 3152
 145 65 7290 12 17 11 11.14 3152
 161 113 3151 8 33 1100001 1100001.14 3152
 161 33 7286 13 1 11 11.14 3152
 161 161 7286 13 1 11 11.14 3152
 161 145 7460 12 16 11 11.14 3152
 161 129 7286 13 1 11 11.14 3152
 161 33 7301 15 2 1 1.14 3152 21 0
 161 161 7311 14 1 1 1.14 3152 1 bla
 177 49 3151 8 47 1100001 1100001.14 3152
 177 113 3151 8 33 1100001 1100001.14 3152
 177 97 7290 12 17 11 11.14 3152
 193 65 3151 8 43 1100001 1100001.14 3152
 193 49 3151 8 41 1100001 1100001.14 3152
 193 113 3151 8 33 1100001 1100001.14 3152
 193 17 7290 12 17 11 11.14 3152
 193 145 7290 12 17 11 11.14 3152
 193 129 7286 13 1 11 11.14 3152
 193 129 7309 18 1 1 1.14 3152 29 0
 209 113 3151 8 34 1100001 1100001.14 3152
 209 97 3151 8 36 1100001 1100001.14 3152
 209 81 3151 8 36 1100001 1100001.14 3152
 209 65 3151 8 41 1100001 1100001.14 3152
 225 113 3151 8 33 1100001 1100001.14 3152
 225 129 7286 13 1 11 11.14 3152
 225 97 7286 13 1 11 11.14 3152
 225 65 7286 13 1 11 11.14 3152
 225 113 3151 11 2 6 6.14 3152
 225 65 15773 20 1 1 1.14 3152 1 0
 225 97 7305 15 6 1 1.14 3152 30 0
 241 113 3151 8 42 1100001 1100001.14 3152
 241 97 3151 8 40 1100001 1100001.14 3152
 241 81 7290 12 17 11 11.14 3152
 241 33 7290 12 17 11 11.14 3152
 241 161 7290 12 17 11 11.14 3152
 257 97 3151 8 33 1100001 1100001.14 3152
 257 33 7286 13 1 11 11.14 3152
 257 65 7286 13 1 11 11.14 3152
 257 49 7460 12 16 11 11.14 3152
 257 33 7311 14 1 1 1.14 3152 1 bla
 273 97 3151 8 33 1100001 1100001.14 3152
 273 129 7290 12 17 11 11.14 3152
 289 81 3151 8 40 1100001 1100001.14 3152
 289 97 3151 8 39 1100001 1100001.14 3152
 289 113 3151 8 36 1100001 1100001.14 3152
 289 129 3151 8 36 1100001 1100001.14 3152
 289 145 3151 8 43 1100001 1100001.14 3152
 289 65 7286 13 1 11 11.14 3152
 289 33 7286 13 1 11 11.14 3152
 289 49 7460 12 16 11 11.14 3152
 289 65 7306 15 7 1 1.14 3152 31 0
 289 33 16137 16 6 1 1.14 3152 24 2
 305 81 3151 8 45 1100001 1100001.14 3152
 305 97 3151 8 33 1100001 1100001.14 3152
 305 145 3151 8 33 1100001 1100001.14 3152
 321 97 3151 8 33 1100001 1100001.14 3152
 321 145 3151 8 33 1100001 1100001.14 3152
 321 49 7290 12 17 11 11.14 3152
 321 65 7286 13 1 11 11.14 3152
 321 129 7286 13 1 11 11.14 3152
 321 65 7289 17 1 1 1.14 3152 22 1
 321 129 16014 2 1 1 0.14 3152 1 0
 337 97 3151 8 33 1100001 1100001.14 3152
 337 161 3151 8 36 1100001 1100001.14 3152
 337 145 3151 8 41 1100001 1100001.14 3152
 337 113 7290 12 17 11 11.14 3152
 353 97 3151 8 33 1100001 1100001.14 3152
 353 65 7286 13 1 11 11.14 3152
 353 129 7286 13 1 11 11.14 3152
 369 49 3151 8 40 1100001 1100001.14 3152
 369 113 3151 8 46 1100001 1100001.14 3152
 369 65 3151 8 36 1100001 1100001.14 3152
 369 81 3151 8 36 1100001 1100001.14 3152
 369 97 3151 8 37 1100001 1100001.14 3152
 369 33 7290 12 17 11 11.14 3152
 369 65 3151 11 1 6 6.14 3152
 385 49 3151 8 33 1100001 1100001.14 3152
 385 65 7286 13 1 11 11.14 3152
 385 97 7286 13 2 11 11.14 3152
 385 161 7290 12 17 11 11.14 3152
 385 129 7286 13 1 11 11.14 3152
 385 65 7309 18 2 1 1.14 3152 1 0
 385 97 7331 15 9 1 1.14 3152 1 0
 385 129 15773 20 2 1 1.14 3152 1 0
 401 49 3151 8 45 1100001 1100001.14 3152
 417 49 7290 12 17 11 11.14 3152
 417 65 7286 13 1 11 11.14 3152
 417 81 7460 12 16 11 11.14 3152
 417 97 7286 13 2 11 11.14 3152
 417 129 7290 12 17 11 11.14 3152
 417 65 7307 15 8 1 1.14 3152 1 0
 417 97 7315 16 2 1 1.14 3152 24 1
 449 97 7290 12 17 11 11.14 3152
