 -10 270 3434 0.42 1 1 2 1 1 2 1 301 0.42 1
-1
-1
-1
-1
-1
-1
-1
-1
-1
-1
-1
-1
-1
-1
-1
-1
-1
-1
-1
-1
-1
-1
y0
VoiD
 1 4753 3151 75 2 6.10 6.14 3152
 17 4753 3151 75 2 6.10 6.14 3152
 17 4721 3192 51 1 1.10 1.14 3193 1
 33 4753 3151 75 2 6.10 6.14 3152
 49 4753 3151 75 2 6.10 6.14 3152
 49 4737 3151 90 6 1.10 1.14 3152
 65 4753 3151 75 2 6.10 6.14 3152
 81 4753 3151 75 2 6.10 6.14 3152
 97 4753 3151 75 2 6.10 6.14 3152
 113 4753 3151 75 2 6.10 6.14 3152
 113 4689 3151 60 1 1.10 1.14 3152
 129 4753 3151 75 2 6.10 6.14 3152
 129 4689 3151 60 1 1.10 1.14 3152
 145 4753 3151 75 2 6.10 6.14 3152
 145 4689 3151 60 1 1.10 1.14 3152
 161 4753 3151 75 2 6.10 6.14 3152
 161 4689 3151 60 1 1.10 1.14 3152
 161 4657 3192 53 13 1.10 1.14 3193
 177 4753 3151 75 2 6.10 6.14 3152
 177 4689 3151 60 1 1.10 1.14 3152
 193 4753 3151 75 2 6.10 6.14 3152
 193 4689 3151 60 1 1.10 1.14 3152
 209 4753 3151 75 2 6.10 6.14 3152
 209 4689 3151 60 1 1.10 1.14 3152
 225 4753 3151 75 2 6.10 6.14 3152
 241 4753 3151 75 2 6.10 6.14 3152
 257 4673 3151 81 1 -999998.90 -18.86 3152
