 -10 254 690 0.42 1 1 2 1 1 2 2 301 0.42 1
-1
-1
-1
-1
-1
-1
-1
-1
-1
-1
-1
-1
-1
-1
-1
-1
-1
-1
-1
-1
-1
-1
y255.255.255
Area 2
 1 4753 3151 77 5 1.10 1.14 3152
 1 4737 3151 77 5 1.10 1.14 3152
 1 4689 3151 77 5 1.10 1.14 3152
 1 4705 3151 77 5 1.10 1.14 3152
 1 4721 3151 77 5 1.10 1.14 3152
 1 4641 3151 77 5 1.10 1.14 3152
 1 4625 3151 77 5 1.10 1.14 3152
 1 4609 3151 77 5 1.10 1.14 3152
 1 4593 3151 77 5 1.10 1.14 3152
 1 4529 3693 77 30 1.10 1.14 3694
 1 4657 3192 70 8 1.10 -4.86 3193 6 2
 17 4753 3151 77 5 1.10 1.14 3152
 17 4737 3151 77 13 1.10 1.14 3152
 17 4593 3151 77 10 1.10 1.14 3152
 17 4609 3151 77 6 1.10 1.14 3152
 17 4625 3151 77 6 1.10 1.14 3152
 17 4641 3151 77 6 1.10 1.14 3152
 17 4689 3151 77 6 1.10 1.14 3152
 17 4705 3151 77 6 1.10 1.14 3152
 17 4721 3151 77 6 1.10 1.14 3152
 17 4657 3192 70 23 1.10 -5.86 3193 1
 33 4753 3151 77 5 1.10 1.14 3152
 33 4737 3151 77 2 1.10 1.14 3152
 33 4593 3151 77 8 1.10 1.14 3152
 33 4657 3192 70 7 1.10 -4.86 3193
 33 4689 3151 58 1 1.10 -4.86 3152
 33 4721 3151 58 1 1.10 -4.86 3152
 33 4705 3151 58 1 1.10 -4.86 3152
 49 4753 3151 77 5 1.10 1.14 3152
 49 4737 3151 77 2 1.10 1.14 3152
 49 4593 3151 77 8 1.10 1.14 3152
 49 4721 3151 58 1 1.10 -4.86 3152
 49 4705 3151 58 1 1.10 -4.86 3152
 49 4689 3151 58 1 1.10 -4.86 3152
 65 4753 3151 77 5 1.10 1.14 3152
 65 4737 3151 77 2 1.10 1.14 3152
 65 4593 3151 77 8 1.10 1.14 3152
 65 4689 3151 60 21 1.10 1.14 3152
 65 4529 3693 77 30 1.10 1.14 3694
 65 4721 3151 58 1 1.10 -4.86 3152
 65 4705 3151 58 1 1.10 -4.86 3152
 81 4753 3151 77 5 1.10 1.14 3152
 81 4737 3151 77 2 1.10 1.14 3152
 81 4593 3151 77 8 1.10 1.14 3152
 81 4689 3151 60 21 1.10 1.14 3152
 81 4705 3151 60 21 1.10 1.14 3152
 81 4721 3151 67 14 1.10 1.14 3152
 97 4753 3151 77 5 1.10 1.14 3152
 97 4737 3151 77 2 1.10 1.14 3152
 97 4593 3151 77 8 1.10 1.14 3152
 97 4705 3151 60 21 1.10 1.14 3152
 97 4721 3151 60 21 1.10 1.14 3152
 113 4753 3151 77 5 1.10 1.14 3152
 113 4737 3151 77 2 1.10 1.14 3152
 113 4593 3151 77 8 1.10 1.14 3152
 113 4721 3151 60 21 1.10 1.14 3152
 113 4705 3151 60 21 1.10 1.14 3152
 129 4753 3151 77 5 1.10 1.14 3152
 129 4737 3151 77 2 1.10 1.14 3152
 129 4593 3151 77 8 1.10 1.14 3152
 129 4721 3151 60 21 1.10 1.14 3152
 129 4529 3693 77 30 1.10 1.14 3694
 145 4753 3151 77 5 1.10 1.14 3152
 145 4737 3151 77 2 1.10 1.14 3152
 145 4593 3151 77 8 1.10 1.14 3152
 145 4721 3151 60 21 1.10 1.14 3152
 161 4753 3151 77 5 1.10 1.14 3152
 161 4737 3151 77 2 1.10 1.14 3152
 161 4593 3151 77 8 1.10 1.14 3152
 161 4721 3151 60 21 1.10 1.14 3152
 177 4753 3151 77 5 1.10 1.14 3152
 177 4737 3151 77 2 1.10 1.14 3152
 177 4593 3151 77 8 1.10 1.14 3152
 177 4721 3151 58 1 1.10 -4.86 3152
 193 4753 3151 77 5 1.10 1.14 3152
 193 4737 3151 77 2 1.10 1.14 3152
 193 4593 3151 77 8 1.10 1.14 3152
 193 4705 3151 55 7 1.10 1.14 3152
 193 4529 3693 77 30 1.10 1.14 3694
 193 4721 3151 58 1 1.10 -4.86 3152
 209 4753 3151 77 5 1.10 1.14 3152
 209 4737 3151 77 2 1.10 1.14 3152
 209 4593 3151 77 8 1.10 1.14 3152
 209 4705 3151 60 21 1.10 1.14 3152
 209 4721 3151 58 1 1.10 -4.86 3152
 225 4753 3151 77 5 1.10 1.14 3152
 225 4737 3151 77 12 1.10 1.14 3152
 225 4593 3151 77 11 1.10 1.14 3152
 225 4609 3151 77 4 1.10 1.14 3152
 225 4625 3151 77 4 1.10 1.14 3152
 225 4641 3151 77 4 1.10 1.14 3152
 225 4657 3151 77 4 1.10 1.14 3152
 225 4673 3151 77 4 1.10 1.14 3152
 225 4689 3151 77 4 1.10 1.14 3152
 225 4705 3151 77 4 1.10 1.14 3152
 225 4721 3151 77 4 1.10 1.14 3152
 241 4753 3151 77 5 1.10 1.14 3152
 241 4737 3151 77 5 1.10 1.14 3152
 241 4721 3151 77 5 1.10 1.14 3152
 241 4705 3151 77 5 1.10 1.14 3152
 241 4689 3151 77 5 1.10 1.14 3152
 241 4673 3151 77 5 1.10 1.14 3152
 241 4657 3151 77 5 1.10 1.14 3152
 241 4641 3151 77 5 1.10 1.14 3152
 241 4625 3151 77 5 1.10 1.14 3152
 241 4609 3151 77 5 1.10 1.14 3152
 241 4593 3151 77 5 1.10 1.14 3152
 257 4673 3151 81 1 -999998.90 -18.86 3152
