 -10 1242 3458 0.42 1 1 1 1 1 2 2 301 0.42 1
-1
-1
-1
-1
-1
-1
-1
-1
-1
-1
-1
-1
-1
-1
-1
-1
-1
-1
-1
-1
-1
-1
y255.255.255
Barracks
 1 4449 15496 87 43 1.10 1.14 15497
 1 4705 15496 87 43 1.10 1.14 15497
 1 4641 15496 87 43 1.10 1.14 15497
 1 4577 15496 87 43 1.10 1.14 15497
 1 4513 15496 87 43 1.10 1.14 15497
 129 4689 3151 87 41 1.10 1.14 3152
 129 4577 3151 87 39 1.10 1.14 3152
 129 4641 3151 87 39 1.10 1.14 3152
 129 4449 15496 87 43 1.10 1.14 15497
 129 4705 15496 87 43 1.10 1.14 15497
 129 4513 15496 87 43 1.10 1.14 15497
 145 4577 3151 87 40 1.10 1.14 3152
 145 4641 3151 87 41 1.10 1.14 3152
 161 4673 3192 51 1 1.10 1.14 3193 1
 161 4577 3151 87 41 1.10 1.14 3152
 225 4689 3151 87 39 1.10 1.14 3152
 225 4625 3151 59 4 1.10 1.14 3152
 241 4689 3151 87 40 1.10 1.14 3152
 257 4689 3151 87 41 1.10 1.14 3152
 257 4449 15496 87 43 1.10 1.14 15497
 257 4705 15496 87 43 1.10 1.14 15497
 257 4513 15496 87 43 1.10 1.14 15497
 321 4609 3151 56 1 1.10 1.14 3152
 353 4577 3151 87 39 1.10 1.14 3152
 369 4577 3151 87 40 1.10 1.14 3152
 385 4449 3151 87 30 1.10 1.14 3152
 385 4465 3151 87 33 1.10 1.14 3152
 385 4481 3151 87 36 1.10 1.14 3152
 385 4497 3151 87 39 1.10 1.14 3152
 385 4577 3151 87 40 1.10 1.14 3152
 385 4705 15496 87 43 1.10 1.14 15497
 385 4513 15496 87 43 1.10 1.14 15497
 401 4449 3151 87 32 1.10 1.14 3152
 401 4465 3151 87 35 1.10 1.14 3152
 401 4481 3151 87 38 1.10 1.14 3152
 401 4497 3151 87 40 1.10 1.14 3152
 401 4673 3192 57 2 1.10 1.14 3193
 401 4577 3151 87 41 1.10 1.14 3152
 417 4497 3151 87 40 1.10 1.14 3152
 417 4433 15496 87 43 1.10 1.14 15497
 433 4497 3151 87 40 1.10 1.14 3152
 449 4497 3151 87 40 1.10 1.14 3152
 465 4497 3151 87 40 1.10 1.14 3152
 481 4497 3151 87 40 1.10 1.14 3152
 481 4689 3151 87 36 1.10 1.14 3152
 481 4673 3151 87 33 1.10 1.14 3152
 481 4657 3151 87 30 1.10 1.14 3152
 497 4497 3151 87 41 1.10 1.14 3152
 497 4689 3151 87 37 1.10 1.14 3152
 497 4673 3151 87 34 1.10 1.14 3152
 497 4657 3151 87 31 1.10 1.14 3152
 513 4497 3151 87 30 1.10 1.14 3152
 513 4513 3151 87 33 1.10 1.14 3152
 513 4529 3151 87 36 1.10 1.14 3152
 513 4689 3151 87 37 1.10 1.14 3152
 513 4673 3151 87 34 1.10 1.14 3152
 513 4657 3151 87 31 1.10 1.14 3152
 513 4705 15496 87 43 1.10 1.14 15497
 529 4497 3151 87 31 1.10 1.14 3152
 529 4513 3151 87 34 1.10 1.14 3152
 529 4529 3151 87 37 1.10 1.14 3152
 529 4689 3151 87 37 1.10 1.14 3152
 529 4673 3151 87 34 1.10 1.14 3152
 529 4657 3151 87 31 1.10 1.14 3152
 545 4689 3151 87 38 1.10 1.14 3152
 545 4481 3151 87 39 1.10 1.14 3152
 545 4497 3151 87 31 1.10 1.14 3152
 545 4513 3151 87 34 1.10 1.14 3152
 545 4529 3151 87 37 1.10 1.14 3152
 545 4673 3151 87 35 1.10 1.14 3152
 545 4657 3151 87 32 1.10 1.14 3152
 545 4417 15496 87 43 1.10 1.14 15497
 561 4481 3151 87 40 1.10 1.14 3152
 561 4497 3151 87 31 1.10 1.14 3152
 561 4513 3151 87 34 1.10 1.14 3152
 561 4529 3151 87 37 1.10 1.14 3152
 561 4641 15496 87 43 1.10 1.14 15497
 577 4481 3151 87 40 1.10 1.14 3152
 577 4497 3151 87 31 1.10 1.14 3152
 577 4513 3151 87 34 1.10 1.14 3152
 577 4529 3151 87 37 1.10 1.14 3152
 577 4545 3151 87 39 1.10 1.14 3152
 577 4625 3151 67 1 1.10 1.14 3152
 577 4561 3151 67 1 1.10 1.14 3152
 577 4577 3151 67 1 1.10 1.14 3152
 577 4593 3151 67 1 1.10 1.14 3152
 577 4609 3151 67 1 1.10 1.14 3152
 593 4481 3151 87 41 1.10 1.14 3152
 593 4497 3151 87 32 1.10 1.14 3152
 593 4513 3151 87 35 1.10 1.14 3152
 593 4529 3151 87 38 1.10 1.14 3152
 593 4545 3151 87 40 1.10 1.14 3152
 609 4545 3151 87 40 1.10 1.14 3152
 609 4625 3151 87 39 1.10 1.14 3152
 609 4353 15496 87 43 1.10 1.14 15497
 609 4481 15496 87 43 1.10 1.14 15497
 625 4545 3151 87 41 1.10 1.14 3152
 625 4625 3151 87 41 1.10 1.14 3152
 625 4561 3151 67 1 1.10 1.14 3152
 625 4577 3151 67 1 1.10 1.14 3152
 625 4593 3151 67 1 1.10 1.14 3152
 625 4609 3151 67 1 1.10 1.14 3152
 641 4705 15496 87 43 1.10 1.14 15497
 673 4417 15496 87 43 1.10 1.14 15497
 689 4689 3151 87 36 1.10 1.14 3152
 689 4673 3151 87 30 1.10 1.14 3152
 689 4545 3151 67 1 1.10 1.14 3152
 689 4561 3151 67 1 1.10 1.14 3152
 689 4577 3151 67 1 1.10 1.14 3152
 689 4593 3151 67 1 1.10 1.14 3152
 689 4609 15496 87 43 1.10 1.14 15497
 705 4689 3151 87 37 1.10 1.14 3152
 705 4673 3151 87 31 1.10 1.14 3152
 721 4689 3151 87 37 1.10 1.14 3152
 721 4673 3151 87 31 1.10 1.14 3152
 737 4689 3151 87 37 1.10 1.14 3152
 737 4673 3151 87 31 1.10 1.14 3152
 737 4353 15496 87 43 1.10 1.14 15497
 753 4689 3151 87 37 1.10 1.14 3152
 753 4673 3151 87 31 1.10 1.14 3152
 769 4689 3151 87 37 1.10 1.14 3152
 769 4673 3151 87 31 1.10 1.14 3152
 785 4689 3151 87 38 1.10 1.14 3152
 785 4673 3151 87 32 1.10 1.14 3152
 785 4513 3151 87 30 1.10 1.14 3152
 785 4529 3151 87 36 1.10 1.14 3152
 801 4497 3151 53 1 1.10 1.14 3152
 801 4513 3151 87 31 1.10 1.14 3152
 801 4529 3151 87 37 1.10 1.14 3152
 801 4417 15496 87 43 1.10 1.14 15497
 817 4513 3151 87 31 1.10 1.14 3152
 817 4529 3151 87 37 1.10 1.14 3152
 833 4497 3151 53 1 1.10 1.14 3152
 833 4513 3151 87 31 1.10 1.14 3152
 833 4529 3151 87 37 1.10 1.14 3152
 849 4513 3151 87 31 1.10 1.14 3152
 849 4529 3151 87 37 1.10 1.14 3152
 849 4641 3192 53 11 1.10 1.14 3193
 849 4657 3151 80 1 -8.90 -8.86 3152
 849 4545 3151 80 3 -8.90 -8.86 3152
 865 4513 3151 87 32 1.10 1.14 3152
 865 4529 3151 87 38 1.10 1.14 3152
 865 4353 15496 87 43 1.10 1.14 15497
 881 4689 3151 87 36 1.10 1.14 3152
 881 4673 3151 87 33 1.10 1.14 3152
 881 4657 3151 87 33 1.10 1.14 3152
 881 4481 3151 87 30 1.10 1.14 3152
 881 4497 3151 87 33 1.10 1.14 3152
 881 4513 3151 87 36 1.10 1.14 3152
 881 4641 3151 87 33 1.10 1.14 3152
 881 4625 3151 87 33 1.10 1.14 3152
 881 4609 3151 87 30 1.10 1.14 3152
 897 4753 3151 87 36 1.10 1.14 3152
 897 4737 3151 87 30 1.10 1.14 3152
 897 4689 3151 87 38 1.10 1.14 3152
 897 4673 3151 87 35 1.10 1.14 3152
 897 4657 3151 87 35 1.10 1.14 3152
 897 4481 3151 87 32 1.10 1.14 3152
 897 4497 3151 87 35 1.10 1.14 3152
 897 4513 3151 87 38 1.10 1.14 3152
 897 4641 3151 87 35 1.10 1.14 3152
 897 4625 3151 87 35 1.10 1.14 3152
 897 4609 3151 87 32 1.10 1.14 3152
 913 4753 3151 87 37 1.10 1.14 3152
 913 4737 3151 87 31 1.10 1.14 3152
 913 4673 15496 87 43 1.10 1.14 15497
 913 4657 3151 87 42 1.10 1.14 3152
 913 4481 3151 87 30 1.10 1.14 3152
 913 4497 3151 87 36 1.10 1.14 3152
 929 4753 3151 87 37 1.10 1.14 3152
 929 4737 3151 87 31 1.10 1.14 3152
 929 4481 3151 87 31 1.10 1.14 3152
 929 4497 3151 87 37 1.10 1.14 3152
 929 4417 15496 87 43 1.10 1.14 15497
 945 4753 3151 87 38 1.10 1.14 3152
 945 4737 3151 87 32 1.10 1.14 3152
 945 4657 3151 67 1 1.10 1.14 3152
 945 4641 3151 87 36 1.10 1.14 3152
 945 4481 3151 87 31 1.10 1.14 3152
 945 4497 3151 87 37 1.10 1.14 3152
 945 4625 3151 87 33 1.10 1.14 3152
 945 4609 3151 87 30 1.10 1.14 3152
 945 4593 3151 87 36 1.10 1.14 3152
 945 4577 3151 87 30 1.10 1.14 3152
 961 4753 3151 87 36 1.10 1.14 3152
 961 4737 3151 87 30 1.10 1.14 3152
 961 4657 3151 67 1 1.10 1.14 3152
 961 4641 3151 87 37 1.10 1.14 3152
 961 4625 3151 87 34 1.10 1.14 3152
 961 4481 3151 87 31 1.10 1.14 3152
 961 4497 3151 87 37 1.10 1.14 3152
 961 4609 3151 87 31 1.10 1.14 3152
 961 4593 3151 87 37 1.10 1.14 3152
 961 4577 3151 87 31 1.10 1.14 3152
 977 4753 3151 87 37 1.10 1.14 3152
 977 4737 3151 87 31 1.10 1.14 3152
 977 4657 3151 67 1 1.10 1.14 3152
 977 4641 3151 87 37 1.10 1.14 3152
 977 4625 3151 87 34 1.10 1.14 3152
 977 4609 3151 87 31 1.10 1.14 3152
 977 4481 3151 87 31 1.10 1.14 3152
 977 4497 3151 87 37 1.10 1.14 3152
 977 4593 3151 87 37 1.10 1.14 3152
 977 4577 3151 87 31 1.10 1.14 3152
 993 4753 3151 87 37 1.10 1.14 3152
 993 4737 3151 87 31 1.10 1.14 3152
 993 4657 3151 67 1 1.10 1.14 3152
 993 4641 3151 87 38 1.10 1.14 3152
 993 4625 3151 87 35 1.10 1.14 3152
 993 4609 3151 87 32 1.10 1.14 3152
 993 4593 3151 87 37 1.10 1.14 3152
 993 4369 3151 87 30 1.10 1.14 3152
 993 4385 3151 87 33 1.10 1.14 3152
 993 4401 3151 87 36 1.10 1.14 3152
 993 4481 3151 87 32 1.10 1.14 3152
 993 4497 3151 87 38 1.10 1.14 3152
 993 4577 3151 87 31 1.10 1.14 3152
 1009 4753 3151 87 37 1.10 1.14 3152
 1009 4737 3151 87 31 1.10 1.14 3152
 1009 4593 3151 87 37 1.10 1.14 3152
 1009 4577 3151 87 31 1.10 1.14 3152
 1009 4369 3151 87 31 1.10 1.14 3152
 1009 4385 3151 87 34 1.10 1.14 3152
 1009 4401 3151 87 37 1.10 1.14 3152
 1009 4481 3196 56 7 1.10 1.14 3197
 1025 4753 3151 87 37 1.10 1.14 3152
 1025 4737 3151 87 31 1.10 1.14 3152
 1025 4657 3151 71 37 1.10 1.14 3152
 1025 4593 3151 87 37 1.10 1.14 3152
 1025 4577 3151 87 31 1.10 1.14 3152
 1025 4369 3151 87 31 1.10 1.14 3152
 1025 4385 3151 87 34 1.10 1.14 3152
 1025 4401 3151 87 37 1.10 1.14 3152
 1041 4753 3151 87 38 1.10 1.14 3152
 1041 4737 3151 87 32 1.10 1.14 3152
 1041 4673 15496 87 43 1.10 1.14 15497
 1041 4593 3151 87 38 1.10 1.14 3152
 1041 4577 3151 87 32 1.10 1.14 3152
 1041 4369 3151 87 32 1.10 1.14 3152
 1041 4385 3151 87 35 1.10 1.14 3152
 1041 4401 3151 87 38 1.10 1.14 3152
 1057 4753 3151 87 36 1.10 1.14 3152
 1057 4737 3151 87 30 1.10 1.14 3152
 1057 4657 3151 87 39 1.10 1.14 3152
 1057 4449 3151 87 30 1.10 1.14 3152
 1057 4465 3151 87 36 1.10 1.14 3152
 1057 4481 3151 87 39 1.10 1.14 3152
 1057 4497 3196 56 7 1.10 1.14 3197
 1057 4385 15496 87 43 1.10 1.14 15497
 1073 4753 3151 87 37 1.10 1.14 3152
 1073 4737 3151 87 31 1.10 1.14 3152
 1073 4657 3151 87 41 1.10 1.14 3152
 1073 4449 3151 87 31 1.10 1.14 3152
 1073 4465 3151 87 37 1.10 1.14 3152
 1073 4481 3151 87 41 1.10 1.14 3152
 1089 4753 3151 87 37 1.10 1.14 3152
 1089 4737 3151 87 31 1.10 1.14 3152
 1089 4657 3151 87 36 1.10 1.14 3152
 1089 4641 3151 87 33 1.10 1.14 3152
 1089 4625 3151 87 30 1.10 1.14 3152
 1089 4449 3151 87 31 1.10 1.14 3152
 1089 4465 3151 87 37 1.10 1.14 3152
 1105 4753 3151 87 37 1.10 1.14 3152
 1105 4737 3151 87 31 1.10 1.14 3152
 1105 4657 3151 87 37 1.10 1.14 3152
 1105 4641 3151 87 34 1.10 1.14 3152
 1105 4625 3151 87 31 1.10 1.14 3152
 1105 4449 3151 87 31 1.10 1.14 3152
 1105 4465 3151 87 37 1.10 1.14 3152
 1105 4481 3151 87 30 1.10 1.14 3152
 1105 4497 3151 87 33 1.10 1.14 3152
 1105 4513 3151 87 36 1.10 1.14 3152
 1121 4753 3151 87 38 1.10 1.14 3152
 1121 4737 3151 87 32 1.10 1.14 3152
 1121 4657 3151 87 37 1.10 1.14 3152
 1121 4641 3151 87 34 1.10 1.14 3152
 1121 4625 3151 87 31 1.10 1.14 3152
 1121 4609 3151 56 5 1.10 1.14 3152
 1121 4449 3151 87 31 1.10 1.14 3152
 1121 4465 3151 87 37 1.10 1.14 3152
 1121 4481 3151 87 31 1.10 1.14 3152
 1121 4497 3151 87 34 1.10 1.14 3152
 1121 4513 3151 87 37 1.10 1.14 3152
 1137 4753 3151 87 36 1.10 1.14 3152
 1137 4737 3151 87 30 1.10 1.14 3152
 1137 4657 3151 87 38 1.10 1.14 3152
 1137 4641 3151 87 35 1.10 1.14 3152
 1137 4625 3151 87 32 1.10 1.14 3152
 1137 4449 3151 87 31 1.10 1.14 3152
 1137 4465 3151 87 37 1.10 1.14 3152
 1137 4481 3151 87 31 1.10 1.14 3152
 1137 4497 3151 87 34 1.10 1.14 3152
 1137 4513 3151 87 37 1.10 1.14 3152
 1153 4753 3151 87 38 1.10 1.14 3152
 1153 4737 3151 87 32 1.10 1.14 3152
 1153 4449 3151 87 32 1.10 1.14 3152
 1153 4465 3151 87 38 1.10 1.14 3152
 1153 4481 3151 87 32 1.10 1.14 3152
 1153 4497 3151 87 35 1.10 1.14 3152
 1153 4513 3151 87 38 1.10 1.14 3152
 1169 4705 15496 87 43 1.10 1.14 15497
 1169 4449 3151 87 42 1.10 1.14 3152
 1169 4465 3151 87 42 1.10 1.14 3152
 1169 4481 15496 87 43 1.10 1.14 15497
 1185 4417 15496 87 43 1.10 1.14 15497
 1217 4609 3151 79 48 4.10 4.14 0
 1217 4593 3151 79 51 4.10 4.14 0
 1217 4577 3151 79 51 4.10 4.14 0
 1217 4561 3151 79 51 4.10 4.14 0
 1217 4545 3151 79 50 4.10 4.14 0
 1233 4689 3151 56 8 1.10 1.14 3152
 1265 4689 3151 56 8 1.10 1.14 3152
 1297 4609 3151 79 48 4.10 4.14 0
 1297 4593 3151 79 51 4.10 4.14 0
 1297 4577 3151 79 51 4.10 4.14 0
 1297 4561 3151 79 51 4.10 4.14 0
 1297 4545 3151 79 50 4.10 4.14 0
 1297 4705 15496 87 43 1.10 1.14 15497
 1297 4481 15496 87 43 1.10 1.14 15497
 1313 4417 3151 87 30 1.10 1.14 3152
 1313 4433 3151 87 33 1.10 1.14 3152
 1313 4449 3151 87 33 1.10 1.14 3152
 1313 4465 3151 87 36 1.10 1.14 3152
 1329 4161 15496 87 43 1.10 1.14 15497
 1329 4225 15496 87 43 1.10 1.14 15497
 1329 4417 3151 87 31 1.10 1.14 3152
 1329 4433 3151 87 34 1.10 1.14 3152
 1329 4449 3151 87 34 1.10 1.14 3152
 1329 4465 3151 87 37 1.10 1.14 3152
 1345 4417 3151 87 32 1.10 1.14 3152
 1345 4433 3151 87 35 1.10 1.14 3152
 1345 4449 3151 87 35 1.10 1.14 3152
 1345 4465 3151 87 38 1.10 1.14 3152
 1361 4289 15496 87 43 1.10 1.14 15497
 1361 4353 15496 87 43 1.10 1.14 15497
 1361 4417 15496 87 43 1.10 1.14 15497
 1377 4609 3151 79 49 4.10 4.14 0
 1377 4593 3151 79 51 4.10 4.14 0
 1377 4577 3151 79 51 4.10 4.14 0
 1377 4561 3151 79 51 4.10 4.14 0
 1377 4545 3151 79 50 4.10 4.14 0
 1425 4705 15496 87 43 1.10 1.14 15497
 1425 4609 15496 87 43 1.10 1.14 15497
 1425 4545 15496 87 43 1.10 1.14 15497
 1425 4481 15496 87 43 1.10 1.14 15497
 1457 4161 15496 87 43 1.10 1.14 15497
 1457 4225 15496 87 43 1.10 1.14 15497
 1457 4689 3151 56 5 1.10 1.14 3152
 1473 4673 3192 71 7 1.10 1.14 3193
 1489 4369 3151 87 39 1.10 1.14 3152
 1489 4689 3151 87 36 1.10 1.14 3152
 1489 4673 3151 87 30 1.10 1.14 3152
 1505 4353 3151 67 27 1.10 1.14 3152
 1505 4369 3151 87 41 1.10 1.14 3152
 1505 4689 3151 87 37 1.10 1.14 3152
 1505 4673 3151 87 31 1.10 1.14 3152
 1505 4465 3151 67 27 1.10 1.14 3152
 1521 4401 3151 67 27 1.10 1.14 3152
 1521 4417 3151 87 39 1.10 1.14 3152
 1521 4689 3151 87 37 1.10 1.14 3152
 1521 4673 3151 87 31 1.10 1.14 3152
 1537 4417 3151 87 41 1.10 1.14 3152
 1537 4689 3151 87 38 1.10 1.14 3152
 1537 4673 3151 87 32 1.10 1.14 3152
 1553 4705 15496 87 43 1.10 1.14 15497
 1553 4641 15496 87 43 1.10 1.14 15497
 1553 4577 15496 87 43 1.10 1.14 15497
 1553 4561 3151 87 36 1.10 1.14 3152
 1553 4513 3151 87 30 1.10 1.14 3152
 1553 4545 3151 87 33 1.10 1.14 3152
 1553 4529 3151 87 33 1.10 1.14 3152
 1553 4369 15496 87 43 1.10 1.14 15497
 1569 4353 3151 67 27 1.10 1.14 3152
 1569 4513 3151 87 31 1.10 1.14 3152
 1569 4529 3151 87 34 1.10 1.14 3152
 1569 4561 3151 87 37 1.10 1.14 3152
 1569 4545 3151 87 34 1.10 1.14 3152
 1585 4497 3151 67 27 1.10 1.14 3152
 1585 4513 3151 87 31 1.10 1.14 3152
 1585 4529 3151 87 34 1.10 1.14 3152
 1585 4545 3151 87 34 1.10 1.14 3152
 1585 4561 3151 87 37 1.10 1.14 3152
 1585 4129 15496 87 43 1.10 1.14 15497
 1585 4193 15496 87 43 1.10 1.14 15497
 1601 4513 3151 87 31 1.10 1.14 3152
 1601 4529 3151 87 34 1.10 1.14 3152
 1601 4545 3151 87 34 1.10 1.14 3152
 1601 4561 3151 87 37 1.10 1.14 3152
 1617 4513 3151 87 32 1.10 1.14 3152
 1617 4529 3151 87 35 1.10 1.14 3152
 1617 4545 3151 87 35 1.10 1.14 3152
 1617 4561 3151 87 38 1.10 1.14 3152
 1617 4305 3151 59 18 1.10 1.14 3152
 1633 4353 3151 67 27 1.10 1.14 3152
 1665 4561 3151 67 27 1.10 1.14 3152
 1665 4257 15496 87 43 1.10 1.14 15497
 1681 4705 15496 87 43 1.10 1.14 15497
 1681 4689 3151 87 36 1.10 1.14 3152
 1681 4673 3151 87 30 1.10 1.14 3152
 1681 4449 15496 87 43 1.10 1.14 15497
 1681 4321 15496 87 43 1.10 1.14 15497
 1681 4385 15496 87 43 1.10 1.14 15497
 1697 4689 3151 87 38 1.10 1.14 3152
 1697 4673 3151 87 32 1.10 1.14 3152
 1697 4657 3151 67 27 1.10 1.14 3152
 1713 4129 15496 87 43 1.10 1.14 15497
 1713 4193 15496 87 43 1.10 1.14 15497
 1729 4673 3192 71 31 1.10 1.14 3193
 1761 4689 3151 87 36 1.10 1.14 3152
 1761 4673 3151 87 33 1.10 1.14 3152
 1761 4657 3151 87 33 1.10 1.14 3152
 1761 4641 3151 87 33 1.10 1.14 3152
 1761 4625 3151 87 30 1.10 1.14 3152
 1777 4689 3151 87 37 1.10 1.14 3152
 1777 4673 3151 87 34 1.10 1.14 3152
 1777 4657 3151 87 34 1.10 1.14 3152
 1777 4641 3151 87 34 1.10 1.14 3152
 1777 4593 3192 71 21 1.10 1.14 3193
 1777 4625 3151 87 31 1.10 1.14 3152
 1793 4689 3151 87 38 1.10 1.14 3152
 1793 4673 3151 87 35 1.10 1.14 3152
 1793 4657 3151 87 35 1.10 1.14 3152
 1793 4641 3151 87 35 1.10 1.14 3152
 1793 4625 3151 87 32 1.10 1.14 3152
 1793 4257 3151 87 30 1.10 1.14 3152
 1793 4273 3151 87 36 1.10 1.14 3152
 1793 4289 3151 87 42 1.10 1.14 3152
 1793 4305 3151 87 42 1.10 1.14 3152
 1809 4705 15496 87 43 1.10 1.14 15497
 1809 4641 15496 87 43 1.10 1.14 15497
 1809 4577 15496 87 43 1.10 1.14 15497
 1809 4257 3151 87 31 1.10 1.14 3152
 1809 4273 3151 87 37 1.10 1.14 3152
 1809 4289 15496 87 43 1.10 1.14 15497
 1809 4353 15496 87 43 1.10 1.14 15497
 1809 4417 15496 87 43 1.10 1.14 15497
 1825 4561 3151 67 27 1.10 1.14 3152
 1825 4257 3151 87 32 1.10 1.14 3152
 1825 4273 3151 87 38 1.10 1.14 3152
 1857 4545 3192 71 2 1.10 1.14 3193
 1873 4561 3151 67 27 1.10 1.14 3152
 1889 4481 3151 87 30 1.10 1.14 3152
 1889 4497 3151 87 33 1.10 1.14 3152
 1889 4513 3151 87 33 1.10 1.14 3152
 1889 4529 3151 87 33 1.10 1.14 3152
 1889 4545 3151 87 33 1.10 1.14 3152
 1889 4561 3151 87 36 1.10 1.14 3152
 1905 4561 3151 87 37 1.10 1.14 3152
 1905 4481 3151 87 31 1.10 1.14 3152
 1905 4497 3151 87 34 1.10 1.14 3152
 1905 4513 3151 87 34 1.10 1.14 3152
 1905 4529 3151 87 34 1.10 1.14 3152
 1905 4545 3151 87 34 1.10 1.14 3152
 1921 4561 3151 87 38 1.10 1.14 3152
 1921 4481 3151 87 32 1.10 1.14 3152
 1921 4497 3151 87 35 1.10 1.14 3152
 1921 4513 3151 87 35 1.10 1.14 3152
 1921 4529 3151 87 35 1.10 1.14 3152
 1921 4545 3151 87 35 1.10 1.14 3152
 1937 4289 15496 87 43 1.10 1.14 15497
 1937 4705 15496 87 43 1.10 1.14 15497
 1937 4353 15496 87 43 1.10 1.14 15497
 1937 4449 15496 87 43 1.10 1.14 15497
 1937 4641 15496 87 43 1.10 1.14 15497
 1937 4577 15496 87 43 1.10 1.14 15497
 1937 4513 15496 87 43 1.10 1.14 15497
 1969 4417 3192 71 33 1.10 1.14 3193
 2017 4433 3151 67 1 1.10 1.14 3152
 2049 4433 3151 67 1 1.10 1.14 3152
 2065 4705 15496 87 43 1.10 1.14 15497
 2065 4513 15496 87 43 1.10 1.14 15497
 2065 4289 15496 87 43 1.10 1.14 15497
 2065 4353 15496 87 43 1.10 1.14 15497
 2065 4449 15496 87 43 1.10 1.14 15497
 2081 4433 3151 67 1 1.10 1.14 3152
 2081 4673 3192 71 32 1.10 1.14 3193
 2081 4593 3151 87 59 1.10 1.14 3152
 2113 4433 3151 67 1 1.10 1.14 3152
 2129 4657 3151 87 50 1.10 1.14 3152
 2129 4641 3151 87 44 1.10 1.14 3152
 2145 4657 3151 87 51 1.10 1.14 3152
 2145 4641 3151 87 45 1.10 1.14 3152
 2145 4433 3151 67 1 1.10 1.14 3152
 2161 4657 3151 87 51 1.10 1.14 3152
 2161 4641 3151 87 45 1.10 1.14 3152
 2177 4657 3151 87 51 1.10 1.14 3152
 2177 4641 3151 87 45 1.10 1.14 3152
 2177 4433 3151 67 1 1.10 1.14 3152
 2193 4657 3151 87 51 1.10 1.14 3152
 2193 4641 3151 87 45 1.10 1.14 3152
 2193 4705 15496 87 43 1.10 1.14 15497
 2193 4513 15496 87 43 1.10 1.14 15497
 2193 4289 15496 87 43 1.10 1.14 15497
 2193 4353 15496 87 43 1.10 1.14 15497
 2193 4449 15496 87 43 1.10 1.14 15497
 2209 4657 3151 87 52 1.10 1.14 3152
 2209 4641 3151 87 46 1.10 1.14 3152
 2209 4593 3151 56 1 1.10 1.14 3152
 2209 4433 3151 67 1 1.10 1.14 3152
 2241 4433 3151 67 1 1.10 1.14 3152
 2257 4625 3151 87 58 1.10 1.14 3152
 2257 4609 3151 87 57 1.10 1.14 3152
 2257 4593 3151 87 56 1.10 1.14 3152
 2273 4433 3151 67 1 1.10 1.14 3152
 2305 4689 3151 87 47 1.10 1.14 3152
 2305 4673 3151 87 44 1.10 1.14 3152
 2305 4433 3151 67 1 1.10 1.14 3152
 2321 4705 15496 87 43 1.10 1.14 15497
 2321 4689 3151 87 48 1.10 1.14 3152
 2321 4673 3151 87 45 1.10 1.14 3152
 2321 4513 15496 87 43 1.10 1.14 15497
 2321 4289 15496 87 43 1.10 1.14 15497
 2321 4353 15496 87 43 1.10 1.14 15497
 2321 4449 15496 87 43 1.10 1.14 15497
 2337 4689 3151 87 48 1.10 1.14 3152
 2337 4673 3151 87 45 1.10 1.14 3152
 2337 4657 3151 56 3 1.10 1.14 3152
 2337 4433 3151 67 1 1.10 1.14 3152
 2353 4689 3151 87 48 1.10 1.14 3152
 2353 4673 3151 87 45 1.10 1.14 3152
 2369 4689 3151 87 48 1.10 1.14 3152
 2369 4673 3151 87 45 1.10 1.14 3152
 2369 4433 3151 67 1 1.10 1.14 3152
 2385 4689 3151 87 48 1.10 1.14 3152
 2385 4673 3151 87 45 1.10 1.14 3152
 2401 4433 3151 67 1 1.10 1.14 3152
 2401 4689 3151 87 48 1.10 1.14 3152
 2401 4673 3151 87 45 1.10 1.14 3152
 2417 4689 3151 87 48 1.10 1.14 3152
 2417 4673 3151 87 45 1.10 1.14 3152
 2433 4433 3151 67 1 1.10 1.14 3152
 2433 4689 3151 87 49 1.10 1.14 3152
 2433 4673 3151 87 46 1.10 1.14 3152
 2449 4289 15496 87 43 1.10 1.14 15497
 2449 4353 15496 87 43 1.10 1.14 15497
 2449 4449 15496 87 43 1.10 1.14 15497
 2449 4705 15496 87 43 1.10 1.14 15497
 2449 4513 15496 87 43 1.10 1.14 15497
 2465 4433 3151 67 1 1.10 1.14 3152
 2465 4641 3151 87 50 1.10 1.14 3152
 2465 4625 3151 87 47 1.10 1.14 3152
 2465 4609 3151 87 44 1.10 1.14 3152
 2481 4641 3151 87 51 1.10 1.14 3152
 2481 4625 3151 87 48 1.10 1.14 3152
 2481 4609 3151 87 45 1.10 1.14 3152
 2481 4593 3151 56 3 1.10 1.14 3152
 2497 4433 3151 67 1 1.10 1.14 3152
 2497 4641 3151 87 51 1.10 1.14 3152
 2497 4625 3151 87 48 1.10 1.14 3152
 2497 4609 3151 87 45 1.10 1.14 3152
 2513 4641 3151 87 51 1.10 1.14 3152
 2513 4625 3151 87 48 1.10 1.14 3152
 2513 4609 3151 87 45 1.10 1.14 3152
 2529 4433 3151 67 1 1.10 1.14 3152
 2529 4641 3151 87 51 1.10 1.14 3152
 2529 4625 3151 87 48 1.10 1.14 3152
 2529 4609 3151 87 45 1.10 1.14 3152
 2529 4593 3151 56 3 1.10 1.14 3152
 2545 4641 3151 87 52 1.10 1.14 3152
 2545 4625 3151 87 49 1.10 1.14 3152
 2545 4609 3151 87 46 1.10 1.14 3152
 2561 4433 3151 67 1 1.10 1.14 3152
 2577 4289 15496 87 43 1.10 1.14 15497
 2577 4353 15496 87 43 1.10 1.14 15497
 2577 4705 15496 87 43 1.10 1.14 15497
 2577 4449 15496 87 43 1.10 1.14 15497
 2577 4513 15496 87 43 1.10 1.14 15497
 2593 4433 3151 67 1 1.10 1.14 3152
 2609 4673 3151 87 50 1.10 1.14 3152
 2609 4657 3151 87 44 1.10 1.14 3152
 2625 4673 3151 87 51 1.10 1.14 3152
 2625 4657 3151 87 45 1.10 1.14 3152
 2625 4433 3151 67 1 1.10 1.14 3152
 2641 4673 3151 87 51 1.10 1.14 3152
 2641 4657 3151 87 45 1.10 1.14 3152
 2657 4673 3151 87 51 1.10 1.14 3152
 2657 4657 3151 87 45 1.10 1.14 3152
 2657 4641 3151 56 3 1.10 1.14 3152
 2657 4433 3151 67 1 1.10 1.14 3152
 2673 4673 3151 87 51 1.10 1.14 3152
 2673 4657 3151 87 45 1.10 1.14 3152
 2689 4673 3151 87 51 1.10 1.14 3152
 2689 4657 3151 87 45 1.10 1.14 3152
 2689 4433 3151 67 1 1.10 1.14 3152
 2705 4673 3151 87 51 1.10 1.14 3152
 2705 4657 3151 87 45 1.10 1.14 3152
 2705 4705 15496 87 43 1.10 1.14 15497
 2705 4225 15496 87 43 1.10 1.14 15497
 2705 4289 15496 87 43 1.10 1.14 15497
 2705 4353 15496 87 43 1.10 1.14 15497
 2705 4449 15496 87 43 1.10 1.14 15497
 2705 4513 15496 87 43 1.10 1.14 15497
 2721 4673 3151 87 52 1.10 1.14 3152
 2721 4657 3151 87 46 1.10 1.14 3152
 2721 4433 3151 67 1 1.10 1.14 3152
 2753 4433 3151 67 1 1.10 1.14 3152
 2785 4433 3151 67 7 1.10 1.14 3152
 2801 4577 3693 56 2 1.10 1.14 3694
 2817 4433 3151 67 14 1.10 1.14 3152
 2833 4705 15496 87 43 1.10 1.14 15497
 2833 4225 15496 87 43 1.10 1.14 15497
 2833 4289 15496 87 43 1.10 1.14 15497
 2833 4449 15496 87 43 1.10 1.14 15497
 2833 4513 15496 87 43 1.10 1.14 15497
 2881 4401 3151 87 30 1.10 1.14 3152
 2881 4417 3151 87 33 1.10 1.14 3152
 2881 4433 3151 87 36 1.10 1.14 3152
 2897 4401 3151 87 31 1.10 1.14 3152
 2897 4417 3151 87 34 1.10 1.14 3152
 2897 4433 3151 87 37 1.10 1.14 3152
 2913 4369 3192 71 6 1.10 1.14 3193 11 1
 2913 4401 3151 87 31 1.10 1.14 3152
 2913 4417 3151 87 34 1.10 1.14 3152
 2913 4433 3151 87 37 1.10 1.14 3152
 2929 4673 3192 71 6 1.10 1.14 3193 11 1
 2929 4401 3151 87 31 1.10 1.14 3152
 2929 4417 3151 87 34 1.10 1.14 3152
 2929 4433 3151 87 37 1.10 1.14 3152
 2945 4401 3151 87 32 1.10 1.14 3152
 2945 4417 3151 87 35 1.10 1.14 3152
 2945 4433 3151 87 38 1.10 1.14 3152
 2961 4705 15496 87 43 1.10 1.14 15497
 2961 4641 15496 87 43 1.10 1.14 15497
 2961 4577 15496 87 43 1.10 1.14 15497
 2961 4257 15496 87 43 1.10 1.14 15497
 2961 4321 15496 87 43 1.10 1.14 15497
 2961 4385 15496 87 43 1.10 1.14 15497
 2961 4449 15496 87 43 1.10 1.14 15497
 2961 4513 15496 87 43 1.10 1.14 15497
 3089 4513 3151 81 1 -999998.90 -18.86 3152
