 -10 1259 693 0.42 1 1 1 1 1 2 2 301 0.42 1
-1
-1
-1
-1
-1
-1
-1
-1
-1
-1
-1
-1
-1
-1
-1
-1
-1
-1
-1
-1
-1
-1
y255.255.255
Area 3
 17 4753 3151 75 4 6.10 6.14 3152
 17 4737 3151 75 4 6.10 6.14 3152
 17 4721 3151 75 1 6.10 6.14 3152
 17 4705 3151 67 1 1.10 1.14 3152
 33 4753 3151 75 5 6.10 6.14 3152
 33 4737 3151 75 5 6.10 6.14 3152
 33 4721 3151 75 2 6.10 6.14 3152
 33 4705 3151 67 1 1.10 1.14 3152
 49 4753 3151 75 5 6.10 6.14 3152
 49 4737 3151 75 5 6.10 6.14 3152
 49 4721 3151 75 2 6.10 6.14 3152
 49 4705 3151 75 4 6.10 6.14 3152
 49 4689 3151 75 4 6.10 6.14 3152
 49 4673 3151 75 1 6.10 6.14 3152
 49 4657 3151 67 1 1.10 1.14 3152
 65 4753 3151 75 5 6.10 6.14 3152
 65 4737 3151 75 5 6.10 6.14 3152
 65 4721 3151 75 2 6.10 6.14 3152
 65 4705 3151 75 5 6.10 6.14 3152
 65 4689 3151 75 5 6.10 6.14 3152
 65 4673 3151 75 2 6.10 6.14 3152
 65 4657 3151 67 1 1.10 1.14 3152
 81 4321 3151 84 1 6.10 6.14 3152
 81 4753 3151 75 5 6.10 6.14 3152
 81 4673 3151 75 2 6.10 6.14 3152
 81 4689 3151 75 5 6.10 6.14 3152
 81 4705 3151 75 5 6.10 6.14 3152
 81 4721 3151 75 2 6.10 6.14 3152
 81 4737 3151 75 5 6.10 6.14 3152
 81 4641 3192 51 1 1.10 1.14 3193 1
 97 4321 3151 84 1 6.10 6.14 3152
 97 4753 3151 75 5 6.10 6.14 3152
 97 4673 3151 75 2 6.10 6.14 3152
 97 4689 3151 75 5 6.10 6.14 3152
 97 4705 3151 75 5 6.10 6.14 3152
 97 4721 3151 75 2 6.10 6.14 3152
 97 4737 3151 75 5 6.10 6.14 3152
 97 4657 3151 67 1 1.10 1.14 3152
 113 4321 3151 84 1 6.10 6.14 3152
 113 4753 3151 75 5 6.10 6.14 3152
 113 4673 3151 75 3 6.10 6.14 3152
 113 4689 3151 75 6 6.10 6.14 3152
 113 4705 3151 75 6 6.10 6.14 3152
 113 4721 3151 75 2 6.10 6.14 3152
 113 4737 3151 75 5 6.10 6.14 3152
 113 4657 3151 67 1 1.10 1.14 3152
 129 4321 3151 84 1 6.10 6.14 3152
 129 4753 3151 75 5 6.10 6.14 3152
 129 4721 3151 75 2 6.10 6.14 3152
 129 4737 3151 75 5 6.10 6.14 3152
 129 4705 3151 67 1 1.10 1.14 3152
 145 4321 3151 84 1 6.10 6.14 3152
 145 4753 3151 75 6 6.10 6.14 3152
 145 4721 3151 75 3 6.10 6.14 3152
 145 4737 3151 75 6 6.10 6.14 3152
 145 4705 3151 67 1 1.10 1.14 3152
 161 4321 3151 84 1 6.10 6.14 3152
 177 4321 3151 84 1 6.10 6.14 3152
 193 4321 3151 84 1 6.10 6.14 3152
 209 4321 3151 84 1 6.10 6.14 3152
 209 4689 3151 75 25 6.10 6.14 3152
 209 4737 3677 62 4 1.10 1.14 3678
 225 4321 3151 84 1 6.10 6.14 3152
 225 4753 3151 75 29 6.10 6.14 3152
 225 4737 3151 75 29 6.10 6.14 3152
 225 4721 3151 75 29 6.10 6.14 3152
 225 4705 3151 75 28 6.10 6.14 3152
 225 4689 3151 75 26 6.10 6.14 3152
 241 4321 3151 84 1 6.10 6.14 3152
 241 4689 3151 75 27 6.10 6.14 3152
 257 4321 3151 84 1 6.10 6.14 3152
 273 4321 3151 84 1 6.10 6.14 3152
 289 4321 3151 84 1 6.10 6.14 3152
 289 4673 3151 75 25 6.10 6.14 3152
 305 4321 3151 84 1 6.10 6.14 3152
 305 4673 3151 75 26 6.10 6.14 3152
 305 4689 3151 75 28 6.10 6.14 3152
 305 4753 3151 75 29 6.10 6.14 3152
 305 4737 3151 75 29 6.10 6.14 3152
 305 4721 3151 75 29 6.10 6.14 3152
 305 4705 3151 75 29 6.10 6.14 3152
 321 4321 3151 84 1 6.10 6.14 3152
 321 4673 3151 75 27 6.10 6.14 3152
 337 4321 3151 84 1 6.10 6.14 3152
 353 4321 3151 84 1 6.10 6.14 3152
 369 4321 3151 84 1 6.10 6.14 3152
 385 4321 3151 84 1 6.10 6.14 3152
 385 4737 3151 80 1 -8.90 -8.86 3152
 385 4705 3151 80 2 -8.90 -8.86 3152
 401 4321 3151 84 1 6.10 6.14 3152
 417 4321 3151 84 1 6.10 6.14 3152
 433 4321 3151 84 1 6.10 6.14 3152
 449 4321 3151 84 1 6.10 6.14 3152
 465 4321 3151 84 1 6.10 6.14 3152
 465 4705 3151 80 1 -8.90 -8.86 3152
 465 4689 3151 80 2 -8.90 -8.86 3152
 481 4321 3151 84 1 6.10 6.14 3152
 497 4321 3151 84 1 6.10 6.14 3152
 513 4321 3151 84 1 6.10 6.14 3152
 513 4689 3151 80 1 -8.90 -8.86 3152
 513 4625 3151 80 2 -8.90 -8.86 3152
 529 4321 3151 84 1 6.10 6.14 3152
 545 4321 3151 84 1 6.10 6.14 3152
 561 4321 3151 84 1 6.10 6.14 3152
 577 4321 3151 84 1 6.10 6.14 3152
 577 4625 3151 80 1 -8.90 -8.86 3152
 577 4577 3151 80 2 -8.90 -8.86 3152
 593 4321 3151 84 1 6.10 6.14 3152
 609 4321 3151 84 1 6.10 6.14 3152
 625 4321 3151 84 1 6.10 6.14 3152
 641 4321 3151 84 1 6.10 6.14 3152
 641 4577 3151 80 3 -8.90 -8.86 3152
 641 4689 3151 80 2 -8.90 -8.86 3152
 657 4321 3151 84 1 6.10 6.14 3152
 673 4321 3151 84 1 6.10 6.14 3152
 689 4321 3151 84 1 6.10 6.14 3152
 705 4321 3151 84 1 6.10 6.14 3152
 721 4321 3151 84 1 6.10 6.14 3152
 737 4321 3151 84 1 6.10 6.14 3152
 753 4321 3151 84 1 6.10 6.14 3152
 769 4321 3151 84 1 6.10 6.14 3152
 769 4657 3151 58 14 1.10 -4.86 3152
 769 4673 3151 58 17 1.10 -4.86 3152
 785 4321 3151 84 1 6.10 6.14 3152
 785 4657 3151 58 15 1.10 -4.86 3152
 785 4673 3151 58 18 1.10 -4.86 3152
 801 4321 3151 84 1 6.10 6.14 3152
 801 4641 3151 53 4 1.10 1.14 3152
 801 4657 3151 58 15 1.10 -4.86 3152
 801 4673 3151 58 18 1.10 -4.86 3152
 817 4321 3151 84 1 6.10 6.14 3152
 817 4657 3151 58 15 1.10 -4.86 3152
 817 4673 3151 58 18 1.10 -4.86 3152
 833 4321 3151 84 1 6.10 6.14 3152
 833 4657 3151 58 16 1.10 -4.86 3152
 833 4673 3151 58 19 1.10 -4.86 3152
 849 4321 3151 84 1 6.10 6.14 3152
 865 4321 3151 84 1 6.10 6.14 3152
 881 4321 3151 84 1 6.10 6.14 3152
 897 4321 3151 84 1 6.10 6.14 3152
 897 4657 3151 58 14 1.10 -4.86 3152
 897 4673 3151 58 17 1.10 -4.86 3152
 913 4321 3151 84 1 6.10 6.14 3152
 913 4593 3151 59 6 1.10 1.14 3152
 913 4657 3151 58 15 1.10 -4.86 3152
 913 4673 3151 58 18 1.10 -4.86 3152
 929 4321 3151 84 1 6.10 6.14 3152
 929 4657 3151 58 15 1.10 -4.86 3152
 929 4673 3151 58 18 1.10 -4.86 3152
 945 4321 3151 84 1 6.10 6.14 3152
 945 4657 3151 58 15 1.10 -4.86 3152
 945 4673 3151 58 18 1.10 -4.86 3152
 961 4321 3151 84 1 6.10 6.14 3152
 961 4641 3151 53 4 1.10 1.14 3152
 961 4657 3151 58 15 1.10 -4.86 3152
 961 4673 3151 58 18 1.10 -4.86 3152
 977 4321 3151 84 1 6.10 6.14 3152
 977 4657 3151 58 16 1.10 -4.86 3152
 977 4673 3151 58 19 1.10 -4.86 3152
 993 4321 3151 84 1 6.10 6.14 3152
 1009 4321 3151 84 1 6.10 6.14 3152
 1025 4321 3151 84 1 6.10 6.14 3152
 1041 4321 3151 84 1 6.10 6.14 3152
 1057 4321 3151 84 1 6.10 6.14 3152
 1073 4321 3151 84 1 6.10 6.14 3152
 1089 4321 3151 84 1 6.10 6.14 3152
 1105 4321 3151 84 1 6.10 6.14 3152
 1121 4321 3151 84 1 6.10 6.14 3152
 1121 4625 3151 80 2 -8.90 -8.86 3152
 1121 4689 3151 80 1 -8.90 -8.86 3152
 1137 4321 3151 84 1 6.10 6.14 3152
 1153 4321 3151 84 1 6.10 6.14 3152
 1169 4321 3151 84 1 6.10 6.14 3152
 1169 4721 3151 80 2 -8.90 -8.86 3152
 1169 4657 3151 80 3 -8.90 -8.86 3152
 1185 4321 3151 84 1 6.10 6.14 3152
 1185 4625 3151 80 3 -8.90 -8.86 3152
 1185 4657 3151 80 4 -8.90 -8.86 3152
 1201 4321 3151 84 1 6.10 6.14 3152
 1217 4321 3151 84 1 6.10 6.14 3152
 1233 4321 3151 84 1 6.10 6.14 3152
 1249 4321 3151 84 1 6.10 6.14 3152
 1265 4321 3151 84 1 6.10 6.14 3152
 1281 4321 3151 84 1 6.10 6.14 3152
 1297 4321 3151 84 1 6.10 6.14 3152
 1297 4721 3151 80 1 -8.90 -8.86 3152
 1297 4689 3151 80 2 -8.90 -8.86 3152
 1313 4321 3151 84 1 6.10 6.14 3152
 1329 4321 3151 84 1 6.10 6.14 3152
 1345 4321 3151 84 1 6.10 6.14 3152
 1361 4321 3151 84 1 6.10 6.14 3152
 1377 4321 3151 84 1 6.10 6.14 3152
 1393 4321 3151 84 1 6.10 6.14 3152
 1409 4321 3151 84 1 6.10 6.14 3152
 1425 4321 3151 84 1 6.10 6.14 3152
 1425 4689 3151 80 5 -8.90 -8.86 3152
 1441 4321 3151 84 1 6.10 6.14 3152
 1457 4321 3151 84 1 6.10 6.14 3152
 1457 4753 3151 75 4 6.10 6.14 3152
 1457 4737 3151 75 4 6.10 6.14 3152
 1457 4721 3151 75 4 6.10 6.14 3152
 1457 4657 3151 75 1 6.10 6.14 3152
 1457 4673 3151 75 4 6.10 6.14 3152
 1457 4689 3151 75 4 6.10 6.14 3152
 1457 4705 3151 75 4 6.10 6.14 3152
 1473 4321 3151 84 1 6.10 6.14 3152
 1473 4753 3151 75 5 6.10 6.14 3152
 1473 4737 3151 75 5 6.10 6.14 3152
 1473 4721 3151 75 5 6.10 6.14 3152
 1473 4657 3151 75 2 6.10 6.14 3152
 1473 4673 3151 75 5 6.10 6.14 3152
 1473 4689 3151 75 5 6.10 6.14 3152
 1473 4705 3151 75 5 6.10 6.14 3152
 1489 4321 3151 84 1 6.10 6.14 3152
 1489 4753 3151 75 5 6.10 6.14 3152
 1489 4737 3151 75 5 6.10 6.14 3152
 1489 4721 3151 75 5 6.10 6.14 3152
 1489 4657 3151 75 2 6.10 6.14 3152
 1489 4673 3151 75 5 6.10 6.14 3152
 1489 4689 3151 75 5 6.10 6.14 3152
 1489 4705 3151 75 5 6.10 6.14 3152
 1505 4321 3151 84 1 6.10 6.14 3152
 1505 4753 3151 75 5 6.10 6.14 3152
 1505 4737 3151 75 5 6.10 6.14 3152
 1505 4721 3151 75 5 6.10 6.14 3152
 1505 4657 3151 75 2 6.10 6.14 3152
 1505 4673 3151 75 5 6.10 6.14 3152
 1505 4689 3151 75 5 6.10 6.14 3152
 1505 4705 3151 75 5 6.10 6.14 3152
 1521 4321 3151 84 1 6.10 6.14 3152
 1521 4753 3151 75 6 6.10 6.14 3152
 1521 4737 3151 75 6 6.10 6.14 3152
 1521 4721 3151 75 6 6.10 6.14 3152
 1521 4657 3151 75 3 6.10 6.14 3152
 1521 4673 3151 75 6 6.10 6.14 3152
 1521 4689 3151 75 6 6.10 6.14 3152
 1521 4705 3151 75 6 6.10 6.14 3152
 1537 4321 3151 84 1 6.10 6.14 3152
 1553 4641 3234 62 3 1.10 1.14 3235
 1633 4753 3151 75 4 6.10 6.14 3152
 1633 4737 3151 75 4 6.10 6.14 3152
 1633 4721 3151 75 4 6.10 6.14 3152
 1633 4705 3151 75 4 6.10 6.14 3152
 1633 4689 3151 75 4 6.10 6.14 3152
 1633 4673 3151 75 4 6.10 6.14 3152
 1633 4657 3151 75 1 6.10 6.14 3152
 1649 4753 3151 75 5 6.10 6.14 3152
 1649 4737 3151 75 5 6.10 6.14 3152
 1649 4721 3151 75 5 6.10 6.14 3152
 1649 4705 3151 75 5 6.10 6.14 3152
 1649 4689 3151 75 5 6.10 6.14 3152
 1649 4673 3151 75 5 6.10 6.14 3152
 1649 4657 3151 75 2 6.10 6.14 3152
 1665 4753 3151 75 5 6.10 6.14 3152
 1665 4737 3151 75 5 6.10 6.14 3152
 1665 4721 3151 75 5 6.10 6.14 3152
 1665 4705 3151 75 5 6.10 6.14 3152
 1665 4689 3151 75 5 6.10 6.14 3152
 1665 4673 3151 75 5 6.10 6.14 3152
 1665 4657 3151 75 2 6.10 6.14 3152
 1665 4641 3151 53 4 1.10 1.14 3152
 1665 4577 3151 59 26 1.10 1.14 3152
 1665 4577 3151 67 6 0.10 0.14 3152
 1681 4753 3151 75 5 6.10 6.14 3152
 1681 4737 3151 75 5 6.10 6.14 3152
 1681 4721 3151 75 5 6.10 6.14 3152
 1681 4705 3151 75 5 6.10 6.14 3152
 1681 4689 3151 75 5 6.10 6.14 3152
 1681 4673 3151 75 5 6.10 6.14 3152
 1681 4657 3151 75 2 6.10 6.14 3152
 1697 4753 3151 75 6 6.10 6.14 3152
 1697 4737 3151 75 6 6.10 6.14 3152
 1697 4721 3151 75 6 6.10 6.14 3152
 1697 4705 3151 75 6 6.10 6.14 3152
 1697 4689 3151 75 6 6.10 6.14 3152
 1697 4673 3151 75 6 6.10 6.14 3152
 1697 4657 3151 75 3 6.10 6.14 3152
 1729 4641 3151 61 3 1.10 1.14 3152
 1729 4577 3151 67 1 1.10 1.14 3152
 1761 4625 3151 61 3 1.10 1.14 3152
 1761 4561 3151 67 1 1.10 1.14 3152
 1793 4545 3151 67 1 1.10 1.14 3152
 1793 4609 3151 61 3 1.10 1.14 3152
 1825 4529 3151 67 1 1.10 1.14 3152
 1825 4593 3151 61 3 1.10 1.14 3152
 1857 4577 3151 75 25 6.10 6.14 3152
 1873 4577 3151 75 26 6.10 6.14 3152
 1889 4577 3151 75 26 6.10 6.14 3152
 1905 4753 3151 75 29 6.10 6.14 3152
 1905 4737 3151 75 29 6.10 6.14 3152
 1905 4721 3151 75 29 6.10 6.14 3152
 1905 4705 3151 75 29 6.10 6.14 3152
 1905 4689 3151 75 29 6.10 6.14 3152
 1905 4673 3151 75 29 6.10 6.14 3152
 1905 4577 3151 75 26 6.10 6.14 3152
 1905 4593 3151 75 28 6.10 6.14 3152
 1905 4609 3151 75 29 6.10 6.14 3152
 1905 4625 3151 75 29 6.10 6.14 3152
 1905 4641 3151 75 29 6.10 6.14 3152
 1905 4657 3151 75 29 6.10 6.14 3152
 1921 4577 3151 75 26 6.10 6.14 3152
 1937 4577 3151 75 26 6.10 6.14 3152
 1953 4577 3151 75 27 6.10 6.14 3152
 1985 4577 3151 80 2 -8.90 -8.86 3152
 1985 4577 3194 62 1 1.10 1.14 3195
 2097 4577 3151 80 4 -8.90 -8.86 3152
 2113 4577 3194 62 1 1.10 1.14 3195
 2129 4705 3151 80 1 -8.90 -8.86 3152
 2129 4577 3151 80 3 -8.90 -8.86 3152
 2161 4705 3151 80 2 -8.90 -8.86 3152
 2161 4705 3194 62 1.50 1.10 1.14 3195
 2305 4705 3151 80 4 -8.90 -8.86 3152
 2337 4753 3151 75 16 6.10 6.14 3152
 2337 4721 3151 75 13 6.10 6.14 3152
 2337 4737 3151 75 16 6.10 6.14 3152
 2353 4753 3151 75 17 6.10 6.14 3152
 2353 4721 3151 75 14 6.10 6.14 3152
 2353 4737 3151 75 17 6.10 6.14 3152
 2369 4753 3151 75 17 6.10 6.14 3152
 2369 4721 3151 75 14 6.10 6.14 3152
 2369 4737 3151 75 17 6.10 6.14 3152
 2385 4753 3151 75 17 6.10 6.14 3152
 2385 4721 3151 75 14 6.10 6.14 3152
 2385 4737 3151 75 17 6.10 6.14 3152
 2401 4753 3151 75 17 6.10 6.14 3152
 2401 4721 3151 75 14 6.10 6.14 3152
 2401 4737 3151 75 17 6.10 6.14 3152
 2417 4753 3151 75 17 6.10 6.14 3152
 2417 4721 3151 75 14 6.10 6.14 3152
 2417 4737 3151 75 17 6.10 6.14 3152
 2433 4753 3151 75 17 6.10 6.14 3152
 2433 4721 3151 75 14 6.10 6.14 3152
 2433 4737 3151 75 17 6.10 6.14 3152
 2449 4753 3151 75 17 6.10 6.14 3152
 2449 4721 3151 75 14 6.10 6.14 3152
 2449 4737 3151 75 17 6.10 6.14 3152
 2465 4753 3151 75 17 6.10 6.14 3152
 2465 4721 3151 75 14 6.10 6.14 3152
 2465 4737 3151 75 17 6.10 6.14 3152
 2481 4721 3151 75 14 6.10 6.14 3152
 2481 4737 3151 75 17 6.10 6.14 3152
 2481 4753 3151 75 17 6.10 6.14 3152
 2497 4721 3151 75 14 6.10 6.14 3152
 2497 4737 3151 75 17 6.10 6.14 3152
 2497 4753 3151 75 17 6.10 6.14 3152
 2513 4721 3151 75 14 6.10 6.14 3152
 2513 4737 3151 75 17 6.10 6.14 3152
 2513 4753 3151 75 17 6.10 6.14 3152
 2513 4705 3151 54 23 1.10 1.14 3152
 2529 4721 3151 75 14 6.10 6.14 3152
 2529 4737 3151 75 17 6.10 6.14 3152
 2529 4753 3151 75 17 6.10 6.14 3152
 2545 4721 3151 75 14 6.10 6.14 3152
 2545 4737 3151 75 17 6.10 6.14 3152
 2545 4753 3151 75 17 6.10 6.14 3152
 2545 4705 3151 54 22 1.10 1.14 3152
 2561 4721 3151 75 15 6.10 6.14 3152
 2561 4737 3151 75 18 6.10 6.14 3152
 2561 4753 3151 75 18 6.10 6.14 3152
 2577 4721 3151 61 1 1.10 1.14 3152
 2593 4657 3196 55 19 1.10 1.14 3197
 2593 4753 3694 69 2 1.10 -4.86 3695
 2593 4689 3694 69 1 1.10 -4.86 3695
 2593 4705 3694 69 2 1.10 -4.86 3695
 2593 4721 3694 69 2 1.10 -4.86 3695
 2593 4737 3694 69 2 1.10 -4.86 3695
 2625 4689 3151 61 1 1.10 1.14 3152
 2641 4689 3151 61 1 1.10 1.14 3152
 2657 4625 3196 55 19 1.10 1.14 3197
 2657 4753 3694 69 2 1.10 -4.86 3695
 2657 4737 3694 69 2 1.10 -4.86 3695
 2657 4721 3694 69 2 1.10 -4.86 3695
 2657 4657 3694 69 1 1.10 -4.86 3695
 2657 4673 3694 69 2 1.10 -4.86 3695
 2657 4689 3694 69 2 1.10 -4.86 3695
 2657 4705 3694 69 2 1.10 -4.86 3695
 2705 4657 3194 62 2 1.10 1.14 3195
 2753 4577 3151 59 1 1.10 1.14 3152
 2769 4657 3194 62 2 1.10 1.14 3195
 2817 4577 3151 59 6 1.10 1.14 3152
 2833 4657 3194 62 2 1.10 1.14 3195
 2897 4145 3151 79 38 4.10 4.14 0
 2897 4161 3151 79 38 4.10 4.14 0
 2897 4177 3151 79 38 4.10 4.14 0
 2897 4193 3151 79 38 4.10 4.14 0
 2897 4209 3151 79 38 4.10 4.14 0
 2897 4337 3151 79 38 4.10 4.14 0
 2897 4321 3151 79 38 4.10 4.14 0
 2897 4305 3151 79 38 4.10 4.14 0
 2897 4289 3151 79 38 4.10 4.14 0
 2897 4273 3151 79 38 4.10 4.14 0
 2897 4257 3151 79 38 4.10 4.14 0
 2897 4241 3151 79 38 4.10 4.14 0
 2897 4225 3151 79 38 4.10 4.14 0
 2897 4353 3151 79 38 4.10 4.14 0
 2897 4369 3151 79 38 4.10 4.14 0
 2897 4385 3151 79 38 4.10 4.14 0
 2897 4401 3151 79 38 4.10 4.14 0
 2897 4417 3151 79 38 4.10 4.14 0
 2897 4433 3151 79 38 4.10 4.14 0
 2897 4449 3151 79 38 4.10 4.14 0
 2897 4465 3151 79 38 4.10 4.14 0
 2897 4481 3151 79 38 4.10 4.14 0
 2897 4497 3151 79 38 4.10 4.14 0
 2897 4513 3151 79 38 4.10 4.14 0
 2897 4529 3151 79 38 4.10 4.14 0
 2897 4545 3151 79 38 4.10 4.14 0
 2897 4593 3151 79 37 4.10 4.14 0
 2897 4577 3151 79 38 4.10 4.14 0
 2897 4561 3151 79 38 4.10 4.14 0
 2897 4625 3151 58 17 1.10 -4.86 3152
 2897 4609 3151 58 14 1.10 -4.86 3152
 2913 4625 3151 58 18 1.10 -4.86 3152
 2913 4609 3151 58 15 1.10 -4.86 3152
 2929 4641 3151 79 37 4.10 4.14 0
 2929 4657 3151 58 11 1.10 -4.86 3152
 2929 4609 3151 58 16 1.10 -4.86 3152
 2929 4625 3151 58 19 1.10 -4.86 3152
 2945 4657 3151 58 12 1.10 -4.86 3152
 2945 4497 3196 67 28 1.10 1.14 3197
 2961 4657 3151 58 12 1.10 -4.86 3152
 2977 4657 3151 58 12 1.10 -4.86 3152
 2993 4657 3151 58 12 1.10 -4.86 3152
 3009 4657 3151 58 12 1.10 -4.86 3152
 3009 4641 3151 58 17 1.10 -4.86 3152
 3009 4625 3151 58 14 1.10 -4.86 3152
 3025 4545 3196 67 28 1.10 1.14 3197
 3025 4657 3151 58 13 1.10 -4.86 3152
 3025 4641 3151 58 18 1.10 -4.86 3152
 3025 4625 3151 58 15 1.10 -4.86 3152
 3025 4481 3196 67 28 1.10 1.14 3197
 3041 4641 3151 58 18 1.10 -4.86 3152
 3041 4625 3151 58 15 1.10 -4.86 3152
 3057 4641 3151 58 18 1.10 -4.86 3152
 3057 4625 3151 58 15 1.10 -4.86 3152
 3057 4609 3151 58 8 1.10 -4.86 3152
 3073 4641 3151 58 18 1.10 -4.86 3152
 3073 4625 3151 58 15 1.10 -4.86 3152
 3089 4545 3196 53 3 1.10 1.14 3197
 3089 4641 3151 58 18 1.10 -4.86 3152
 3089 4625 3151 58 15 1.10 -4.86 3152
 3105 4529 3151 79 40 4.10 4.14 0
 3105 4577 3151 79 40 4.10 4.14 0
 3105 4593 3151 79 40 4.10 4.14 0
 3105 4609 3151 79 39 4.10 4.14 0
 3105 4545 3151 79 40 4.10 4.14 0
 3105 4561 3151 79 40 4.10 4.14 0
 3105 4641 3151 58 19 1.10 -4.86 3152
 3105 4625 3151 58 16 1.10 -4.86 3152
 3105 4433 3151 84 1 6.10 6.14 3152
 3105 4449 3151 79 40 4.10 4.14 0
 3105 4465 3151 79 40 4.10 4.14 0
 3105 4481 3151 79 40 4.10 4.14 0
 3105 4497 3151 79 40 4.10 4.14 0
 3105 4513 3151 79 40 4.10 4.14 0
 3121 4433 3151 84 1 6.10 6.14 3152
 3137 4433 3151 84 1 6.10 6.14 3152
 3153 4625 3151 79 37 4.10 4.14 0
 3153 4529 3151 79 38 4.10 4.14 0
 3153 4609 3151 79 38 4.10 4.14 0
 3153 4593 3151 79 38 4.10 4.14 0
 3153 4577 3151 79 38 4.10 4.14 0
 3153 4545 3151 79 38 4.10 4.14 0
 3153 4561 3151 79 38 4.10 4.14 0
 3153 4657 3151 58 17 1.10 -4.86 3152
 3153 4641 3151 58 14 1.10 -4.86 3152
 3153 4433 3151 84 1 6.10 6.14 3152
 3153 4449 3151 79 38 4.10 4.14 0
 3153 4465 3151 79 38 4.10 4.14 0
 3153 4481 3151 79 38 4.10 4.14 0
 3153 4497 3151 79 38 4.10 4.14 0
 3153 4513 3151 79 38 4.10 4.14 0
 3153 4369 3151 59 1 1.10 1.14 3152
 3169 4657 3151 58 18 1.10 -4.86 3152
 3169 4641 3151 58 15 1.10 -4.86 3152
 3169 4433 3151 84 1 6.10 6.14 3152
 3185 4657 3151 58 18 1.10 -4.86 3152
 3185 4641 3151 58 15 1.10 -4.86 3152
 3185 4433 3151 84 1 6.10 6.14 3152
 3201 4577 3196 67 28 1.10 1.14 3197
 3201 4657 3151 58 18 1.10 -4.86 3152
 3201 4641 3151 58 15 1.10 -4.86 3152
 3201 4433 3151 84 1 6.10 6.14 3152
 3217 4529 3151 79 40 4.10 4.14 0
 3217 4625 3151 79 39 4.10 4.14 0
 3217 4609 3151 79 40 4.10 4.14 0
 3217 4593 3151 79 40 4.10 4.14 0
 3217 4577 3151 79 40 4.10 4.14 0
 3217 4545 3151 79 40 4.10 4.14 0
 3217 4561 3151 79 40 4.10 4.14 0
 3217 4657 3151 58 19 1.10 -4.86 3152
 3217 4641 3151 58 16 1.10 -4.86 3152
 3217 4433 3151 84 1 6.10 6.14 3152
 3217 4449 3151 79 40 4.10 4.14 0
 3217 4465 3151 79 40 4.10 4.14 0
 3217 4481 3151 79 40 4.10 4.14 0
 3217 4497 3151 79 40 4.10 4.14 0
 3217 4513 3151 79 40 4.10 4.14 0
 3217 4369 3151 59 1 1.10 1.14 3152
 3233 4433 3151 84 1 6.10 6.14 3152
 3249 4433 3151 84 1 6.10 6.14 3152
 3265 4433 3151 84 1 6.10 6.14 3152
 3265 4641 3151 60 1 1.10 1.14 3152
 3281 4433 3151 84 1 6.10 6.14 3152
 3281 4369 3151 59 6 1.10 1.14 3152
 3281 4641 3151 60 1 1.10 1.14 3152
 3297 4433 3151 84 1 6.10 6.14 3152
 3297 4641 3151 60 1 1.10 1.14 3152
 3297 4593 3151 61 4 1.10 1.14 3152
 3313 4433 3151 84 1 6.10 6.14 3152
 3313 4641 3151 60 1 1.10 1.14 3152
 3329 4433 3151 84 1 6.10 6.14 3152
 3329 4641 3151 60 1 1.10 1.14 3152
 3345 4433 3151 84 1 6.10 6.14 3152
 3345 4369 3151 59 1 1.10 1.14 3152
 3361 4433 3151 84 1 6.10 6.14 3152
 3377 4433 3151 84 1 6.10 6.14 3152
 3393 4433 3151 84 1 6.10 6.14 3152
 3425 4497 3151 84 1 6.10 6.14 3152
 3441 4497 3151 84 1 6.10 6.14 3152
 3457 4497 3151 84 1 6.10 6.14 3152
 3457 4433 3151 67 1 1.10 1.14 3152
 3473 4497 3151 84 1 6.10 6.14 3152
 3489 4497 3151 84 1 6.10 6.14 3152
 3489 4417 3151 67 1 1.10 1.14 3152
 3505 4497 3151 84 1 6.10 6.14 3152
 3521 4497 3151 84 1 6.10 6.14 3152
 3521 4433 3151 67 1 1.10 1.14 3152
 3537 4497 3151 84 1 6.10 6.14 3152
 3553 4497 3151 84 1 6.10 6.14 3152
 3553 4417 3151 67 1 1.10 1.14 3152
 3569 4497 3151 84 1 6.10 6.14 3152
 3601 4545 3151 84 1 6.10 6.14 3152
 3601 4513 3192 51 1 1.10 1.14 3193 hi
 3617 4545 3151 84 1 6.10 6.14 3152
 3633 4545 3151 84 1 6.10 6.14 3152
 3633 4497 3151 67 1 1.10 1.14 3152
 3649 4545 3151 84 1 6.10 6.14 3152
 3665 4753 3151 75 1 6.10 6.14 3152
 3665 4545 3151 84 1 6.10 6.14 3152
 3665 4481 3151 67 1 1.10 1.14 3152
 3681 4753 3151 75 2 6.10 6.14 3152
 3681 4545 3151 84 1 6.10 6.14 3152
 3681 4737 3151 71 41 1.10 1.14 3152
 3697 4753 3151 75 2 6.10 6.14 3152
 3697 4545 3151 84 1 6.10 6.14 3152
 3697 4497 3151 67 1 1.10 1.14 3152
 3713 4753 3151 75 2 6.10 6.14 3152
 3713 4545 3151 84 1 6.10 6.14 3152
 3729 4753 3151 75 2 6.10 6.14 3152
 3729 4545 3151 84 1 6.10 6.14 3152
 3729 4737 3151 71 37 1.10 1.14 3152
 3729 4481 3151 67 1 1.10 1.14 3152
 3745 4753 3151 75 2 6.10 6.14 3152
 3761 4753 3151 75 2 6.10 6.14 3152
 3777 4753 3151 75 2 6.10 6.14 3152
 3777 4737 3151 75 4 6.10 6.14 3152
 3777 4721 3151 75 4 6.10 6.14 3152
 3777 4705 3151 75 4 6.10 6.14 3152
 3777 4689 3151 75 4 6.10 6.14 3152
 3777 4673 3151 75 4 6.10 6.14 3152
 3777 4657 3151 75 4 6.10 6.14 3152
 3777 4593 3151 75 1 6.10 6.14 3152
 3777 4609 3151 75 4 6.10 6.14 3152
 3777 4625 3151 75 4 6.10 6.14 3152
 3777 4641 3151 75 4 6.10 6.14 3152
 3793 4753 3151 75 2 6.10 6.14 3152
 3793 4737 3151 75 5 6.10 6.14 3152
 3793 4721 3151 75 5 6.10 6.14 3152
 3793 4705 3151 75 5 6.10 6.14 3152
 3793 4689 3151 75 5 6.10 6.14 3152
 3793 4673 3151 75 5 6.10 6.14 3152
 3793 4657 3151 75 5 6.10 6.14 3152
 3793 4593 3151 75 2 6.10 6.14 3152
 3793 4609 3151 75 5 6.10 6.14 3152
 3793 4625 3151 75 5 6.10 6.14 3152
 3793 4641 3151 75 5 6.10 6.14 3152
 3809 4753 3151 75 2 6.10 6.14 3152
 3809 4737 3151 75 5 6.10 6.14 3152
 3809 4721 3151 75 5 6.10 6.14 3152
 3809 4705 3151 75 5 6.10 6.14 3152
 3809 4689 3151 75 5 6.10 6.14 3152
 3809 4673 3151 75 5 6.10 6.14 3152
 3809 4593 3151 75 2 6.10 6.14 3152
 3809 4609 3151 75 5 6.10 6.14 3152
 3809 4625 3151 75 5 6.10 6.14 3152
 3809 4641 3151 75 5 6.10 6.14 3152
 3809 4657 3151 75 5 6.10 6.14 3152
 3825 4753 3151 75 2 6.10 6.14 3152
 3825 4737 3151 75 5 6.10 6.14 3152
 3825 4721 3151 75 5 6.10 6.14 3152
 3825 4705 3151 75 5 6.10 6.14 3152
 3825 4689 3151 75 5 6.10 6.14 3152
 3825 4593 3151 75 2 6.10 6.14 3152
 3825 4609 3151 75 5 6.10 6.14 3152
 3825 4625 3151 75 5 6.10 6.14 3152
 3825 4641 3151 75 5 6.10 6.14 3152
 3825 4657 3151 75 5 6.10 6.14 3152
 3825 4673 3151 75 5 6.10 6.14 3152
 3841 4753 3151 75 2 6.10 6.14 3152
 3841 4737 3151 75 5 6.10 6.14 3152
 3841 4721 3151 75 5 6.10 6.14 3152
 3841 4705 3151 75 5 6.10 6.14 3152
 3841 4593 3151 75 2 6.10 6.14 3152
 3841 4609 3151 75 5 6.10 6.14 3152
 3841 4625 3151 75 5 6.10 6.14 3152
 3841 4641 3151 75 5 6.10 6.14 3152
 3841 4657 3151 75 5 6.10 6.14 3152
 3841 4673 3151 75 5 6.10 6.14 3152
 3841 4689 3151 75 5 6.10 6.14 3152
 3857 4753 3151 75 2 6.10 6.14 3152
 3857 4737 3151 75 5 6.10 6.14 3152
 3857 4721 3151 75 5 6.10 6.14 3152
 3857 4673 3151 75 5 6.10 6.14 3152
 3857 4593 3151 75 2 6.10 6.14 3152
 3857 4609 3151 75 5 6.10 6.14 3152
 3857 4625 3151 75 5 6.10 6.14 3152
 3857 4641 3151 75 5 6.10 6.14 3152
 3857 4657 3151 75 5 6.10 6.14 3152
 3857 4689 3151 75 5 6.10 6.14 3152
 3857 4705 3151 75 5 6.10 6.14 3152
 3873 4753 3151 75 2 6.10 6.14 3152
 3873 4737 3151 75 5 6.10 6.14 3152
 3873 4721 3151 75 5 6.10 6.14 3152
 3873 4673 3151 75 5 6.10 6.14 3152
 3873 4593 3151 75 2 6.10 6.14 3152
 3873 4609 3151 75 5 6.10 6.14 3152
 3873 4625 3151 75 5 6.10 6.14 3152
 3873 4641 3151 75 5 6.10 6.14 3152
 3873 4657 3151 75 5 6.10 6.14 3152
 3873 4689 3151 75 5 6.10 6.14 3152
 3873 4705 3151 75 5 6.10 6.14 3152
 3889 4753 3151 75 2 6.10 6.14 3152
 3889 4737 3151 75 6 6.10 6.14 3152
 3889 4721 3151 75 6 6.10 6.14 3152
 3889 4673 3151 75 6 6.10 6.14 3152
 3889 4593 3151 75 3 6.10 6.14 3152
 3889 4609 3151 75 6 6.10 6.14 3152
 3889 4625 3151 75 6 6.10 6.14 3152
 3889 4641 3151 75 6 6.10 6.14 3152
 3889 4657 3151 75 6 6.10 6.14 3152
 3889 4689 3151 75 6 6.10 6.14 3152
 3889 4705 3151 75 6 6.10 6.14 3152
 3905 4753 3151 75 2 6.10 6.14 3152
 3905 4673 3694 69 2 1.10 -4.86 3695
 3905 4593 3694 70 1 1.10 -4.86 3695
 3905 4609 3694 69 2 1.10 -4.86 3695
 3905 4625 3694 69 2 1.10 -4.86 3695
 3905 4641 3694 69 2 1.10 -4.86 3695
 3905 4657 3694 69 2 1.10 -4.86 3695
 3905 4689 3694 69 2 1.10 -4.86 3695
 3905 4705 3694 70 1 1.10 -4.86 3695
 3921 4753 3151 75 2 6.10 6.14 3152
 3921 4577 3151 53 12 1.10 1.14 3152
 3937 4753 3151 75 2 6.10 6.14 3152
 3953 4753 3151 75 2 6.10 6.14 3152
 3969 4753 3151 75 2 6.10 6.14 3152
 3985 4753 3151 75 2 6.10 6.14 3152
 4001 4753 3151 75 2 6.10 6.14 3152
 4017 4753 3151 75 2 6.10 6.14 3152
 4033 4753 3151 75 2 6.10 6.14 3152
 4049 4753 3151 75 2 6.10 6.14 3152
 4065 4753 3151 75 2 6.10 6.14 3152
 4081 4753 3151 75 2 6.10 6.14 3152
 4097 4753 3151 75 2 6.10 6.14 3152
 4113 4753 3151 75 2 6.10 6.14 3152
 4129 4753 3151 75 2 6.10 6.14 3152
 4145 4753 3151 75 2 6.10 6.14 3152
 4161 4753 3151 75 2 6.10 6.14 3152
 4161 4689 3151 61 7 1.10 1.14 3152 TO CLIMB THE WALL, RUN INTO IT!
 4177 4753 3151 75 2 6.10 6.14 3152
 4193 4753 3151 75 2 6.10 6.14 3152
 4209 4753 3151 75 2 6.10 6.14 3152
 4225 4753 3151 75 2 6.10 6.14 3152
 4241 4753 3151 75 2 6.10 6.14 3152
 4241 4737 3151 61 10 1.10 1.14 3152
 4257 4753 3151 74 4 6.10 6.14 3152
 4257 4737 3151 74 4 6.10 6.14 3152
 4257 4721 3151 74 4 6.10 6.14 3152
 4257 4705 3151 74 4 6.10 6.14 3152
 4257 4689 3151 74 4 6.10 6.14 3152
 4257 4609 3151 74 1 6.10 6.14 3152
 4257 4625 3151 74 4 6.10 6.14 3152
 4257 4641 3151 74 4 6.10 6.14 3152
 4257 4657 3151 74 4 6.10 6.14 3152
 4257 4673 3151 74 4 6.10 6.14 3152
 4273 4753 3151 74 5 6.10 6.14 3152
 4273 4737 3151 74 5 6.10 6.14 3152
 4273 4721 3151 74 5 6.10 6.14 3152
 4273 4705 3151 74 5 6.10 6.14 3152
 4273 4689 3151 74 5 6.10 6.14 3152
 4273 4609 3151 74 2 6.10 6.14 3152
 4273 4625 3151 74 5 6.10 6.14 3152
 4273 4641 3151 74 5 6.10 6.14 3152
 4273 4657 3151 74 5 6.10 6.14 3152
 4273 4673 3151 74 5 6.10 6.14 3152
 4273 4561 3151 67 1 1.10 1.14 3152
 4289 4753 3151 74 5 6.10 6.14 3152
 4289 4737 3151 74 5 6.10 6.14 3152
 4289 4721 3151 74 5 6.10 6.14 3152
 4289 4705 3151 74 5 6.10 6.14 3152
 4289 4689 3151 74 5 6.10 6.14 3152
 4289 4609 3151 74 2 6.10 6.14 3152
 4289 4625 3151 74 5 6.10 6.14 3152
 4289 4641 3151 74 5 6.10 6.14 3152
 4289 4657 3151 74 5 6.10 6.14 3152
 4289 4673 3151 74 5 6.10 6.14 3152
 4305 4753 3151 74 5 6.10 6.14 3152
 4305 4737 3151 74 5 6.10 6.14 3152
 4305 4721 3151 74 5 6.10 6.14 3152
 4305 4609 3151 74 2 6.10 6.14 3152
 4305 4625 3151 74 5 6.10 6.14 3152
 4305 4641 3151 74 5 6.10 6.14 3152
 4305 4657 3151 74 5 6.10 6.14 3152
 4305 4673 3151 74 5 6.10 6.14 3152
 4305 4689 3151 74 5 6.10 6.14 3152
 4305 4705 3151 74 5 6.10 6.14 3152
 4321 4753 3151 74 6 6.10 6.14 3152
 4321 4737 3151 74 6 6.10 6.14 3152
 4321 4721 3151 74 6 6.10 6.14 3152
 4321 4609 3151 74 3 6.10 6.14 3152
 4321 4625 3151 74 6 6.10 6.14 3152
 4321 4641 3151 74 6 6.10 6.14 3152
 4321 4657 3151 74 6 6.10 6.14 3152
 4321 4673 3151 74 6 6.10 6.14 3152
 4321 4689 3151 74 6 6.10 6.14 3152
 4321 4705 3151 74 6 6.10 6.14 3152
 4321 4529 3151 67 1 1.10 1.14 3152
 4321 4593 3151 72 1 1.10 -4.86 3152
 4369 4593 3234 62 3 1.10 1.14 3235
 4385 4561 3151 67 1 1.10 1.14 3152
 4449 4529 3151 67 1 1.10 1.14 3152
 4449 4593 3234 62 3 1.10 1.14 3235
 4529 4561 3151 67 1 1.10 1.14 3152
 4545 4753 3151 75 4 6.10 6.14 3152
 4545 4737 3151 75 4 6.10 6.14 3152
 4545 4721 3151 75 4 6.10 6.14 3152
 4545 4625 3151 75 1 6.10 6.14 3152
 4545 4641 3151 75 4 6.10 6.14 3152
 4545 4657 3151 75 4 6.10 6.14 3152
 4545 4673 3151 75 4 6.10 6.14 3152
 4545 4689 3151 75 4 6.10 6.14 3152
 4545 4705 3151 75 4 6.10 6.14 3152
 4561 4753 3151 75 5 6.10 6.14 3152
 4561 4737 3151 75 5 6.10 6.14 3152
 4561 4721 3151 75 5 6.10 6.14 3152
 4561 4625 3151 75 2 6.10 6.14 3152
 4561 4641 3151 75 5 6.10 6.14 3152
 4561 4657 3151 75 5 6.10 6.14 3152
 4561 4673 3151 75 5 6.10 6.14 3152
 4561 4689 3151 75 5 6.10 6.14 3152
 4561 4705 3151 75 5 6.10 6.14 3152
 4577 4753 3151 75 5 6.10 6.14 3152
 4577 4737 3151 75 5 6.10 6.14 3152
 4577 4721 3151 75 5 6.10 6.14 3152
 4577 4625 3151 75 2 6.10 6.14 3152
 4577 4641 3151 75 5 6.10 6.14 3152
 4577 4657 3151 75 5 6.10 6.14 3152
 4577 4673 3151 75 5 6.10 6.14 3152
 4577 4689 3151 75 5 6.10 6.14 3152
 4577 4705 3151 75 5 6.10 6.14 3152
 4577 4529 3151 67 1 1.10 1.14 3152
 4593 4753 3151 75 5 6.10 6.14 3152
 4593 4737 3151 75 5 6.10 6.14 3152
 4593 4721 3151 75 5 6.10 6.14 3152
 4593 4625 3151 75 2 6.10 6.14 3152
 4593 4641 3151 75 5 6.10 6.14 3152
 4593 4657 3151 75 5 6.10 6.14 3152
 4593 4673 3151 75 5 6.10 6.14 3152
 4593 4689 3151 75 5 6.10 6.14 3152
 4593 4705 3151 75 5 6.10 6.14 3152
 4593 4593 3694 70 1 1.10 -4.86 3695
 4593 4609 3694 70 2 1.10 -4.86 3695 14 1
 4609 4753 3151 75 5 6.10 6.14 3152
 4609 4737 3151 75 5 6.10 6.14 3152
 4609 4721 3151 75 5 6.10 6.14 3152
 4609 4625 3151 75 2 6.10 6.14 3152
 4609 4641 3151 75 5 6.10 6.14 3152
 4609 4657 3151 75 5 6.10 6.14 3152
 4609 4673 3151 75 5 6.10 6.14 3152
 4609 4689 3151 75 5 6.10 6.14 3152
 4609 4705 3151 75 5 6.10 6.14 3152
 4625 4753 3151 75 5 6.10 6.14 3152
 4625 4737 3151 75 5 6.10 6.14 3152
 4625 4721 3151 75 5 6.10 6.14 3152
 4625 4625 3151 75 2 6.10 6.14 3152
 4625 4641 3151 75 5 6.10 6.14 3152
 4625 4657 3151 75 5 6.10 6.14 3152
 4625 4673 3151 75 5 6.10 6.14 3152
 4625 4689 3151 75 5 6.10 6.14 3152
 4625 4705 3151 75 5 6.10 6.14 3152
 4641 4753 3151 75 5 6.10 6.14 3152
 4641 4737 3151 75 5 6.10 6.14 3152
 4641 4625 3151 75 2 6.10 6.14 3152
 4641 4641 3151 75 5 6.10 6.14 3152
 4641 4657 3151 75 5 6.10 6.14 3152
 4641 4673 3151 75 5 6.10 6.14 3152
 4641 4689 3151 75 5 6.10 6.14 3152
 4641 4705 3151 75 5 6.10 6.14 3152
 4641 4721 3151 75 5 6.10 6.14 3152
 4641 4561 3151 67 1 1.10 1.14 3152
 4657 4753 3151 75 6 6.10 6.14 3152
 4657 4737 3151 75 6 6.10 6.14 3152
 4657 4625 3151 75 3 6.10 6.14 3152
 4657 4641 3151 75 6 6.10 6.14 3152
 4657 4657 3151 75 6 6.10 6.14 3152
 4657 4673 3151 75 6 6.10 6.14 3152
 4657 4689 3151 75 6 6.10 6.14 3152
 4657 4705 3151 75 6 6.10 6.14 3152
 4657 4721 3151 75 6 6.10 6.14 3152
