 -10 238 695 0.42 1 1 2 1 1 2 2 301 0.42 1
-1
-1
-1
-1
-1
-1
-1
-1
-1
-1
-1
-1
-1
-1
-1
-1
-1
-1
-1
-1
-1
-1
y0
Area 1
 1 4529 3151 58 2 1.10 -4.86 3152
 1 4753 3151 73 8 1.10 -4.86 3152
 1 4625 3151 58 2 1.10 -4.86 3152
 1 4593 3192 70 19 1.10 -5.86 3193 2
 17 4657 3151 67 1 1.10 1.14 3152
 17 4529 3151 58 2 1.10 -4.86 3152
 17 4753 3151 73 8 1.10 -4.86 3152
 17 4593 3192 69 3 1.10 -4.86 3193
 17 4625 3151 58 2 1.10 -4.86 3152
 17 4721 3694 69 1 1.10 -4.86 3695
 17 4737 3694 70 17 1.10 -5.86 3695 1
 33 4529 3151 58 2 1.10 -4.86 3152
 33 4753 3151 73 8 1.10 -4.86 3152
 33 4625 3151 58 2 1.10 -4.86 3152
 49 4529 3151 58 2 1.10 -4.86 3152
 49 4545 3694 70 2 1.10 -4.86 3695 2 3
 49 4753 3151 73 8 1.10 -4.86 3152
 49 4625 3151 58 2 1.10 -4.86 3152
 49 4561 3694 69 2 1.10 -4.86 3695
 49 4577 3694 70 1 1.10 -4.86 3695
 65 4705 3151 67 1 1.10 1.14 3152
 65 4529 3151 58 2 1.10 -4.86 3152
 65 4753 3151 73 8 1.10 -4.86 3152
 65 4625 3151 58 2 1.10 -4.86 3152
 81 4609 3151 67 14 1.10 1.14 3152
 81 4529 3151 58 2 1.10 -4.86 3152
 81 4753 3151 73 8 1.10 -4.86 3152
 81 4625 3151 58 2 1.10 -4.86 3152
 97 4657 3151 67 1 1.10 1.14 3152
 97 4529 3151 58 2 1.10 -4.86 3152
 97 4545 3151 58 2 1.10 -4.86 3152
 97 4753 3151 73 8 1.10 -4.86 3152
 97 4625 3151 58 2 1.10 -4.86 3152
 97 4609 3151 58 2 1.10 -4.86 3152
 97 4593 3151 58 2 1.10 -4.86 3152
 97 4577 3151 58 2 1.10 -4.86 3152
 97 4561 3151 58 2 1.10 -4.86 3152
 113 4753 3151 73 8 1.10 -4.86 3152
 129 4705 3151 59 1 1.10 1.14 3152
 129 4753 3151 73 8 1.10 -4.86 3152
 145 4705 3151 59 1 1.10 1.14 3152
 145 4609 3151 67 1 1.10 1.14 3152
 145 4753 3151 73 8 1.10 -4.86 3152
 161 4705 3151 59 1 1.10 1.14 3152
 161 4641 3151 59 1 1.10 1.14 3152
 161 4753 3151 73 8 1.10 -4.86 3152
 177 4737 3151 55 1 1.10 1.14 3152
 177 4705 3151 59 1 1.10 1.14 3152
 177 4641 3151 59 1 1.10 1.14 3152
 177 4753 3151 73 8 1.10 -4.86 3152
 193 4705 3151 59 1 1.10 1.14 3152
 193 4641 3151 59 1 1.10 1.14 3152
 193 4545 3694 70 2 1.10 -4.86 3695 2 2
 193 4753 3151 73 8 1.10 -4.86 3152
 193 4577 3694 70 1 1.10 -4.86 3695
 193 4561 3694 69 2 1.10 -4.86 3695
 209 4641 3151 59 1 1.10 1.14 3152
 209 4705 3151 59 4 1.10 1.14 3152
 209 4753 3151 73 8 1.10 -4.86 3152
 225 4705 3151 59 1 1.10 1.14 3152
 225 4753 3151 73 8 1.10 -4.86 3152
 241 4753 3151 73 8 1.10 -4.86 3152
 257 4641 3151 81 1 -999998.90 -18.86 3152
