 -10 227 684 0.42 1 1 1 1 1 2 2 301 0.42 1
-1
-1
-1
-1
-1
-1
-1
-1
-1
-1
-1
-1
-1
-1
-1
-1
-1
-1
-1
-1
-1
-1
y0
Castle
 1 4753 3151 87 1 1.10 1.14 3152
 1 4705 3151 87 1 1.10 1.14 3152
 1 4689 3151 87 1 1.10 1.14 3152
 1 4625 3693 87 2 1.10 1.14 3694
 1 4561 3693 87 2 1.10 1.14 3694
 1 4721 3192 70 31 1.10 -5.86 3193 1
 1 4529 3151 87 1 1.10 1.14 3152
 1 4545 3151 87 1 1.10 1.14 3152
 17 4753 3151 87 1 1.10 1.14 3152
 17 4705 3151 87 1 1.10 1.14 3152
 17 4689 3151 87 1 1.10 1.14 3152
 17 4721 3192 69 15 1.10 -4.86 3193
 17 4529 3151 87 1 1.10 1.14 3152
 17 4545 3151 87 1 1.10 1.14 3152
 33 4753 3151 87 1 1.10 1.14 3152
 33 4705 3151 87 1 1.10 1.14 3152
 33 4689 3151 87 1 1.10 1.14 3152
 33 4529 3151 87 1 1.10 1.14 3152
 33 4545 3151 87 1 1.10 1.14 3152
 49 4753 3151 87 1 1.10 1.14 3152
 49 4705 3151 87 1 1.10 1.14 3152
 49 4689 3151 87 1 1.10 1.14 3152
 49 4529 3151 87 1 1.10 1.14 3152
 49 4545 3151 87 1 1.10 1.14 3152
 65 4753 3151 87 1 1.10 1.14 3152
 65 4705 3151 87 1 1.10 1.14 3152
 65 4689 3151 87 1 1.10 1.14 3152
 65 4529 3693 87 2 1.10 1.14 3694
 65 4593 3195 87 3 1.10 1.14 3196
 81 4753 3151 87 1 1.10 1.14 3152
 81 4705 3151 87 1 1.10 1.14 3152
 81 4689 3151 87 1 1.10 1.14 3152
 97 4753 3151 87 1 1.10 1.14 3152
 97 4689 3151 87 1 1.10 1.14 3152
 113 4753 3151 87 1 1.10 1.14 3152
 113 4689 3151 87 1 1.10 1.14 3152
 129 4753 3151 87 1 1.10 1.14 3152
 129 4689 3151 87 1 1.10 1.14 3152
 129 4529 3693 87 2 1.10 1.14 3694
 145 4753 3151 87 1 1.10 1.14 3152
 145 4705 3151 87 1 1.10 1.14 3152
 145 4689 3151 87 1 1.10 1.14 3152
 161 4753 3151 87 1 1.10 1.14 3152
 161 4705 3151 87 1 1.10 1.14 3152
 161 4689 3151 87 1 1.10 1.14 3152
 161 4593 3195 87 3 1.10 1.14 3196
 177 4753 3151 87 1 1.10 1.14 3152
 177 4705 3151 87 1 1.10 1.14 3152
 177 4689 3151 87 1 1.10 1.14 3152
 193 4753 3151 87 1 1.10 1.14 3152
 193 4705 3151 87 1 1.10 1.14 3152
 193 4689 3151 87 1 1.10 1.14 3152
 193 4529 3693 87 2 1.10 1.14 3694
 209 4753 3151 87 1 1.10 1.14 3152
 209 4705 3151 87 1 1.10 1.14 3152
 209 4689 3151 87 1 1.10 1.14 3152
 225 4689 3151 87 1 1.10 1.14 3152
 225 4753 3151 87 1 1.10 1.14 3152
 241 4689 3151 87 1 1.10 1.14 3152
 241 4753 3151 87 1 1.10 1.14 3152
 257 4705 3151 87 1 1.10 1.14 3152
 257 4689 3151 87 1 1.10 1.14 3152
 257 4753 3151 87 1 1.10 1.14 3152
 257 4529 3693 87 2 1.10 1.14 3694
 257 4593 3195 87 3 1.10 1.14 3196
 273 4689 3151 87 1 1.10 1.14 3152
 273 4705 3151 87 1 1.10 1.14 3152
 273 4753 3151 87 1 1.10 1.14 3152
 289 4689 3151 87 1 1.10 1.14 3152
 289 4705 3151 87 1 1.10 1.14 3152
 289 4753 3151 87 1 1.10 1.14 3152
 305 4753 3151 87 1 1.10 1.14 3152
 305 4689 3151 87 1 1.10 1.14 3152
 321 4753 3151 87 1 1.10 1.14 3152
 321 4689 3151 87 1 1.10 1.14 3152
 321 4577 3151 87 1 1.10 1.14 3152
 321 4513 3693 87 2 1.10 1.14 3694
 337 4689 3151 87 1 1.10 1.14 3152
 337 4753 3151 87 1 1.10 1.14 3152
 337 4705 3151 87 1 1.10 1.14 3152
 337 4577 3151 87 1 1.10 1.14 3152
 353 4593 3151 87 1 1.10 1.14 3152
 353 4577 3151 87 1 1.10 1.14 3152
 353 4609 3151 87 1 1.10 1.14 3152
 353 4625 3151 87 1 1.10 1.14 3152
 353 4641 3151 87 1 1.10 1.14 3152
 353 4657 3151 87 1 1.10 1.14 3152
 353 4673 3151 87 1 1.10 1.14 3152
 353 4753 3151 87 1 1.10 1.14 3152
 353 4689 15671 89 11 1.10 1.14 15672
 369 4577 3151 87 1 1.10 1.14 3152
 369 4753 3151 87 1 1.10 1.14 3152
 385 4577 3151 87 1 1.10 1.14 3152
 385 4753 3151 87 1 1.10 1.14 3152
 385 4513 3693 87 2 1.10 1.14 3694
 401 4577 3151 87 1 1.10 1.14 3152
 401 4753 3151 87 1 1.10 1.14 3152
 417 4577 3151 87 1 1.10 1.14 3152
 417 4753 3151 87 1 1.10 1.14 3152
 433 4577 3151 87 1 1.10 1.14 3152
 433 4753 3151 87 1 1.10 1.14 3152
 449 4513 3693 87 2 1.10 1.14 3694
 449 4577 3151 87 1 1.10 1.14 3152
 449 4753 3151 87 1 1.10 1.14 3152
 465 4577 3151 87 1 1.10 1.14 3152
 465 4753 3151 87 1 1.10 1.14 3152
 481 4577 3151 87 1 1.10 1.14 3152
 481 4753 3151 87 1 1.10 1.14 3152
 497 4577 3151 87 1 1.10 1.14 3152
 497 4753 3151 87 1 1.10 1.14 3152
 497 4721 3196 89 2 1.10 1.14 3197 3441
 513 4577 3151 87 1 1.10 1.14 3152
 513 4753 3151 87 1 1.10 1.14 3152
 513 4513 3693 87 2 1.10 1.14 3694
 529 4577 3151 87 1 1.10 1.14 3152
 529 4753 3151 87 1 1.10 1.14 3152
 545 4577 3151 87 1 1.10 1.14 3152
 545 4753 3151 87 1 1.10 1.14 3152
 561 4577 3151 87 1 1.10 1.14 3152
 561 4753 3151 87 1 1.10 1.14 3152
 577 4513 3693 87 2 1.10 1.14 3694
 577 4577 3151 87 1 1.10 1.14 3152
 577 4753 3151 87 1 1.10 1.14 3152
 593 4577 3151 87 1 1.10 1.14 3152
 593 4593 3151 87 1 1.10 1.14 3152
 593 4609 3151 87 1 1.10 1.14 3152
 593 4625 3151 87 1 1.10 1.14 3152
 593 4641 3151 87 1 1.10 1.14 3152
 593 4657 3151 87 1 1.10 1.14 3152
 593 4673 3151 87 1 1.10 1.14 3152
 593 4689 15671 89 12 1.10 1.14 15672
 593 4753 3151 87 1 1.10 1.14 3152
 609 4593 3151 87 1 1.10 1.14 3152
 609 4577 3151 87 1 1.10 1.14 3152
 609 4609 3693 87 2 1.10 1.14 3694
 609 4673 3151 87 1 1.10 1.14 3152
 609 4753 3151 87 1 1.10 1.14 3152
 625 4593 3151 87 1 1.10 1.14 3152
 625 4577 3151 87 1 1.10 1.14 3152
 625 4673 3151 87 1 1.10 1.14 3152
 625 4753 3151 87 1 1.10 1.14 3152
 641 4561 3151 87 1 1.10 1.14 3152
 641 4593 3151 87 1 1.10 1.14 3152
 641 4577 3151 87 1 1.10 1.14 3152
 641 4545 3151 87 1 1.10 1.14 3152
 641 4673 3151 87 1 1.10 1.14 3152
 641 4753 3151 87 1 1.10 1.14 3152
 641 4721 3192 71 6 1.10 1.14 3193 19 1
 641 4513 3151 87 1 1.10 1.14 3152
 641 4529 3151 87 1 1.10 1.14 3152
 657 4561 3151 87 1 1.10 1.14 3152
 657 4593 3151 87 1 1.10 1.14 3152
 657 4577 3151 87 1 1.10 1.14 3152
 657 4545 3151 87 1 1.10 1.14 3152
 657 4673 3151 87 1 1.10 1.14 3152
 657 4753 3151 87 1 1.10 1.14 3152
 657 4513 3151 87 1 1.10 1.14 3152
 657 4529 3151 87 1 1.10 1.14 3152
 673 4561 3151 87 1 1.10 1.14 3152
 673 4593 3151 87 1 1.10 1.14 3152
 673 4577 3151 87 1 1.10 1.14 3152
 673 4545 3151 87 1 1.10 1.14 3152
 673 4609 3151 87 1 1.10 1.14 3152
 673 4625 3151 87 1 1.10 1.14 3152
 673 4641 3151 87 1 1.10 1.14 3152
 673 4657 3151 87 1 1.10 1.14 3152
 673 4673 3151 87 1 1.10 1.14 3152
 673 4689 3151 87 1 1.10 1.14 3152
 673 4705 3151 87 1 1.10 1.14 3152
 673 4721 3151 87 1 1.10 1.14 3152
 673 4737 3151 87 1 1.10 1.14 3152
 673 4753 3151 87 1 1.10 1.14 3152
 673 4513 3151 87 1 1.10 1.14 3152
 673 4529 3151 87 1 1.10 1.14 3152
 689 4657 3151 81 1 -999998.90 -18.86 3152
