 -10 1286 674 0.42 1 1 1 1 1 2 2 301 0.42 1
-1
-1
-1
-1
-1
-1
-1
-1
-1
-1
-1
-1
-1
-1
-1
-1
-1
-1
-1
-1
-1
-1
y0
Area 2
 1 4737 3151 4 1 1400001.10 1400001.14 3152
 1 4753 3151 73 2 1.10 -4.86 3152
 17 4737 3151 4 1 1400001.10 1400001.14 3152
 17 4753 3151 73 2 1.10 -4.86 3152
 17 4385 3192 51 1 1.10 1.14 3193 1
 33 4737 3151 4 1 1400001.10 1400001.14 3152
 33 4673 3151 67 1 1.10 1.14 3152
 33 4753 3151 73 2 1.10 -4.86 3152
 49 4737 3151 4 1 1400001.10 1400001.14 3152
 49 4753 3151 73 2 1.10 -4.86 3152
 65 4737 3151 4 1 1400001.10 1400001.14 3152
 65 4753 3151 73 2 1.10 -4.86 3152
 81 4737 3151 4 1 1400001.10 1400001.14 3152
 81 4689 3151 67 1 1.10 1.14 3152
 81 4753 3151 73 2 1.10 -4.86 3152
 97 4737 3151 4 1 1400001.10 1400001.14 3152
 97 4753 3151 73 2 1.10 -4.86 3152
 113 4737 3151 4 1 1400001.10 1400001.14 3152
 113 4753 3151 73 2 1.10 -4.86 3152
 129 4753 3151 73 4 1.10 -4.86 3152
 129 4737 3151 73 4 1.10 -4.86 3152
 129 4721 3151 73 1 1.10 -4.86 3152
 145 4753 3151 73 5 1.10 1.14 3152
 145 4737 3151 73 5 1.10 1.14 3152
 145 4657 3151 67 1 1.10 1.14 3152
 145 4721 3151 73 2 1.10 -4.86 3152
 161 4753 3151 73 5 1.10 1.14 3152
 161 4737 3151 73 5 1.10 1.14 3152
 161 4721 3151 73 2 1.10 -4.86 3152
 177 4753 3151 73 5 1.10 1.14 3152
 177 4737 3151 73 5 1.10 1.14 3152
 177 4721 3151 73 2 1.10 -4.86 3152
 193 4753 3151 73 5 1.10 1.14 3152
 193 4737 3151 73 5 1.10 1.14 3152
 193 4721 3151 73 2 1.10 -4.86 3152
 193 4705 3694 70 2 1.10 -4.86 3695 6 1
 193 4689 3694 70 1 1.10 -4.86 3695
 209 4641 3151 67 1 1.10 1.14 3152
 209 4753 3151 73 5 1.10 1.14 3152
 209 4737 3151 73 5 1.10 1.14 3152
 209 4721 3151 73 2 1.10 -4.86 3152
 225 4753 3151 73 5 1.10 1.14 3152
 225 4737 3151 73 5 1.10 1.14 3152
 225 4721 3151 73 2 1.10 -4.86 3152
 241 4753 3151 73 5 1.10 1.14 3152
 241 4737 3151 73 5 1.10 1.14 3152
 241 4721 3151 73 2 1.10 -4.86 3152
 257 4753 3151 73 6 1.10 -4.86 3152
 257 4737 3151 73 6 1.10 -4.86 3152
 257 4721 3151 73 3 1.10 -4.86 3152
 273 4737 3151 4 1 1400001.10 1400001.14 3152
 273 4753 3151 4 2 1400001.10 1400001.14 3152
 289 4737 3151 4 1 1400001.10 1400001.14 3152
 289 4753 3151 4 2 1400001.10 1400001.14 3152
 289 4673 3151 67 1 1.10 1.14 3152
 305 4737 3151 4 1 1400001.10 1400001.14 3152
 305 4753 3151 4 2 1400001.10 1400001.14 3152
 321 4737 3151 4 1 1400001.10 1400001.14 3152
 321 4753 3151 4 2 1400001.10 1400001.14 3152
 337 4737 3151 4 1 1400001.10 1400001.14 3152
 337 4753 3151 4 2 1400001.10 1400001.14 3152
 353 4753 3151 4 2 1400001.10 1400001.14 3152
 353 4737 3151 4 1 1400001.10 1400001.14 3152
 353 4689 3151 67 1 1.10 1.14 3152
 369 4753 3151 4 2 1400001.10 1400001.14 3152
 369 4737 3151 4 1 1400001.10 1400001.14 3152
 385 4753 3151 4 2 1400001.10 1400001.14 3152
 385 4737 3151 4 1 1400001.10 1400001.14 3152
 385 4673 3151 67 1 1.10 1.14 3152
 401 4753 3151 4 2 1400001.10 1400001.14 3152
 401 4737 3151 4 1 1400001.10 1400001.14 3152
 417 4753 3151 4 2 1400001.10 1400001.14 3152
 417 4737 3151 4 1 1400001.10 1400001.14 3152
 433 4657 3151 67 1 1.10 1.14 3152
 433 4753 3151 73 4 1.10 -4.86 3152
 433 4737 3151 73 4 1.10 -4.86 3152
 433 4721 3151 73 1 1.10 -4.86 3152
 449 4753 3151 73 5 1.10 1.14 3152
 449 4737 3151 73 5 1.10 1.14 3152
 449 4721 3151 73 2 1.10 -4.86 3152
 465 4641 3151 59 21 1.10 1.14 3152
 465 4753 3151 73 5 1.10 1.14 3152
 465 4737 3151 73 5 1.10 1.14 3152
 465 4721 3151 73 2 1.10 -4.86 3152
 481 4753 3151 73 5 1.10 1.14 3152
 481 4689 3151 67 1 1.10 1.14 3152
 481 4737 3151 73 5 1.10 1.14 3152
 481 4721 3151 73 2 1.10 -4.86 3152
 497 4753 3151 73 5 1.10 1.14 3152
 497 4737 3151 73 5 1.10 1.14 3152
 497 4721 3151 73 2 1.10 -4.86 3152
 513 4657 3151 81 1 -999998.90 -18.86 3152
