 -10 254 690 0.42 1 1 1 1 1 2 2 301 0.42 1
-1
-1
-1
-1
-1
-1
-1
-1
-1
-1
-1
-1
-1
-1
-1
-1
-1
-1
-1
-1
-1
-1
y255.255.255
Area 2
 1 4129 3151 77 5 1.10 1.14 3152
 1 4145 3151 77 5 1.10 1.14 3152
 1 4161 3151 77 5 1.10 1.14 3152
 1 4209 3151 77 5 1.10 1.14 3152
 1 4225 3151 77 5 1.10 1.14 3152
 1 4177 3151 77 5 1.10 1.14 3152
 1 4193 3151 77 5 1.10 1.14 3152
 1 4241 3151 77 5 1.10 1.14 3152
 1 4257 3151 77 5 1.10 1.14 3152
 1 4273 3151 77 5 1.10 1.14 3152
 1 4289 3151 77 5 1.10 1.14 3152
 1 4305 3151 77 5 1.10 1.14 3152
 1 4353 3151 77 5 1.10 1.14 3152
 1 4369 3151 77 5 1.10 1.14 3152
 1 4385 3151 77 5 1.10 1.14 3152
 1 4401 3195 77 31 1.10 1.14 3196
 1 4321 3192 69 8 1.10 -4.86 3193
 17 4129 3151 77 5 1.10 1.14 3152
 17 4145 3151 77 5 1.10 1.14 3152
 17 4161 3151 77 5 1.10 1.14 3152
 17 4177 3151 77 5 1.10 1.14 3152
 17 4209 3151 77 5 1.10 1.14 3152
 17 4225 3151 77 5 1.10 1.14 3152
 17 4193 3151 77 5 1.10 1.14 3152
 17 4241 3151 77 5 1.10 1.14 3152
 17 4257 3151 77 5 1.10 1.14 3152
 17 4273 3151 77 5 1.10 1.14 3152
 17 4289 3151 77 5 1.10 1.14 3152
 17 4305 3151 77 5 1.10 1.14 3152
 17 4353 3151 77 5 1.10 1.14 3152
 17 4369 3151 77 5 1.10 1.14 3152
 17 4385 3151 77 5 1.10 1.14 3152
 17 4321 3192 70 23 1.10 -5.86 3193 1
 17 4593 3195 77 31 1.10 1.14 3196
 17 4497 3195 77 31 1.10 1.14 3196
 33 4065 3195 77 31 1.10 1.14 3196
 33 4257 3151 77 5 1.10 1.14 3152
 33 4273 3151 77 5 1.10 1.14 3152
 33 4289 3151 77 5 1.10 1.14 3152
 33 4305 3151 77 5 1.10 1.14 3152
 33 4353 3151 77 5 1.10 1.14 3152
 33 4369 3151 77 5 1.10 1.14 3152
 33 4385 3151 77 5 1.10 1.14 3152
 33 4161 3195 77 31 1.10 1.14 3196
 33 4321 3192 69 8 1.10 -4.86 3193
 49 4257 3151 77 5 1.10 1.14 3152
 49 4273 3151 77 10 1.10 1.14 3152
 49 4289 3151 77 6 1.10 1.14 3152
 49 4305 3151 77 6 1.10 1.14 3152
 49 4353 3151 77 6 1.10 1.14 3152
 49 4369 3151 77 6 1.10 1.14 3152
 49 4385 3151 77 13 1.10 1.14 3152
 49 4321 3192 69 7 1.10 -4.86 3193
 49 4753 3151 77 5 1.10 1.14 3152
 49 4689 3693 77 30 1.10 1.14 3694
 65 4257 3151 77 10 1.10 1.14 3152
 65 4273 3151 77 23 1.10 1.14 3152
 65 4385 3151 77 2 1.10 1.14 3152
 65 4369 3151 67 2 1.10 1.14 3152
 65 4753 3151 77 5 1.10 1.14 3152
 81 4257 3151 77 8 1.10 1.14 3152
 81 4385 3151 77 2 1.10 1.14 3152
 81 4753 3151 77 5 1.10 1.14 3152
 97 4257 3151 77 8 1.10 1.14 3152
 97 4385 3151 77 2 1.10 1.14 3152
 97 4401 3151 77 5 1.10 1.14 3152
 97 4417 3151 77 5 1.10 1.14 3152
 97 4433 3151 77 5 1.10 1.14 3152
 97 4449 3151 77 5 1.10 1.14 3152
 97 4465 3151 77 5 1.10 1.14 3152
 97 4481 3151 77 5 1.10 1.14 3152
 97 4753 3151 77 5 1.10 1.14 3152
 113 4257 3151 77 8 1.10 1.14 3152
 113 4385 3151 77 3 1.10 1.14 3152
 113 4401 3151 77 13 1.10 1.14 3152
 113 4417 3151 77 5 1.10 1.14 3152
 113 4433 3151 77 5 1.10 1.14 3152
 113 4449 3151 77 5 1.10 1.14 3152
 113 4465 3151 77 5 1.10 1.14 3152
 113 4673 3195 77 31 1.10 1.14 3196
 113 4577 3195 77 31 1.10 1.14 3196
 113 4481 3195 77 31 1.10 1.14 3196
 129 4209 3151 77 5 1.10 1.14 3152
 129 4193 3151 77 5 1.10 1.14 3152
 129 4177 3151 77 5 1.10 1.14 3152
 129 4161 3151 77 5 1.10 1.14 3152
 129 4145 3151 77 5 1.10 1.14 3152
 129 4049 3195 77 31 1.10 1.14 3196
 129 4225 3151 77 5 1.10 1.14 3152
 129 4241 3151 77 5 1.10 1.14 3152
 129 4257 3151 77 8 1.10 1.14 3152
 129 4401 3151 77 3 1.10 1.14 3152
 129 4417 3151 77 13 1.10 1.14 3152
 129 4433 3151 77 5 1.10 1.14 3152
 129 4449 3151 77 5 1.10 1.14 3152
 129 4465 3151 77 5 1.10 1.14 3152
 145 4145 3151 77 5 1.10 1.14 3152
 145 4161 3693 77 30 1.10 1.14 3694
 145 4225 3151 77 5 1.10 1.14 3152
 145 4241 3151 77 5 1.10 1.14 3152
 145 4257 3151 77 8 1.10 1.14 3152
 145 4417 3151 77 3 1.10 1.14 3152
 145 4433 3151 77 13 1.10 1.14 3152
 145 4449 3151 77 5 1.10 1.14 3152
 145 4465 3151 77 5 1.10 1.14 3152
 161 4145 3151 77 5 1.10 1.14 3152
 161 4225 3151 77 5 1.10 1.14 3152
 161 4241 3151 77 5 1.10 1.14 3152
 161 4257 3151 77 28 1.10 1.14 3152
 161 4353 3151 67 1 1.10 1.14 3152
 161 4433 3151 77 3 1.10 1.14 3152
 161 4449 3151 77 6 1.10 1.14 3152
 161 4465 3151 77 13 1.10 1.14 3152
 177 4145 3151 77 5 1.10 1.14 3152
 177 4225 3151 77 5 1.10 1.14 3152
 177 4241 3151 77 27 1.10 1.14 3152
 177 4257 3151 77 29 1.10 1.14 3152
 177 4465 3151 77 2 1.10 1.14 3152
 193 4145 3151 77 5 1.10 1.14 3152
 193 4225 3151 77 5 1.10 1.14 3152
 193 4241 3151 77 28 1.10 1.14 3152
 193 4465 3151 77 2 1.10 1.14 3152
 209 4145 3151 77 5 1.10 1.14 3152
 209 4161 3151 77 5 1.10 1.14 3152
 209 4177 3151 77 5 1.10 1.14 3152
 209 4193 3151 77 5 1.10 1.14 3152
 209 4209 3151 77 5 1.10 1.14 3152
 209 4225 3151 77 27 1.10 1.14 3152
 209 4241 3151 77 29 1.10 1.14 3152
 209 4481 3151 77 5 1.10 1.14 3152
 209 4465 3151 77 2 1.10 1.14 3152
 209 4529 3694 69 6 1.10 -4.86 3695
 209 4497 3196 69 18 1.10 -4.86 3197
 209 4753 3151 77 5 1.10 1.14 3152
 209 4737 3151 77 5 1.10 1.14 3152
 209 4721 3151 77 5 1.10 1.14 3152
 209 4545 3694 69 6 1.10 -4.86 3695
 209 4689 3196 69 21 1.10 -4.86 3197
 209 4673 3694 69 6 1.10 -4.86 3695
 209 4657 3694 69 6 1.10 -4.86 3695
 209 4641 3694 69 6 1.10 -4.86 3695
 209 4625 3694 69 6 1.10 -4.86 3695
 209 4609 3694 69 6 1.10 -4.86 3695
 209 4593 3694 69 6 1.10 -4.86 3695
 209 4577 3694 69 6 1.10 -4.86 3695
 209 4561 3694 69 6 1.10 -4.86 3695
 225 3985 3195 77 31 1.10 1.14 3196
 225 4081 3195 77 31 1.10 1.14 3196
 225 4177 3151 77 5 1.10 1.14 3152
 225 4193 3151 77 5 1.10 1.14 3152
 225 4209 3151 77 10 1.10 1.14 3152
 225 4225 3151 77 23 1.10 1.14 3152
 225 4481 3151 77 5 1.10 1.14 3152
 225 4449 3151 55 5 1.10 -5.86 3152
 225 4465 3151 77 2 1.10 1.14 3152
 225 4753 3151 77 5 1.10 1.14 3152
 225 4737 3151 77 5 1.10 1.14 3152
 225 4721 3151 77 5 1.10 1.14 3152
 241 4177 3151 77 5 1.10 1.14 3152
 241 4193 3151 77 10 1.10 1.14 3152
 241 4209 3151 77 23 1.10 1.14 3152
 241 4305 3151 67 1 1.10 1.14 3152
 241 4481 3151 77 5 1.10 1.14 3152
 241 4385 3151 77 1 1.10 1.14 3152
 241 4401 3151 77 7 1.10 1.14 3152
 241 4465 3151 77 2 1.10 1.14 3152
 241 4497 3192 69 8 1.10 -4.86 3193
 241 4753 3151 77 5 1.10 1.14 3152
 241 4737 3151 77 5 1.10 1.14 3152
 241 4721 3151 77 5 1.10 1.14 3152
 241 4689 3192 69 8 1.10 -4.86 3193
 241 4529 3693 77 30 1.10 1.14 3694
 241 4593 3195 77 31 1.10 1.14 3196
 257 4177 3151 77 10 1.10 1.14 3152
 257 4193 3151 77 23 1.10 1.14 3152
 257 4481 3151 77 5 1.10 1.14 3152
 257 4369 3151 55 5 1.10 -5.86 3152
 257 4385 3151 77 2 1.10 1.14 3152
 257 4401 3151 77 11 1.10 1.14 3152
 257 4417 3151 77 4 1.10 1.14 3152
 257 4433 3151 77 4 1.10 1.14 3152
 257 4449 3151 77 4 1.10 1.14 3152
 257 4465 3151 77 12 1.10 1.14 3152
 257 4753 3151 77 5 1.10 1.14 3152
 257 4737 3151 77 5 1.10 1.14 3152
 257 4721 3151 77 5 1.10 1.14 3152
 257 4497 3192 69 8 1.10 -4.86 3193
 257 4689 3192 69 8 1.10 -4.86 3193
 273 4177 3151 77 8 1.10 1.14 3152
 273 4481 3151 77 5 1.10 1.14 3152
 273 4385 3151 77 2 1.10 1.14 3152
 273 4401 3151 77 5 1.10 1.14 3152
 273 4417 3151 77 5 1.10 1.14 3152
 273 4433 3151 77 5 1.10 1.14 3152
 273 4449 3151 77 5 1.10 1.14 3152
 273 4465 3151 77 5 1.10 1.14 3152
 273 4753 3151 77 5 1.10 1.14 3152
 273 4737 3151 77 5 1.10 1.14 3152
 273 4721 3151 77 5 1.10 1.14 3152
 273 4497 3192 69 8 1.10 -4.86 3193
 273 4689 3192 69 8 1.10 -4.86 3193
 289 4177 3151 77 8 1.10 1.14 3152
 289 4385 3151 77 2 1.10 1.14 3152
 289 4401 3151 77 5 1.10 1.14 3152
 289 4417 3151 77 5 1.10 1.14 3152
 289 4433 3151 77 5 1.10 1.14 3152
 289 4449 3151 77 5 1.10 1.14 3152
 289 4465 3151 77 5 1.10 1.14 3152
 289 4481 3151 77 5 1.10 1.14 3152
 289 4753 3151 77 5 1.10 1.14 3152
 289 4737 3151 77 5 1.10 1.14 3152
 289 4721 3151 77 5 1.10 1.14 3152
 289 4497 3192 69 8 1.10 -4.86 3193
 289 4689 3192 69 8 1.10 -4.86 3193
 305 4177 3151 77 8 1.10 1.14 3152
 305 4385 3151 77 2 1.10 1.14 3152
 305 4401 3151 77 5 1.10 1.14 3152
 305 4417 3151 77 5 1.10 1.14 3152
 305 4433 3151 77 5 1.10 1.14 3152
 305 4449 3151 77 5 1.10 1.14 3152
 305 4465 3151 77 5 1.10 1.14 3152
 305 4481 3151 77 5 1.10 1.14 3152
 305 4529 3151 77 5 1.10 1.14 3152
 305 4545 3151 77 5 1.10 1.14 3152
 305 4753 3151 77 5 1.10 1.14 3152
 305 4737 3151 77 5 1.10 1.14 3152
 305 4721 3151 77 5 1.10 1.14 3152
 305 4577 3151 77 5 1.10 1.14 3152
 305 4561 3151 77 5 1.10 1.14 3152
 305 4497 3192 69 8 1.10 -4.86 3193
 305 4689 3192 69 8 1.10 -4.86 3193
 321 3985 3195 77 31 1.10 1.14 3196
 321 4081 3195 77 31 1.10 1.14 3196
 321 4177 3151 77 8 1.10 1.14 3152
 321 4369 3151 55 5 1.10 -5.86 3152
 321 4385 3151 77 2 1.10 1.14 3152
 321 4401 3151 77 5 1.10 1.14 3152
 321 4417 3151 77 5 1.10 1.14 3152
 321 4433 3151 77 5 1.10 1.14 3152
 321 4449 3151 77 5 1.10 1.14 3152
 321 4465 3151 77 5 1.10 1.14 3152
 321 4481 3151 77 5 1.10 1.14 3152
 321 4529 3151 77 5 1.10 1.14 3152
 321 4545 3151 77 5 1.10 1.14 3152
 321 4753 3151 77 5 1.10 1.14 3152
 321 4737 3151 77 5 1.10 1.14 3152
 321 4721 3151 77 5 1.10 1.14 3152
 321 4577 3151 77 5 1.10 1.14 3152
 321 4561 3151 77 5 1.10 1.14 3152
 321 4497 3192 69 8 1.10 -4.86 3193
 321 4689 3192 69 8 1.10 -4.86 3193
 337 4177 3151 77 8 1.10 1.14 3152
 337 4305 3151 67 1 1.10 1.14 3152
 337 4385 3151 77 2 1.10 1.14 3152
 337 4401 3151 77 5 1.10 1.14 3152
 337 4417 3151 77 5 1.10 1.14 3152
 337 4433 3151 77 5 1.10 1.14 3152
 337 4449 3151 77 5 1.10 1.14 3152
 337 4465 3151 77 5 1.10 1.14 3152
 337 4481 3151 77 5 1.10 1.14 3152
 337 4529 3151 77 5 1.10 1.14 3152
 337 4545 3151 77 5 1.10 1.14 3152
 337 4753 3151 77 5 1.10 1.14 3152
 337 4737 3151 77 5 1.10 1.14 3152
 337 4721 3151 77 5 1.10 1.14 3152
 337 4577 3151 77 5 1.10 1.14 3152
 337 4561 3151 77 5 1.10 1.14 3152
 337 4497 3192 69 8 1.10 -4.86 3193
 337 4689 3192 69 8 1.10 -4.86 3193
 337 4593 3195 77 31 1.10 1.14 3196
 353 4177 3151 77 8 1.10 1.14 3152
 353 4385 3151 77 3 1.10 1.14 3152
 353 4401 3151 77 13 1.10 1.14 3152
 353 4417 3151 77 5 1.10 1.14 3152
 353 4433 3151 77 5 1.10 1.14 3152
 353 4449 3151 77 5 1.10 1.14 3152
 353 4465 3151 77 5 1.10 1.14 3152
 353 4481 3151 77 10 1.10 1.14 3152
 353 4529 3151 77 13 1.10 1.14 3152
 353 4545 3151 77 5 1.10 1.14 3152
 353 4753 3151 77 5 1.10 1.14 3152
 353 4737 3151 77 5 1.10 1.14 3152
 353 4721 3151 77 5 1.10 1.14 3152
 353 4577 3151 77 5 1.10 1.14 3152
 353 4561 3151 77 5 1.10 1.14 3152
 353 4497 3192 69 8 1.10 -4.86 3193
 353 4689 3192 69 8 1.10 -4.86 3193
 369 4177 3151 77 8 1.10 1.14 3152
 369 4401 3151 77 3 1.10 1.14 3152
 369 4417 3151 77 13 1.10 1.14 3152
 369 4433 3151 77 5 1.10 1.14 3152
 369 4449 3151 77 5 1.10 1.14 3152
 369 4465 3151 77 5 1.10 1.14 3152
 369 4481 3151 77 8 1.10 1.14 3152
 369 4529 3151 77 2 1.10 1.14 3152
 369 4545 3151 77 5 1.10 1.14 3152
 369 4753 3151 77 5 1.10 1.14 3152
 369 4737 3151 77 5 1.10 1.14 3152
 369 4721 3151 77 5 1.10 1.14 3152
 369 4577 3151 77 5 1.10 1.14 3152
 369 4561 3151 77 5 1.10 1.14 3152
 369 4497 3192 70 7 1.10 -4.86 3193
 369 4689 3192 69 8 1.10 -4.86 3193
 385 4177 3151 77 8 1.10 1.14 3152
 385 4417 3151 77 2 1.10 1.14 3152
 385 4433 3151 77 5 1.10 1.14 3152
 385 4449 3151 77 5 1.10 1.14 3152
 385 4465 3151 77 5 1.10 1.14 3152
 385 4481 3151 77 8 1.10 1.14 3152
 385 4529 3151 77 2 1.10 1.14 3152
 385 4545 3151 77 5 1.10 1.14 3152
 385 4753 3151 77 5 1.10 1.14 3152
 385 4737 3151 77 5 1.10 1.14 3152
 385 4721 3151 77 5 1.10 1.14 3152
 385 4577 3151 77 5 1.10 1.14 3152
 385 4561 3151 77 5 1.10 1.14 3152
 385 4689 3192 69 8 1.10 -4.86 3193
 401 4177 3151 77 26 1.10 1.14 3152
 401 4193 3151 77 24 1.10 1.14 3152
 401 4417 3151 77 3 1.10 1.14 3152
 401 4433 3151 77 6 1.10 1.14 3152
 401 4449 3151 77 6 1.10 1.14 3152
 401 4465 3151 77 6 1.10 1.14 3152
 401 4481 3151 77 9 1.10 1.14 3152
 401 4529 3151 77 2 1.10 1.14 3152
 401 4545 3151 77 5 1.10 1.14 3152
 401 4753 3151 77 5 1.10 1.14 3152
 401 4737 3151 77 5 1.10 1.14 3152
 401 4721 3151 77 5 1.10 1.14 3152
 401 4577 3151 77 5 1.10 1.14 3152
 401 4561 3151 77 5 1.10 1.14 3152
 401 4689 3192 69 8 1.10 -4.86 3193
 417 4001 3195 77 31 1.10 1.14 3196
 417 4193 3151 77 25 1.10 1.14 3152
 417 4097 3195 77 31 1.10 1.14 3196
 417 4529 3151 77 2 1.10 1.14 3152
 417 4545 3151 77 5 1.10 1.14 3152
 417 4753 3151 77 5 1.10 1.14 3152
 417 4737 3151 77 5 1.10 1.14 3152
 417 4721 3151 77 5 1.10 1.14 3152
 417 4577 3151 77 5 1.10 1.14 3152
 417 4561 3151 77 5 1.10 1.14 3152
 417 4689 3192 69 8 1.10 -4.86 3193
 433 4193 3151 77 11 1.10 1.14 3152
 433 4209 3151 77 22 1.10 1.14 3152
 433 4353 3151 67 1 1.10 1.14 3152
 433 4529 3151 77 2 1.10 1.14 3152
 433 4753 3151 77 5 1.10 1.14 3152
 433 4737 3151 77 5 1.10 1.14 3152
 433 4721 3151 77 5 1.10 1.14 3152
 433 4673 3151 77 6 1.10 1.14 3152
 433 4657 3151 77 6 1.10 1.14 3152
 433 4641 3151 77 6 1.10 1.14 3152
 433 4625 3151 77 6 1.10 1.14 3152
 433 4609 3151 77 10 1.10 1.14 3152
 433 4689 3192 69 8 1.10 -4.86 3193
 433 4545 3693 77 30 1.10 1.14 3694
 449 4193 3151 77 5 1.10 1.14 3152
 449 4209 3151 77 11 1.10 1.14 3152
 449 4225 3151 77 22 1.10 1.14 3152
 449 4529 3151 77 2 1.10 1.14 3152
 449 4753 3151 77 5 1.10 1.14 3152
 449 4737 3151 77 13 1.10 1.14 3152
 449 4721 3151 77 6 1.10 1.14 3152
 449 4609 3151 77 8 1.10 1.14 3152
 449 4689 3192 69 7 1.10 -4.86 3193
 465 4193 3151 77 5 1.10 1.14 3152
 465 4209 3151 77 5 1.10 1.14 3152
 465 4225 3151 77 11 1.10 1.14 3152
 465 4241 3151 77 22 1.10 1.14 3152
 465 4529 3151 77 2 1.10 1.14 3152
 465 4753 3151 77 5 1.10 1.14 3152
 465 4737 3151 77 2 1.10 1.14 3152
 465 4609 3151 77 8 1.10 1.14 3152
 481 4193 3151 77 5 1.10 1.14 3152
 481 4209 3151 77 5 1.10 1.14 3152
 481 4225 3151 77 5 1.10 1.14 3152
 481 4241 3151 77 26 1.10 1.14 3152
 481 4257 3151 77 24 1.10 1.14 3152
 481 4529 3151 77 2 1.10 1.14 3152
 481 4753 3151 77 5 1.10 1.14 3152
 481 4737 3151 77 2 1.10 1.14 3152
 481 4657 3151 59 1 1.10 1.14 3152
 481 4609 3151 77 8 1.10 1.14 3152
 497 4193 3151 77 5 1.10 1.14 3152
 497 4209 3151 77 5 1.10 1.14 3152
 497 4225 3151 77 5 1.10 1.14 3152
 497 4241 3151 77 5 1.10 1.14 3152
 497 4257 3151 77 25 1.10 1.14 3152
 497 4433 3151 67 1 1.10 1.14 3152
 497 4529 3151 77 2 1.10 1.14 3152
 497 4753 3151 77 5 1.10 1.14 3152
 497 4737 3151 77 2 1.10 1.14 3152
 497 4657 3151 59 1 1.10 1.14 3152
 497 4609 3151 77 8 1.10 1.14 3152
 497 4545 3693 77 30 1.10 1.14 3694
 513 4225 3151 77 5 1.10 1.14 3152
 513 4241 3151 77 5 1.10 1.14 3152
 513 4257 3151 77 26 1.10 1.14 3152
 513 4273 3151 77 24 1.10 1.14 3152
 513 4209 3151 77 5 1.10 1.14 3152
 513 4193 3151 77 5 1.10 1.14 3152
 513 4177 3151 77 5 1.10 1.14 3152
 513 3985 3195 77 31 1.10 1.14 3196
 513 4081 3195 77 31 1.10 1.14 3196
 513 4529 3151 77 2 1.10 1.14 3152
 513 4753 3151 77 5 1.10 1.14 3152
 513 4737 3151 77 2 1.10 1.14 3152
 513 4609 3151 77 8 1.10 1.14 3152
 529 4273 3151 77 25 1.10 1.14 3152
 529 4257 3151 77 5 1.10 1.14 3152
 529 4177 3151 77 5 1.10 1.14 3152
 529 4193 3693 77 30 1.10 1.14 3694
 529 4513 3151 77 16 1.10 1.14 3152
 529 4753 3151 77 5 1.10 1.14 3152
 529 4737 3151 77 2 1.10 1.14 3152
 529 4609 3151 77 8 1.10 1.14 3152
 529 4529 3151 77 18 1.10 1.14 3152
 545 4273 3151 77 8 1.10 1.14 3152
 545 4257 3151 77 5 1.10 1.14 3152
 545 3793 3195 77 31 1.10 1.14 3196
 545 4177 3151 77 5 1.10 1.14 3152
 545 3889 3195 77 31 1.10 1.14 3196
 545 4513 3151 77 17 1.10 1.14 3152
 545 4529 3151 77 5 1.10 1.14 3152
 545 4753 3151 77 5 1.10 1.14 3152
 545 4737 3151 77 18 1.10 1.14 3152
 545 4721 3151 77 16 1.10 1.14 3152
 545 4609 3151 77 8 1.10 1.14 3152
 561 4273 3151 77 8 1.10 1.14 3152
 561 4385 3151 67 1 1.10 1.14 3152
 561 4257 3151 77 5 1.10 1.14 3152
 561 4177 3151 77 5 1.10 1.14 3152
 561 4497 3151 77 16 1.10 1.14 3152
 561 4513 3151 77 18 1.10 1.14 3152
 561 4529 3151 77 5 1.10 1.14 3152
 561 4545 3151 77 5 1.10 1.14 3152
 561 4753 3151 77 5 1.10 1.14 3152
 561 4737 3151 77 5 1.10 1.14 3152
 561 4721 3151 77 17 1.10 1.14 3152
 561 4609 3151 77 8 1.10 1.14 3152
 561 4593 3151 77 5 1.10 1.14 3152
 561 4577 3151 77 5 1.10 1.14 3152
 561 4561 3151 77 5 1.10 1.14 3152
 577 4273 3151 77 8 1.10 1.14 3152
 577 4257 3151 77 5 1.10 1.14 3152
 577 4177 3151 77 5 1.10 1.14 3152
 577 4497 3151 77 17 1.10 1.14 3152
 577 4753 3151 77 5 1.10 1.14 3152
 577 4737 3151 77 5 1.10 1.14 3152
 577 4721 3151 77 18 1.10 1.14 3152
 577 4705 3151 77 16 1.10 1.14 3152
 577 4609 3151 77 8 1.10 1.14 3152
 577 4513 3195 77 31 1.10 1.14 3196
 593 4273 3151 77 8 1.10 1.14 3152
 593 4257 3151 77 5 1.10 1.14 3152
 593 4241 3151 77 5 1.10 1.14 3152
 593 4225 3151 77 5 1.10 1.14 3152
 593 4209 3151 77 5 1.10 1.14 3152
 593 4193 3151 77 5 1.10 1.14 3152
 593 4177 3151 77 5 1.10 1.14 3152
 593 4481 3151 77 14 1.10 1.14 3152
 593 4497 3151 77 12 1.10 1.14 3152
 593 4753 3151 77 5 1.10 1.14 3152
 593 4737 3151 77 5 1.10 1.14 3152
 593 4721 3151 77 5 1.10 1.14 3152
 593 4705 3151 77 17 1.10 1.14 3152
 593 4609 3151 77 8 1.10 1.14 3152
 609 4273 3151 77 8 1.10 1.14 3152
 609 3985 3151 77 5 1.10 1.14 3152
 609 4001 3151 77 5 1.10 1.14 3152
 609 4209 3693 77 30 1.10 1.14 3694
 609 4017 3195 77 31 1.10 1.14 3196
 609 4113 3195 77 31 1.10 1.14 3196
 609 4465 3151 77 14 1.10 1.14 3152
 609 4481 3151 77 12 1.10 1.14 3152
 609 4497 3151 77 5 1.10 1.14 3152
 609 4753 3151 77 5 1.10 1.14 3152
 609 4737 3151 77 5 1.10 1.14 3152
 609 4721 3151 77 5 1.10 1.14 3152
 609 4705 3151 77 2 1.10 1.14 3152
 609 4609 3151 77 8 1.10 1.14 3152
 625 4305 3151 77 4 1.10 1.14 3152
 625 4321 3151 77 4 1.10 1.14 3152
 625 4337 3151 77 4 1.10 1.14 3152
 625 4353 3151 77 4 1.10 1.14 3152
 625 4369 3151 77 4 1.10 1.14 3152
 625 4385 3151 77 4 1.10 1.14 3152
 625 4401 3151 77 4 1.10 1.14 3152
 625 4417 3151 77 4 1.10 1.14 3152
 625 4433 3151 77 4 1.10 1.14 3152
 625 4289 3151 77 4 1.10 1.14 3152
 625 4273 3151 77 11 1.10 1.14 3152
 625 3985 3151 77 5 1.10 1.14 3152
 625 4001 3151 77 5 1.10 1.14 3152
 625 4753 3151 77 5 1.10 1.14 3152
 625 4449 3151 77 4 1.10 1.14 3152
 625 4465 3151 77 12 1.10 1.14 3152
 625 4481 3151 77 5 1.10 1.14 3152
 625 4497 3151 77 5 1.10 1.14 3152
 625 4737 3151 77 5 1.10 1.14 3152
 625 4721 3151 77 5 1.10 1.14 3152
 625 4705 3151 77 2 1.10 1.14 3152
 625 4609 3151 77 8 1.10 1.14 3152
 641 3729 3195 77 31 1.10 1.14 3196
 641 4337 3693 77 30 1.10 1.14 3694
 641 3825 3195 77 31 1.10 1.14 3196
 641 3921 3151 77 10 1.10 1.14 3152
 641 3937 3151 77 6 1.10 1.14 3152
 641 3953 3151 77 6 1.10 1.14 3152
 641 3969 3151 77 6 1.10 1.14 3152
 641 3985 3151 77 6 1.10 1.14 3152
 641 4001 3151 77 13 1.10 1.14 3152
 641 4273 3693 77 30 1.10 1.14 3694
 641 4753 3151 77 5 1.10 1.14 3152
 641 4737 3151 77 5 1.10 1.14 3152
 641 4465 3151 77 5 1.10 1.14 3152
 641 4481 3151 77 5 1.10 1.14 3152
 641 4497 3151 77 5 1.10 1.14 3152
 641 4721 3151 77 5 1.10 1.14 3152
 641 4705 3151 77 3 1.10 1.14 3152
 641 4609 3151 77 8 1.10 1.14 3152
 641 4625 3151 55 2 1.10 -5.86 3152
 641 4401 3693 77 30 1.10 1.14 3694
 657 3921 3151 77 8 1.10 1.14 3152
 657 4001 3151 77 2 1.10 1.14 3152
 657 4753 3151 63 16 1.10 1.14 3152
 657 4737 3151 63 16 1.10 1.14 3152
 657 4465 3151 77 5 1.10 1.14 3152
 657 4481 3151 77 5 1.10 1.14 3152
 657 4497 3151 77 5 1.10 1.14 3152
 657 4721 3151 63 14 1.10 1.14 3152
 657 4609 3151 77 28 1.10 1.14 3152
 673 3921 3151 77 8 1.10 1.14 3152
 673 4257 3151 77 5 1.10 1.14 3152
 673 4241 3151 77 5 1.10 1.14 3152
 673 4225 3151 77 5 1.10 1.14 3152
 673 4209 3151 77 5 1.10 1.14 3152
 673 3985 3151 71 37 1.10 1.14 3152
 673 4001 3151 77 2 1.10 1.14 3152
 673 4753 3151 63 16 1.10 1.14 3152
 673 4737 3151 63 16 1.10 1.14 3152
 673 4465 3151 77 5 1.10 1.14 3152
 673 4481 3151 77 5 1.10 1.14 3152
 673 4497 3151 77 5 1.10 1.14 3152
 673 4513 3151 77 5 1.10 1.14 3152
 673 4529 3151 77 5 1.10 1.14 3152
 673 4545 3151 77 5 1.10 1.14 3152
 673 4721 3151 63 14 1.10 1.14 3152
 673 4609 3151 77 29 1.10 1.14 3152
 673 4593 3151 77 27 1.10 1.14 3152
 673 4577 3151 77 5 1.10 1.14 3152
 673 4561 3151 77 5 1.10 1.14 3152
 673 4689 3194 62 2 1.10 1.14 3195
 689 3921 3151 77 8 1.10 1.14 3152
 689 4257 3151 77 5 1.10 1.14 3152
 689 4241 3151 77 5 1.10 1.14 3152
 689 4225 3151 77 5 1.10 1.14 3152
 689 4209 3151 77 5 1.10 1.14 3152
 689 4001 3151 77 2 1.10 1.14 3152
 689 4753 3151 63 16 1.10 1.14 3152
 689 4737 3151 63 16 1.10 1.14 3152
 689 4465 3151 77 5 1.10 1.14 3152
 689 4481 3151 77 5 1.10 1.14 3152
 689 4497 3151 77 5 1.10 1.14 3152
 689 4513 3151 77 5 1.10 1.14 3152
 689 4721 3151 63 14 1.10 1.14 3152
 689 4529 3151 77 5 1.10 1.14 3152
 689 4545 3151 77 5 1.10 1.14 3152
 689 4593 3151 77 28 1.10 1.14 3152
 689 4577 3151 77 5 1.10 1.14 3152
 689 4561 3151 77 5 1.10 1.14 3152
 705 4417 3151 77 5 1.10 1.14 3152
 705 4401 3151 77 5 1.10 1.14 3152
 705 4385 3151 77 5 1.10 1.14 3152
 705 4369 3151 77 5 1.10 1.14 3152
 705 4353 3151 77 5 1.10 1.14 3152
 705 3921 3151 77 8 1.10 1.14 3152
 705 4001 3151 77 3 1.10 1.14 3152
 705 4017 3151 77 6 1.10 1.14 3152
 705 4033 3151 77 6 1.10 1.14 3152
 705 4049 3151 77 6 1.10 1.14 3152
 705 4065 3151 77 6 1.10 1.14 3152
 705 4081 3151 77 6 1.10 1.14 3152
 705 4097 3151 77 6 1.10 1.14 3152
 705 4113 3151 77 6 1.10 1.14 3152
 705 4129 3151 77 6 1.10 1.14 3152
 705 4145 3151 77 13 1.10 1.14 3152
 705 4257 3195 77 31 1.10 1.14 3196
 705 4161 3195 77 31 1.10 1.14 3196
 705 4753 3151 63 16 1.10 1.14 3152
 705 4737 3151 63 16 1.10 1.14 3152
 705 4721 3151 63 14 1.10 1.14 3152
 705 4545 3151 77 5 1.10 1.14 3152
 705 4625 3151 67 1 1.10 1.14 3152
 705 4593 3151 77 29 1.10 1.14 3152
 705 4577 3151 77 27 1.10 1.14 3152
 705 4561 3151 77 5 1.10 1.14 3152
 705 4433 3196 69 18 1.10 -4.86 3197
 705 4465 3694 69 6 1.10 -4.86 3695
 705 4481 3694 69 6 1.10 -4.86 3695
 705 4497 3694 69 6 1.10 -4.86 3695
 705 4513 3196 69 21 1.10 -4.86 3197
 721 4417 3151 77 5 1.10 1.14 3152
 721 4401 3151 77 5 1.10 1.14 3152
 721 4385 3151 77 5 1.10 1.14 3152
 721 4369 3151 77 5 1.10 1.14 3152
 721 4353 3151 77 5 1.10 1.14 3152
 721 3921 3151 77 8 1.10 1.14 3152
 721 4065 3151 59 20 1.10 1.14 3152
 721 4145 3151 77 2 1.10 1.14 3152
 721 4753 3151 63 16 1.10 1.14 3152
 721 4737 3151 63 16 1.10 1.14 3152
 721 4721 3151 63 14 1.10 1.14 3152
 721 4545 3151 77 5 1.10 1.14 3152
 721 4577 3151 77 28 1.10 1.14 3152
 721 4561 3151 77 5 1.10 1.14 3152
 737 3729 3195 77 31 1.10 1.14 3196
 737 4369 3693 77 30 1.10 1.14 3694
 737 4353 3151 77 5 1.10 1.14 3152
 737 3825 3195 77 31 1.10 1.14 3196
 737 3921 3151 77 8 1.10 1.14 3152
 737 4145 3151 77 2 1.10 1.14 3152
 737 4753 3151 63 16 1.10 1.14 3152
 737 4737 3151 63 16 1.10 1.14 3152
 737 4465 3151 77 5 1.10 1.14 3152
 737 4481 3151 77 5 1.10 1.14 3152
 737 4497 3151 77 5 1.10 1.14 3152
 737 4721 3151 63 14 1.10 1.14 3152
 737 4545 3151 77 5 1.10 1.14 3152
 737 4609 3151 67 1 1.10 1.14 3152
 737 4577 3151 77 29 1.10 1.14 3152
 737 4561 3151 77 27 1.10 1.14 3152
 737 4433 3192 69 8 1.10 -4.86 3193
 737 4513 3192 69 8 1.10 -4.86 3193
 753 4353 3151 77 5 1.10 1.14 3152
 753 3921 3151 77 8 1.10 1.14 3152
 753 4145 3151 77 2 1.10 1.14 3152
 753 4753 3151 63 16 1.10 1.14 3152
 753 4737 3151 63 16 1.10 1.14 3152
 753 4465 3151 77 5 1.10 1.14 3152
 753 4481 3151 77 5 1.10 1.14 3152
 753 4497 3151 77 5 1.10 1.14 3152
 753 4721 3151 63 14 1.10 1.14 3152
 753 4545 3151 77 5 1.10 1.14 3152
 753 4561 3151 77 8 1.10 1.14 3152
 753 4433 3192 69 8 1.10 -4.86 3193
 753 4513 3192 69 8 1.10 -4.86 3193
 753 4689 3194 62 2 1.10 1.14 3195
 769 4353 3151 77 5 1.10 1.14 3152
 769 3921 3151 77 8 1.10 1.14 3152
 769 4145 3151 77 2 1.10 1.14 3152
 769 4753 3151 63 16 1.10 1.14 3152
 769 4737 3151 63 16 1.10 1.14 3152
 769 4465 3151 77 5 1.10 1.14 3152
 769 4481 3151 77 5 1.10 1.14 3152
 769 4497 3151 77 5 1.10 1.14 3152
 769 4721 3151 63 14 1.10 1.14 3152
 769 4545 3151 77 5 1.10 1.14 3152
 769 4561 3151 77 8 1.10 1.14 3152
 769 4433 3192 69 8 1.10 -4.86 3193
 769 4513 3192 69 8 1.10 -4.86 3193
 785 4353 3151 77 5 1.10 1.14 3152
 785 3921 3151 77 8 1.10 1.14 3152
 785 4145 3151 77 2 1.10 1.14 3152
 785 4753 3151 63 16 1.10 1.14 3152
 785 4737 3151 63 16 1.10 1.14 3152
 785 4465 3151 77 5 1.10 1.14 3152
 785 4481 3151 77 5 1.10 1.14 3152
 785 4497 3151 77 5 1.10 1.14 3152
 785 4721 3151 63 14 1.10 1.14 3152
 785 4545 3151 77 5 1.10 1.14 3152
 785 4561 3151 77 8 1.10 1.14 3152
 785 4433 3192 69 8 1.10 -4.86 3193
 785 4513 3192 69 8 1.10 -4.86 3193
 801 3921 3151 77 8 1.10 1.14 3152
 801 4385 3694 69 6 1.10 -4.86 3695
 801 4369 3694 69 6 1.10 -4.86 3695
 801 4353 3694 69 6 1.10 -4.86 3695
 801 4337 3694 69 6 1.10 -4.86 3695
 801 4321 3694 69 6 1.10 -4.86 3695
 801 4305 3694 69 6 1.10 -4.86 3695
 801 4289 3694 69 6 1.10 -4.86 3695
 801 4273 3694 69 6 1.10 -4.86 3695
 801 4257 3694 69 6 1.10 -4.86 3695
 801 4241 3694 69 6 1.10 -4.86 3695
 801 4225 3694 69 6 1.10 -4.86 3695
 801 4209 3694 69 6 1.10 -4.86 3695
 801 4193 3694 69 6 1.10 -4.86 3695
 801 4177 3694 69 6 1.10 -4.86 3695
 801 4129 3694 69 5 1.10 -4.86 3695
 801 4145 3694 69 6 1.10 -4.86 3695
 801 4161 3694 69 6 1.10 -4.86 3695
 801 4753 3151 63 16 1.10 1.14 3152
 801 4737 3151 63 16 1.10 1.14 3152
 801 4721 3151 63 14 1.10 1.14 3152
 801 4545 3151 77 5 1.10 1.14 3152
 801 4561 3151 77 8 1.10 1.14 3152
 801 4401 3694 69 6 1.10 -4.86 3695
 801 4417 3694 69 6 1.10 -4.86 3695
 801 4433 3196 69 17 1.10 -4.86 3197
 801 4465 3694 69 6 1.10 -4.86 3695
 801 4481 3694 69 6 1.10 -4.86 3695
 801 4497 3694 69 6 1.10 -4.86 3695
 801 4513 3196 69 20 1.10 -4.86 3197
 817 3921 3151 77 8 1.10 1.14 3152
 817 4753 3151 63 16 1.10 1.14 3152
 817 4737 3151 63 16 1.10 1.14 3152
 817 4721 3151 63 15 1.10 1.14 3152
 817 4545 3151 77 5 1.10 1.14 3152
 817 4609 3151 67 1 1.10 1.14 3152
 817 4561 3151 77 8 1.10 1.14 3152
 833 3713 3195 77 31 1.10 1.14 3196
 833 4369 3151 77 5 1.10 1.14 3152
 833 4353 3151 77 5 1.10 1.14 3152
 833 3809 3195 77 31 1.10 1.14 3196
 833 3905 3151 77 5 1.10 1.14 3152
 833 3921 3151 77 11 1.10 1.14 3152
 833 3937 3151 77 4 1.10 1.14 3152
 833 3953 3151 77 4 1.10 1.14 3152
 833 3969 3151 77 4 1.10 1.14 3152
 833 3985 3151 77 4 1.10 1.14 3152
 833 4001 3151 77 4 1.10 1.14 3152
 833 4017 3151 77 4 1.10 1.14 3152
 833 4033 3151 77 4 1.10 1.14 3152
 833 4337 3151 77 5 1.10 1.14 3152
 833 4049 3151 77 4 1.10 1.14 3152
 833 4065 3151 77 4 1.10 1.14 3152
 833 4081 3151 77 22 1.10 1.14 3152
 833 4145 3151 77 2 1.10 1.14 3152
 833 4161 3151 77 5 1.10 1.14 3152
 833 4753 3151 63 16 1.10 1.14 3152
 833 4737 3151 63 16 1.10 1.14 3152
 833 4721 3151 63 14 1.10 1.14 3152
 833 4689 3194 62 2 1.10 1.14 3195
 833 4385 3151 77 5 1.10 1.14 3152
 833 4401 3151 77 5 1.10 1.14 3152
 833 4417 3151 77 5 1.10 1.14 3152
 833 4561 3151 77 8 1.10 1.14 3152
 833 4433 3192 69 8 1.10 -4.86 3193
 833 4465 3195 77 31 1.10 1.14 3196
 833 4177 3693 77 30 1.10 1.14 3694
 833 4241 3195 77 31 1.10 1.14 3196
 849 4353 3151 77 5 1.10 1.14 3152
 849 3905 3195 77 31 1.10 1.14 3196
 849 4001 3151 77 5 1.10 1.14 3152
 849 4017 3151 77 5 1.10 1.14 3152
 849 4033 3151 77 5 1.10 1.14 3152
 849 4337 3151 77 5 1.10 1.14 3152
 849 4049 3151 77 5 1.10 1.14 3152
 849 4065 3151 77 5 1.10 1.14 3152
 849 4081 3151 77 11 1.10 1.14 3152
 849 4097 3151 77 22 1.10 1.14 3152
 849 4145 3151 77 2 1.10 1.14 3152
 849 4161 3151 77 5 1.10 1.14 3152
 849 4753 3151 63 16 1.10 1.14 3152
 849 4737 3151 63 16 1.10 1.14 3152
 849 4721 3151 63 14 1.10 1.14 3152
 849 4369 3151 77 5 1.10 1.14 3152
 849 4385 3151 77 5 1.10 1.14 3152
 849 4401 3151 77 5 1.10 1.14 3152
 849 4417 3151 77 5 1.10 1.14 3152
 849 4625 3151 67 1 1.10 1.14 3152
 849 4561 3151 77 8 1.10 1.14 3152
 849 4433 3192 69 8 1.10 -4.86 3193
 865 4001 3151 77 5 1.10 1.14 3152
 865 4337 3151 77 5 1.10 1.14 3152
 865 4081 3151 77 5 1.10 1.14 3152
 865 4097 3151 77 8 1.10 1.14 3152
 865 4145 3151 77 2 1.10 1.14 3152
 865 4161 3151 77 5 1.10 1.14 3152
 865 4753 3151 63 16 1.10 1.14 3152
 865 4737 3151 63 16 1.10 1.14 3152
 865 4721 3151 63 14 1.10 1.14 3152
 865 4353 3151 77 5 1.10 1.14 3152
 865 4369 3151 77 5 1.10 1.14 3152
 865 4385 3151 77 5 1.10 1.14 3152
 865 4401 3151 77 5 1.10 1.14 3152
 865 4417 3151 77 5 1.10 1.14 3152
 865 4561 3151 77 8 1.10 1.14 3152
 865 4433 3192 69 8 1.10 -4.86 3193
 865 4017 3693 77 30 1.10 1.14 3694
 881 4001 3151 77 5 1.10 1.14 3152
 881 4753 3151 63 16 1.10 1.14 3152
 881 4737 3151 63 16 1.10 1.14 3152
 881 4721 3151 63 14 1.10 1.14 3152
 881 4561 3151 77 8 1.10 1.14 3152
 881 4433 3192 69 8 1.10 -4.86 3193
 881 4081 3151 77 5 1.10 1.14 3152
 881 4097 3151 77 8 1.10 1.14 3152
 881 4145 3151 77 2 1.10 1.14 3152
 881 4161 3151 77 5 1.10 1.14 3152
 881 4337 3195 77 31 1.10 1.14 3196
 897 4001 3151 77 5 1.10 1.14 3152
 897 4753 3151 77 5 1.10 1.14 3152
 897 4737 3151 77 5 1.10 1.14 3152
 897 4721 3151 77 5 1.10 1.14 3152
 897 4705 3151 77 1 1.10 1.14 3152
 897 4641 3151 67 1 1.10 1.14 3152
 897 4561 3151 77 8 1.10 1.14 3152
 897 4433 3192 69 8 1.10 -4.86 3193
 897 4081 3151 77 5 1.10 1.14 3152
 897 4097 3151 77 8 1.10 1.14 3152
 897 4145 3151 77 2 1.10 1.14 3152
 897 4161 3151 77 5 1.10 1.14 3152
 897 4177 3693 77 30 1.10 1.14 3694
 913 4001 3151 77 5 1.10 1.14 3152
 913 4753 3151 77 5 1.10 1.14 3152
 913 4737 3151 77 5 1.10 1.14 3152
 913 4721 3151 77 5 1.10 1.14 3152
 913 4705 3151 77 2 1.10 1.14 3152
 913 4561 3151 77 8 1.10 1.14 3152
 913 4433 3192 69 8 1.10 -4.86 3193
 913 4081 3151 77 5 1.10 1.14 3152
 913 4097 3151 77 8 1.10 1.14 3152
 913 4145 3151 77 20 1.10 1.14 3152
 913 4161 3151 77 5 1.10 1.14 3152
 929 4753 3151 77 5 1.10 1.14 3152
 929 4737 3151 77 5 1.10 1.14 3152
 929 4001 3151 77 5 1.10 1.14 3152
 929 4017 3151 77 5 1.10 1.14 3152
 929 4033 3151 77 5 1.10 1.14 3152
 929 4721 3151 77 5 1.10 1.14 3152
 929 4705 3151 77 2 1.10 1.14 3152
 929 4561 3151 77 8 1.10 1.14 3152
 929 4545 3151 77 5 1.10 1.14 3152
 929 4529 3151 77 5 1.10 1.14 3152
 929 4513 3151 77 5 1.10 1.14 3152
 929 4497 3151 77 5 1.10 1.14 3152
 929 4481 3151 77 5 1.10 1.14 3152
 929 4465 3151 77 5 1.10 1.14 3152
 929 4433 3192 69 8 1.10 -4.86 3193
 929 4049 3151 77 5 1.10 1.14 3152
 929 4065 3151 77 5 1.10 1.14 3152
 929 4081 3151 77 5 1.10 1.14 3152
 929 4097 3151 77 8 1.10 1.14 3152
 929 4161 3151 77 19 1.10 1.14 3152
 929 4145 3151 77 21 1.10 1.14 3152
 929 4241 3195 77 31 1.10 1.14 3196
 945 4753 3151 77 5 1.10 1.14 3152
 945 4737 3151 77 5 1.10 1.14 3152
 945 3905 3195 77 31 1.10 1.14 3196
 945 4721 3151 77 5 1.10 1.14 3152
 945 4705 3151 77 2 1.10 1.14 3152
 945 4609 3151 67 1 1.10 1.14 3152
 945 4465 3151 77 5 1.10 1.14 3152
 945 4481 3151 77 5 1.10 1.14 3152
 945 4497 3151 77 5 1.10 1.14 3152
 945 4513 3151 77 5 1.10 1.14 3152
 945 4529 3151 77 5 1.10 1.14 3152
 945 4545 3151 77 5 1.10 1.14 3152
 945 4561 3151 77 8 1.10 1.14 3152
 945 4433 3192 69 8 1.10 -4.86 3193
 945 4097 3151 77 8 1.10 1.14 3152
 945 4161 3151 77 20 1.10 1.14 3152
 945 4001 3195 77 31 1.10 1.14 3196
 961 4753 3151 77 5 1.10 1.14 3152
 961 4737 3151 77 5 1.10 1.14 3152
 961 4721 3151 77 5 1.10 1.14 3152
 961 4705 3151 77 2 1.10 1.14 3152
 961 4641 3151 59 9 1.10 1.14 3152
 961 4561 3196 69 21 1.10 -4.86 3197
 961 4545 3694 69 6 1.10 -4.86 3695
 961 4433 3196 69 19 1.10 -4.86 3197
 961 4465 3694 69 6 1.10 -4.86 3695
 961 4481 3694 69 6 1.10 -4.86 3695
 961 4497 3694 69 6 1.10 -4.86 3695
 961 4513 3694 69 6 1.10 -4.86 3695
 961 4529 3694 69 6 1.10 -4.86 3695
 961 4097 3151 77 8 1.10 1.14 3152
 961 4161 3151 77 21 1.10 1.14 3152
 961 4177 3151 77 19 1.10 1.14 3152
 961 4193 3151 77 5 1.10 1.14 3152
 961 4209 3151 77 5 1.10 1.14 3152
 961 4225 3151 77 5 1.10 1.14 3152
 977 4753 3151 77 5 1.10 1.14 3152
 977 4737 3151 77 5 1.10 1.14 3152
 977 4721 3151 77 5 1.10 1.14 3152
 977 4705 3151 77 2 1.10 1.14 3152
 977 4641 3151 59 1 1.10 1.14 3152
 977 4097 3151 77 8 1.10 1.14 3152
 977 4177 3151 77 20 1.10 1.14 3152
 977 4193 3151 77 5 1.10 1.14 3152
 977 4209 3151 77 5 1.10 1.14 3152
 977 4225 3151 77 5 1.10 1.14 3152
 977 4337 3195 77 31 1.10 1.14 3196
 993 4753 3151 77 5 1.10 1.14 3152
 993 4737 3151 77 13 1.10 1.14 3152
 993 4721 3151 77 6 1.10 1.14 3152
 993 4705 3151 77 3 1.10 1.14 3152
 993 4641 3151 59 1 1.10 1.14 3152
 993 4561 3192 69 8 1.10 -4.86 3193
 993 4465 3195 77 31 1.10 1.14 3196
 993 4449 3151 77 5 1.10 1.14 3152
 993 4433 3151 77 5 1.10 1.14 3152
 993 4097 3151 77 8 1.10 1.14 3152
 993 4177 3151 77 21 1.10 1.14 3152
 993 4193 3151 77 19 1.10 1.14 3152
 993 4209 3151 77 5 1.10 1.14 3152
 993 4225 3151 77 5 1.10 1.14 3152
 1009 4753 3151 77 5 1.10 1.14 3152
 1009 4737 3151 77 2 1.10 1.14 3152
 1009 4641 3151 59 1 1.10 1.14 3152
 1009 4561 3192 69 8 1.10 -4.86 3193
 1009 4449 3151 77 5 1.10 1.14 3152
 1009 4433 3151 77 5 1.10 1.14 3152
 1009 4097 3151 77 8 1.10 1.14 3152
 1009 4193 3151 77 15 1.10 1.14 3152
 1009 4209 3151 77 13 1.10 1.14 3152
 1009 4225 3151 77 5 1.10 1.14 3152
 1025 4753 3151 77 5 1.10 1.14 3152
 1025 4737 3151 77 2 1.10 1.14 3152
 1025 4641 3151 59 2 1.10 1.14 3152
 1025 4561 3192 69 8 1.10 -4.86 3193
 1025 4449 3151 77 5 1.10 1.14 3152
 1025 4433 3151 77 5 1.10 1.14 3152
 1025 4097 3151 77 8 1.10 1.14 3152
 1025 4209 3151 77 15 1.10 1.14 3152
 1025 4225 3151 77 13 1.10 1.14 3152
 1025 4193 3151 55 3 1.10 -5.86 3152
 1025 4241 3195 77 31 1.10 1.14 3196
 1041 3905 3195 77 31 1.10 1.14 3196
 1041 4753 3151 77 5 1.10 1.14 3152
 1041 4737 3151 77 2 1.10 1.14 3152
 1041 4561 3192 69 8 1.10 -4.86 3193
 1041 4449 3151 77 5 1.10 1.14 3152
 1041 4433 3151 77 5 1.10 1.14 3152
 1041 4097 3151 77 8 1.10 1.14 3152
 1041 4225 3151 77 2 1.10 1.14 3152
 1041 4001 3195 77 31 1.10 1.14 3196
 1057 4753 3151 77 5 1.10 1.14 3152
 1057 4737 3151 77 2 1.10 1.14 3152
 1057 4657 3694 70 5 1.10 -4.86 3695
 1057 4641 3694 69 6 1.10 -4.86 3695
 1057 4625 3694 69 6 1.10 -4.86 3695
 1057 4609 3694 69 6 1.10 -4.86 3695
 1057 4593 3694 69 6 1.10 -4.86 3695
 1057 4561 3196 69 19 1.10 -4.86 3197
 1057 4449 3151 77 5 1.10 1.14 3152
 1057 4433 3151 77 5 1.10 1.14 3152
 1057 4097 3151 77 8 1.10 1.14 3152
 1057 4225 3151 77 2 1.10 1.14 3152
 1073 4753 3151 77 5 1.10 1.14 3152
 1073 4737 3151 77 2 1.10 1.14 3152
 1073 4353 3151 77 5 1.10 1.14 3152
 1073 4097 3151 77 8 1.10 1.14 3152
 1073 4225 3151 77 2 1.10 1.14 3152
 1073 4337 3151 77 5 1.10 1.14 3152
 1073 4369 3195 77 31 1.10 1.14 3196
 1089 4753 3151 77 5 1.10 1.14 3152
 1089 4737 3151 77 2 1.10 1.14 3152
 1089 4625 3151 77 8 1.10 1.14 3152
 1089 4609 3151 77 5 1.10 1.14 3152
 1089 4593 3151 77 5 1.10 1.14 3152
 1089 4577 3151 77 5 1.10 1.14 3152
 1089 4481 3195 77 31 1.10 1.14 3196
 1089 4465 3151 77 5 1.10 1.14 3152
 1089 4097 3151 77 8 1.10 1.14 3152
 1089 4353 3151 77 5 1.10 1.14 3152
 1089 4225 3151 77 2 1.10 1.14 3152
 1089 4337 3151 77 5 1.10 1.14 3152
 1105 4753 3151 77 5 1.10 1.14 3152
 1105 4737 3151 77 12 1.10 1.14 3152
 1105 4721 3151 77 4 1.10 1.14 3152
 1105 4705 3151 77 4 1.10 1.14 3152
 1105 4689 3151 77 4 1.10 1.14 3152
 1105 4673 3151 77 4 1.10 1.14 3152
 1105 4657 3151 77 4 1.10 1.14 3152
 1105 4641 3151 77 4 1.10 1.14 3152
 1105 4625 3151 77 11 1.10 1.14 3152
 1105 4609 3151 77 5 1.10 1.14 3152
 1105 4593 3151 77 5 1.10 1.14 3152
 1105 4577 3151 77 5 1.10 1.14 3152
 1105 4465 3151 77 5 1.10 1.14 3152
 1105 4097 3151 77 8 1.10 1.14 3152
 1105 4353 3151 77 5 1.10 1.14 3152
 1105 4225 3151 77 2 1.10 1.14 3152
 1105 4337 3151 77 5 1.10 1.14 3152
 1105 4209 3151 55 3 1.10 -5.86 3152
 1121 4673 3195 77 31 1.10 1.14 3196
 1121 4577 3195 77 31 1.10 1.14 3196
 1121 4465 3151 77 5 1.10 1.14 3152
 1121 4097 3151 77 8 1.10 1.14 3152
 1121 4353 3151 77 5 1.10 1.14 3152
 1121 4225 3151 77 2 1.10 1.14 3152
 1121 4241 3151 77 5 1.10 1.14 3152
 1121 4257 3151 77 5 1.10 1.14 3152
 1121 4273 3151 77 5 1.10 1.14 3152
 1121 4289 3151 77 5 1.10 1.14 3152
 1121 4305 3151 77 5 1.10 1.14 3152
 1121 4321 3151 77 5 1.10 1.14 3152
 1121 4337 3151 77 5 1.10 1.14 3152
 1137 3905 3195 77 31 1.10 1.14 3196
 1137 4465 3151 77 5 1.10 1.14 3152
 1137 4001 3195 77 31 1.10 1.14 3196
 1137 4097 3151 77 8 1.10 1.14 3152
 1137 4353 3151 77 5 1.10 1.14 3152
 1137 4225 3151 77 2 1.10 1.14 3152
 1137 4241 3151 77 5 1.10 1.14 3152
 1137 4257 3151 77 5 1.10 1.14 3152
 1137 4273 3151 77 5 1.10 1.14 3152
 1137 4289 3151 77 5 1.10 1.14 3152
 1137 4305 3151 77 5 1.10 1.14 3152
 1137 4321 3151 77 5 1.10 1.14 3152
 1137 4337 3151 77 5 1.10 1.14 3152
 1153 4465 3151 77 5 1.10 1.14 3152
 1153 4097 3151 77 8 1.10 1.14 3152
 1153 4353 3151 77 5 1.10 1.14 3152
 1153 4225 3151 77 2 1.10 1.14 3152
 1153 4241 3151 77 5 1.10 1.14 3152
 1153 4257 3151 77 5 1.10 1.14 3152
 1153 4273 3151 77 5 1.10 1.14 3152
 1153 4289 3151 77 5 1.10 1.14 3152
 1153 4305 3151 77 5 1.10 1.14 3152
 1153 4321 3151 77 5 1.10 1.14 3152
 1153 4337 3151 77 5 1.10 1.14 3152
 1169 4465 3151 77 5 1.10 1.14 3152
 1169 4449 3151 77 5 1.10 1.14 3152
 1169 4097 3151 77 8 1.10 1.14 3152
 1169 4433 3151 77 5 1.10 1.14 3152
 1169 4225 3151 77 2 1.10 1.14 3152
 1169 4241 3195 77 31 1.10 1.14 3196
 1169 4337 3195 77 31 1.10 1.14 3196
 1185 4481 3195 77 31 1.10 1.14 3196
 1185 4465 3151 77 5 1.10 1.14 3152
 1185 4449 3151 77 5 1.10 1.14 3152
 1185 4097 3151 77 8 1.10 1.14 3152
 1185 4433 3151 77 5 1.10 1.14 3152
 1185 4193 3192 71 7 1.10 1.14 3193
 1185 4225 3151 77 2 1.10 1.14 3152
 1201 4465 3151 77 5 1.10 1.14 3152
 1201 4449 3151 77 5 1.10 1.14 3152
 1201 4097 3151 77 8 1.10 1.14 3152
 1201 4433 3151 77 5 1.10 1.14 3152
 1201 4225 3151 77 2 1.10 1.14 3152
 1217 4673 3195 77 31 1.10 1.14 3196
 1217 4577 3195 77 31 1.10 1.14 3196
 1217 4465 3151 77 5 1.10 1.14 3152
 1217 4449 3151 77 5 1.10 1.14 3152
 1217 4097 3151 77 8 1.10 1.14 3152
 1217 4433 3151 77 5 1.10 1.14 3152
 1217 4161 3151 59 6 1.10 1.14 3152
 1217 4193 3192 52 1 1.10 1.14 3193
 1217 4225 3151 77 2 1.10 1.14 3152
 1233 3905 3195 77 31 1.10 1.14 3196
 1233 4465 3151 77 5 1.10 1.14 3152
 1233 4449 3151 77 5 1.10 1.14 3152
 1233 4001 3195 77 31 1.10 1.14 3196
 1233 4097 3151 77 8 1.10 1.14 3152
 1233 4433 3151 77 5 1.10 1.14 3152
 1233 4225 3151 77 2 1.10 1.14 3152
 1249 4465 3151 77 5 1.10 1.14 3152
 1249 4449 3151 77 5 1.10 1.14 3152
 1249 4097 3151 77 8 1.10 1.14 3152
 1249 4433 3151 77 5 1.10 1.14 3152
 1249 4225 3151 77 3 1.10 1.14 3152
 1265 4465 3151 77 5 1.10 1.14 3152
 1265 4449 3151 77 5 1.10 1.14 3152
 1265 4097 3151 77 8 1.10 1.14 3152
 1265 4241 3151 63 14 1.10 1.14 3152
 1265 4257 3151 63 16 1.10 1.14 3152
 1265 4273 3151 63 16 1.10 1.14 3152
 1265 4289 3151 63 16 1.10 1.14 3152
 1265 4305 3151 63 16 1.10 1.14 3152
 1265 4321 3151 63 16 1.10 1.14 3152
 1265 4337 3151 63 16 1.10 1.14 3152
 1265 4353 3195 77 31 1.10 1.14 3196
 1281 4449 3693 77 30 1.10 1.14 3694
 1281 4097 3151 77 8 1.10 1.14 3152
 1281 4225 3151 63 21 1.10 1.14 3152
 1281 4241 3151 63 14 1.10 1.14 3152
 1281 4257 3151 63 16 1.10 1.14 3152
 1281 4273 3151 63 16 1.10 1.14 3152
 1281 4289 3151 63 16 1.10 1.14 3152
 1281 4305 3151 63 16 1.10 1.14 3152
 1281 4321 3151 63 16 1.10 1.14 3152
 1281 4337 3151 63 16 1.10 1.14 3152
 1297 4097 3151 77 8 1.10 1.14 3152
 1297 4225 3151 63 21 1.10 1.14 3152
 1297 4241 3151 63 14 1.10 1.14 3152
 1297 4257 3151 63 16 1.10 1.14 3152
 1297 4273 3151 63 16 1.10 1.14 3152
 1297 4289 3151 63 16 1.10 1.14 3152
 1297 4305 3151 63 16 1.10 1.14 3152
 1297 4321 3151 63 16 1.10 1.14 3152
 1297 4337 3151 63 16 1.10 1.14 3152
 1313 4097 3151 77 8 1.10 1.14 3152
 1313 4225 3151 63 21 1.10 1.14 3152
 1313 4241 3151 63 14 1.10 1.14 3152
 1313 4257 3151 63 16 1.10 1.14 3152
 1313 4273 3151 63 16 1.10 1.14 3152
 1313 4289 3151 63 16 1.10 1.14 3152
 1313 4305 3151 63 16 1.10 1.14 3152
 1313 4321 3151 63 16 1.10 1.14 3152
 1313 4337 3151 63 16 1.10 1.14 3152
 1329 3905 3195 77 31 1.10 1.14 3196
 1329 4001 3195 77 31 1.10 1.14 3196
 1329 4097 3151 77 8 1.10 1.14 3152
 1329 4225 3151 63 21 1.10 1.14 3152
 1329 4241 3151 63 14 1.10 1.14 3152
 1329 4257 3151 63 16 1.10 1.14 3152
 1329 4273 3151 63 16 1.10 1.14 3152
 1329 4289 3151 63 16 1.10 1.14 3152
 1329 4305 3151 63 16 1.10 1.14 3152
 1329 4321 3151 63 16 1.10 1.14 3152
 1329 4337 3151 63 16 1.10 1.14 3152
 1345 4097 3151 77 8 1.10 1.14 3152
 1345 4225 3151 63 21 1.10 1.14 3152
 1345 4241 3151 63 14 1.10 1.14 3152
 1345 4257 3151 63 16 1.10 1.14 3152
 1345 4273 3151 63 16 1.10 1.14 3152
 1345 4289 3151 63 16 1.10 1.14 3152
 1345 4305 3151 63 16 1.10 1.14 3152
 1345 4321 3151 63 16 1.10 1.14 3152
 1345 4337 3151 63 16 1.10 1.14 3152
 1361 4097 3151 77 8 1.10 1.14 3152
 1361 4241 3151 63 14 1.10 1.14 3152
 1361 4257 3151 63 16 1.10 1.14 3152
 1361 4273 3151 63 16 1.10 1.14 3152
 1361 4289 3151 63 16 1.10 1.14 3152
 1361 4305 3151 63 16 1.10 1.14 3152
 1361 4321 3151 63 16 1.10 1.14 3152
 1361 4337 3151 63 16 1.10 1.14 3152
 1361 4353 3195 77 31 1.10 1.14 3196
 1377 4097 3151 77 8 1.10 1.14 3152
 1377 4241 3151 63 14 1.10 1.14 3152
 1377 4257 3151 63 16 1.10 1.14 3152
 1377 4273 3151 63 16 1.10 1.14 3152
 1377 4289 3151 63 16 1.10 1.14 3152
 1377 4305 3151 63 16 1.10 1.14 3152
 1377 4321 3151 63 16 1.10 1.14 3152
 1377 4337 3151 63 16 1.10 1.14 3152
 1393 4097 3151 77 8 1.10 1.14 3152
 1393 4241 3151 63 14 1.10 1.14 3152
 1393 4257 3151 63 16 1.10 1.14 3152
 1393 4273 3151 63 16 1.10 1.14 3152
 1393 4289 3151 63 16 1.10 1.14 3152
 1393 4305 3151 63 16 1.10 1.14 3152
 1393 4321 3151 63 16 1.10 1.14 3152
 1393 4337 3151 63 16 1.10 1.14 3152
 1409 4097 3151 77 8 1.10 1.14 3152
 1409 4241 3151 63 14 1.10 1.14 3152
 1409 4257 3151 63 16 1.10 1.14 3152
 1409 4273 3151 63 16 1.10 1.14 3152
 1409 4289 3151 63 16 1.10 1.14 3152
 1409 4305 3151 63 16 1.10 1.14 3152
 1409 4321 3151 63 16 1.10 1.14 3152
 1409 4337 3151 63 16 1.10 1.14 3152
 1425 4001 3195 77 31 1.10 1.14 3196
 1425 4097 3151 77 8 1.10 1.14 3152
 1425 3905 3195 77 31 1.10 1.14 3196
 1425 4225 3151 63 22 1.10 1.14 3152
 1425 4241 3151 63 14 1.10 1.14 3152
 1425 4257 3151 63 16 1.10 1.14 3152
 1425 4273 3151 63 16 1.10 1.14 3152
 1425 4289 3151 63 16 1.10 1.14 3152
 1425 4305 3151 63 16 1.10 1.14 3152
 1425 4321 3151 63 16 1.10 1.14 3152
 1425 4337 3151 63 16 1.10 1.14 3152
 1441 4097 3151 77 8 1.10 1.14 3152
 1441 4241 3151 63 14 1.10 1.14 3152
 1441 4257 3151 63 16 1.10 1.14 3152
 1441 4273 3151 63 16 1.10 1.14 3152
 1441 4289 3151 63 16 1.10 1.14 3152
 1441 4305 3151 63 16 1.10 1.14 3152
 1441 4321 3151 63 16 1.10 1.14 3152
 1441 4337 3151 63 16 1.10 1.14 3152
 1457 4097 3151 77 8 1.10 1.14 3152
 1457 4241 3151 63 14 1.10 1.14 3152
 1457 4257 3151 63 16 1.10 1.14 3152
 1457 4273 3151 63 16 1.10 1.14 3152
 1457 4289 3151 63 16 1.10 1.14 3152
 1457 4305 3151 63 16 1.10 1.14 3152
 1457 4321 3151 63 16 1.10 1.14 3152
 1457 4337 3151 63 16 1.10 1.14 3152
 1457 4353 3195 77 31 1.10 1.14 3196
 1473 4097 3151 77 8 1.10 1.14 3152
 1473 4273 3151 63 16 1.10 1.14 3152
 1473 4289 3151 63 16 1.10 1.14 3152
 1473 4305 3151 63 16 1.10 1.14 3152
 1473 4321 3151 63 16 1.10 1.14 3152
 1473 4337 3151 63 16 1.10 1.14 3152
 1473 4241 3196 63 20 1.10 1.14 3197
 1489 4097 3151 77 26 1.10 1.14 3152
 1489 4113 3151 77 24 1.10 1.14 3152
 1489 4273 3151 63 16 1.10 1.14 3152
 1489 4289 3151 63 16 1.10 1.14 3152
 1489 4305 3151 63 16 1.10 1.14 3152
 1489 4321 3151 63 16 1.10 1.14 3152
 1489 4337 3151 63 16 1.10 1.14 3152
 1505 4097 3151 77 5 1.10 1.14 3152
 1505 4113 3151 77 25 1.10 1.14 3152
 1505 4289 3151 63 16 1.10 1.14 3152
 1505 4305 3151 63 16 1.10 1.14 3152
 1505 4321 3151 63 16 1.10 1.14 3152
 1505 4337 3151 63 16 1.10 1.14 3152
 1505 4257 3196 63 20 1.10 1.14 3197
 1521 4001 3195 77 31 1.10 1.14 3196
 1521 4097 3151 77 5 1.10 1.14 3152
 1521 3905 3195 77 31 1.10 1.14 3196
 1521 4113 3151 77 26 1.10 1.14 3152
 1521 4129 3151 77 24 1.10 1.14 3152
 1521 4289 3151 63 16 1.10 1.14 3152
 1521 4305 3151 63 16 1.10 1.14 3152
 1521 4321 3151 63 16 1.10 1.14 3152
 1521 4337 3151 63 16 1.10 1.14 3152
 1537 4097 3151 77 5 1.10 1.14 3152
 1537 4113 3151 77 5 1.10 1.14 3152
 1537 4129 3151 77 25 1.10 1.14 3152
 1537 4305 3151 63 16 1.10 1.14 3152
 1537 4321 3151 63 16 1.10 1.14 3152
 1537 4337 3151 63 16 1.10 1.14 3152
 1537 4273 3196 63 20 1.10 1.14 3197
 1553 4097 3151 77 5 1.10 1.14 3152
 1553 4113 3151 77 5 1.10 1.14 3152
 1553 4129 3151 77 26 1.10 1.14 3152
 1553 4145 3151 77 24 1.10 1.14 3152
 1553 4305 3151 63 16 1.10 1.14 3152
 1553 4321 3151 63 16 1.10 1.14 3152
 1553 4337 3151 63 16 1.10 1.14 3152
 1553 4353 3195 77 31 1.10 1.14 3196
 1569 4097 3151 77 5 1.10 1.14 3152
 1569 4113 3151 77 5 1.10 1.14 3152
 1569 4129 3151 77 5 1.10 1.14 3152
 1569 4145 3151 77 25 1.10 1.14 3152
 1569 4289 3151 63 14 1.10 1.14 3152
 1569 4305 3151 63 16 1.10 1.14 3152
 1569 4321 3151 63 16 1.10 1.14 3152
 1569 4337 3151 63 16 1.10 1.14 3152
 1585 4097 3151 77 5 1.10 1.14 3152
 1585 4113 3151 77 5 1.10 1.14 3152
 1585 4129 3151 77 5 1.10 1.14 3152
 1585 4145 3151 77 8 1.10 1.14 3152
 1585 4289 3151 63 14 1.10 1.14 3152
 1585 4305 3151 63 16 1.10 1.14 3152
 1585 4321 3151 63 16 1.10 1.14 3152
 1585 4337 3151 63 16 1.10 1.14 3152
 1601 4097 3151 77 5 1.10 1.14 3152
 1601 4113 3151 77 5 1.10 1.14 3152
 1601 4129 3151 77 5 1.10 1.14 3152
 1601 4145 3151 77 8 1.10 1.14 3152
 1601 4321 3151 63 16 1.10 1.14 3152
 1601 4289 3151 63 14 1.10 1.14 3152
 1601 4305 3151 63 16 1.10 1.14 3152
 1601 4337 3151 63 16 1.10 1.14 3152
 1617 3953 3195 77 31 1.10 1.14 3196
 1617 4049 3195 77 31 1.10 1.14 3196
 1617 4145 3151 77 8 1.10 1.14 3152
 1617 4337 3151 63 16 1.10 1.14 3152
 1617 4321 3151 63 16 1.10 1.14 3152
 1617 4289 3151 63 14 1.10 1.14 3152
 1617 4305 3151 63 16 1.10 1.14 3152
 1633 4145 3151 77 8 1.10 1.14 3152
 1633 4337 3151 63 16 1.10 1.14 3152
 1633 4321 3151 63 16 1.10 1.14 3152
 1633 4289 3151 63 14 1.10 1.14 3152
 1633 4305 3151 63 16 1.10 1.14 3152
 1649 4145 3151 77 8 1.10 1.14 3152
 1649 4337 3151 63 16 1.10 1.14 3152
 1649 4321 3151 63 16 1.10 1.14 3152
 1649 4289 3151 63 14 1.10 1.14 3152
 1649 4305 3151 63 16 1.10 1.14 3152
 1649 4353 3195 77 31 1.10 1.14 3196
 1665 4145 3151 77 8 1.10 1.14 3152
 1665 4337 3151 63 16 1.10 1.14 3152
 1665 4321 3151 63 16 1.10 1.14 3152
 1665 4273 3192 63 17 1.10 1.14 3193
 1665 4305 3151 63 16 1.10 1.14 3152
 1681 4145 3151 77 8 1.10 1.14 3152
 1681 4257 3192 63 17 1.10 1.14 3193
 1681 4337 3151 63 16 1.10 1.14 3152
 1681 4289 3151 63 16 1.10 1.14 3152
 1681 4305 3151 63 16 1.10 1.14 3152
 1681 4321 3151 63 16 1.10 1.14 3152
 1697 4145 3151 77 8 1.10 1.14 3152
 1697 4241 3192 63 17 1.10 1.14 3193
 1697 4273 3151 63 16 1.10 1.14 3152
 1697 4289 3151 63 16 1.10 1.14 3152
 1697 4305 3151 63 16 1.10 1.14 3152
 1697 4321 3151 63 16 1.10 1.14 3152
 1697 4337 3151 63 16 1.10 1.14 3152
 1713 3953 3195 77 31 1.10 1.14 3196
 1713 4049 3195 77 31 1.10 1.14 3196
 1713 4145 3151 77 8 1.10 1.14 3152
 1713 4241 3151 63 14 1.10 1.14 3152
 1713 4257 3151 63 16 1.10 1.14 3152
 1713 4273 3151 63 16 1.10 1.14 3152
 1713 4289 3151 63 16 1.10 1.14 3152
 1713 4305 3151 63 16 1.10 1.14 3152
 1713 4321 3151 63 16 1.10 1.14 3152
 1713 4337 3151 63 16 1.10 1.14 3152
 1729 4145 3151 77 8 1.10 1.14 3152
 1729 4241 3151 63 14 1.10 1.14 3152
 1729 4257 3151 63 16 1.10 1.14 3152
 1729 4273 3151 63 16 1.10 1.14 3152
 1729 4289 3151 63 16 1.10 1.14 3152
 1729 4305 3151 63 16 1.10 1.14 3152
 1729 4321 3151 63 16 1.10 1.14 3152
 1729 4337 3151 63 16 1.10 1.14 3152
 1745 4145 3151 77 8 1.10 1.14 3152
 1745 4241 3151 63 14 1.10 1.14 3152
 1745 4257 3151 63 16 1.10 1.14 3152
 1745 4273 3151 63 16 1.10 1.14 3152
 1745 4289 3151 63 16 1.10 1.14 3152
 1745 4305 3151 63 16 1.10 1.14 3152
 1745 4321 3151 63 16 1.10 1.14 3152
 1745 4337 3151 63 16 1.10 1.14 3152
 1745 4353 3195 77 31 1.10 1.14 3196
 1761 4641 3195 77 31 1.10 1.14 3196
 1761 4545 3195 77 31 1.10 1.14 3196
 1761 4145 3151 77 8 1.10 1.14 3152
 1761 4273 3151 63 16 1.10 1.14 3152
 1761 4289 3151 63 16 1.10 1.14 3152
 1761 4305 3151 63 16 1.10 1.14 3152
 1761 4321 3151 63 16 1.10 1.14 3152
 1761 4337 3151 63 16 1.10 1.14 3152
 1761 4241 3196 63 20 1.10 1.14 3197
 1761 4449 3195 77 31 1.10 1.14 3196
 1777 4145 3151 77 8 1.10 1.14 3152
 1777 4273 3151 63 16 1.10 1.14 3152
 1777 4289 3151 63 16 1.10 1.14 3152
 1777 4305 3151 63 16 1.10 1.14 3152
 1777 4321 3151 63 16 1.10 1.14 3152
 1777 4337 3151 63 16 1.10 1.14 3152
 1793 4145 3151 77 8 1.10 1.14 3152
 1793 4257 3192 63 18 1.10 1.14 3193
 1793 4289 3151 63 16 1.10 1.14 3152
 1793 4305 3151 63 16 1.10 1.14 3152
 1793 4321 3151 63 16 1.10 1.14 3152
 1793 4337 3151 63 16 1.10 1.14 3152
 1809 3953 3195 77 31 1.10 1.14 3196
 1809 4145 3151 77 8 1.10 1.14 3152
 1809 4049 3195 77 31 1.10 1.14 3196
 1809 4305 3151 63 16 1.10 1.14 3152
 1809 4321 3151 63 16 1.10 1.14 3152
 1809 4337 3151 63 16 1.10 1.14 3152
 1809 4273 3196 63 20 1.10 1.14 3197
 1825 4753 3151 77 5 1.10 1.14 3152
 1825 4737 3151 77 5 1.10 1.14 3152
 1825 4145 3151 77 8 1.10 1.14 3152
 1825 4305 3151 63 16 1.10 1.14 3152
 1825 4321 3151 63 16 1.10 1.14 3152
 1825 4337 3151 63 16 1.10 1.14 3152
 1841 4753 3151 77 5 1.10 1.14 3152
 1841 4737 3151 77 5 1.10 1.14 3152
 1841 4145 3151 77 8 1.10 1.14 3152
 1841 4289 3192 63 18 1.10 1.14 3193
 1841 4321 3151 63 16 1.10 1.14 3152
 1841 4337 3151 63 16 1.10 1.14 3152
 1841 4353 3195 77 31 1.10 1.14 3196
 1857 4753 3151 77 5 1.10 1.14 3152
 1857 4737 3151 77 5 1.10 1.14 3152
 1857 4641 3195 77 31 1.10 1.14 3196
 1857 4545 3195 77 31 1.10 1.14 3196
 1857 4145 3151 77 8 1.10 1.14 3152
 1857 4305 3192 63 18 1.10 1.14 3193
 1857 4337 3151 63 16 1.10 1.14 3152
 1857 4449 3195 77 31 1.10 1.14 3196
 1873 4753 3151 77 5 1.10 1.14 3152
 1873 4737 3151 77 5 1.10 1.14 3152
 1873 4145 3151 77 8 1.10 1.14 3152
 1873 4321 3151 63 14 1.10 1.14 3152
 1873 4337 3151 63 16 1.10 1.14 3152
 1889 4753 3151 77 5 1.10 1.14 3152
 1889 4737 3151 77 5 1.10 1.14 3152
 1889 4145 3151 77 8 1.10 1.14 3152
 1889 4321 3151 63 14 1.10 1.14 3152
 1889 4337 3151 63 16 1.10 1.14 3152
 1905 3953 3195 77 31 1.10 1.14 3196
 1905 4753 3151 77 5 1.10 1.14 3152
 1905 4737 3151 77 5 1.10 1.14 3152
 1905 4145 3151 77 8 1.10 1.14 3152
 1905 4049 3195 77 31 1.10 1.14 3196
 1905 4321 3151 63 14 1.10 1.14 3152
 1905 4337 3151 63 16 1.10 1.14 3152
 1921 4753 3151 77 5 1.10 1.14 3152
 1921 4737 3151 77 5 1.10 1.14 3152
 1921 4145 3151 77 8 1.10 1.14 3152
 1921 4321 3151 63 14 1.10 1.14 3152
 1921 4337 3151 63 16 1.10 1.14 3152
 1937 4753 3151 77 5 1.10 1.14 3152
 1937 4737 3151 77 5 1.10 1.14 3152
 1937 4145 3151 77 8 1.10 1.14 3152
 1937 4321 3151 63 14 1.10 1.14 3152
 1937 4337 3151 63 16 1.10 1.14 3152
 1937 4353 3195 77 31 1.10 1.14 3196
 1953 4689 3151 77 13 1.10 1.14 3152
 1953 4673 3151 77 6 1.10 1.14 3152
 1953 4657 3151 77 6 1.10 1.14 3152
 1953 4641 3151 77 6 1.10 1.14 3152
 1953 4625 3151 77 6 1.10 1.14 3152
 1953 4609 3151 77 6 1.10 1.14 3152
 1953 4593 3151 77 6 1.10 1.14 3152
 1953 4497 3151 77 5 1.10 1.14 3152
 1953 4513 3151 77 5 1.10 1.14 3152
 1953 4529 3151 77 10 1.10 1.14 3152
 1953 4577 3151 77 6 1.10 1.14 3152
 1953 4561 3151 77 6 1.10 1.14 3152
 1953 4545 3151 77 6 1.10 1.14 3152
 1953 4481 3151 77 5 1.10 1.14 3152
 1953 4705 3693 77 30 1.10 1.14 3694
 1953 4465 3151 77 5 1.10 1.14 3152
 1953 4145 3151 77 8 1.10 1.14 3152
 1953 4449 3151 77 5 1.10 1.14 3152
 1953 4321 3151 63 14 1.10 1.14 3152
 1953 4337 3151 63 16 1.10 1.14 3152
 1969 4689 3151 77 2 1.10 1.14 3152
 1969 4497 3151 77 5 1.10 1.14 3152
 1969 4513 3151 77 10 1.10 1.14 3152
 1969 4529 3151 77 23 1.10 1.14 3152
 1969 4481 3151 77 5 1.10 1.14 3152
 1969 4465 3151 77 5 1.10 1.14 3152
 1969 4145 3151 77 8 1.10 1.14 3152
 1969 4449 3151 77 5 1.10 1.14 3152
 1969 4321 3151 63 14 1.10 1.14 3152
 1969 4337 3151 63 16 1.10 1.14 3152
 1985 4689 3151 77 2 1.10 1.14 3152
 1985 4497 3151 77 10 1.10 1.14 3152
 1985 4513 3151 77 23 1.10 1.14 3152
 1985 4481 3151 77 5 1.10 1.14 3152
 1985 4465 3151 77 5 1.10 1.14 3152
 1985 4145 3151 77 8 1.10 1.14 3152
 1985 4449 3151 77 5 1.10 1.14 3152
 1985 4305 3151 77 1 1.10 1.14 3152
 1985 4321 3151 77 5 1.10 1.14 3152
 1985 4337 3151 77 5 1.10 1.14 3152
 2001 3953 3195 77 31 1.10 1.14 3196
 2001 4689 3151 77 2 1.10 1.14 3152
 2001 4049 3195 77 31 1.10 1.14 3196
 2001 4145 3151 77 8 1.10 1.14 3152
 2001 4497 3151 77 23 1.10 1.14 3152
 2001 4481 3151 77 10 1.10 1.14 3152
 2001 4465 3151 77 5 1.10 1.14 3152
 2001 4449 3151 77 5 1.10 1.14 3152
 2001 4305 3151 77 2 1.10 1.14 3152
 2001 4321 3151 77 5 1.10 1.14 3152
 2001 4337 3151 77 5 1.10 1.14 3152
 2017 4689 3151 77 2 1.10 1.14 3152
 2017 4705 3693 77 30 1.10 1.14 3694
 2017 4145 3151 77 8 1.10 1.14 3152
 2017 4481 3151 77 9 1.10 1.14 3152
 2017 4465 3151 77 10 1.10 1.14 3152
 2017 4449 3151 77 5 1.10 1.14 3152
 2017 4305 3151 77 2 1.10 1.14 3152
 2017 4321 3151 77 5 1.10 1.14 3152
 2017 4337 3151 77 5 1.10 1.14 3152
 2033 4689 3151 77 2 1.10 1.14 3152
 2033 4145 3151 77 8 1.10 1.14 3152
 2033 4465 3151 77 9 1.10 1.14 3152
 2033 4449 3151 77 6 1.10 1.14 3152
 2033 4433 3151 77 6 1.10 1.14 3152
 2033 4417 3151 77 6 1.10 1.14 3152
 2033 4401 3151 77 6 1.10 1.14 3152
 2033 4385 3151 77 6 1.10 1.14 3152
 2033 4305 3151 77 3 1.10 1.14 3152
 2033 4321 3151 77 6 1.10 1.14 3152
 2033 4337 3151 77 6 1.10 1.14 3152
 2033 4353 3151 77 6 1.10 1.14 3152
 2033 4369 3151 77 6 1.10 1.14 3152
 2049 4689 3151 77 2 1.10 1.14 3152
 2049 4145 3151 77 8 1.10 1.14 3152
 2049 4417 3151 67 1 1.10 1.14 3152
 2049 4353 3151 67 1 1.10 1.14 3152
 2065 4689 3151 77 2 1.10 1.14 3152
 2065 4145 3151 77 8 1.10 1.14 3152
 2065 4449 3151 67 1 1.10 1.14 3152
 2065 4385 3151 67 1 1.10 1.14 3152
 2065 4321 3151 67 1 1.10 1.14 3152
 2081 4689 3151 77 2 1.10 1.14 3152
 2081 4145 3151 77 8 1.10 1.14 3152
 2081 4465 3151 77 7 1.10 1.14 3152
 2081 4449 3151 77 4 1.10 1.14 3152
 2081 4433 3151 77 4 1.10 1.14 3152
 2081 4417 3151 77 4 1.10 1.14 3152
 2081 4401 3151 77 4 1.10 1.14 3152
 2081 4385 3151 77 4 1.10 1.14 3152
 2081 4305 3151 77 1 1.10 1.14 3152
 2081 4321 3151 77 4 1.10 1.14 3152
 2081 4337 3151 77 4 1.10 1.14 3152
 2081 4353 3151 77 4 1.10 1.14 3152
 2081 4369 3151 77 4 1.10 1.14 3152
 2081 4705 3693 77 30 1.10 1.14 3694
 2097 3969 3195 77 31 1.10 1.14 3196
 2097 4065 3151 77 5 1.10 1.14 3152
 2097 4689 3151 77 2 1.10 1.14 3152
 2097 4081 3151 77 5 1.10 1.14 3152
 2097 4097 3151 77 5 1.10 1.14 3152
 2097 4113 3151 77 5 1.10 1.14 3152
 2097 4129 3151 77 5 1.10 1.14 3152
 2097 4145 3151 77 11 1.10 1.14 3152
 2097 4161 3151 77 22 1.10 1.14 3152
 2097 4481 3151 77 7 1.10 1.14 3152
 2097 4465 3151 77 11 1.10 1.14 3152
 2097 4449 3151 77 5 1.10 1.14 3152
 2097 4305 3151 77 2 1.10 1.14 3152
 2097 4321 3151 77 5 1.10 1.14 3152
 2097 4337 3151 77 5 1.10 1.14 3152
 2097 4353 3195 77 31 1.10 1.14 3196
 2113 4065 3151 77 5 1.10 1.14 3152
 2113 4689 3151 77 2 1.10 1.14 3152
 2113 4081 3693 77 30 1.10 1.14 3694
 2113 4145 3151 77 5 1.10 1.14 3152
 2113 4161 3151 77 11 1.10 1.14 3152
 2113 4177 3151 77 22 1.10 1.14 3152
 2113 4305 3151 77 2 1.10 1.14 3152
 2113 4497 3151 77 22 1.10 1.14 3152
 2113 4481 3151 77 11 1.10 1.14 3152
 2113 4465 3151 77 5 1.10 1.14 3152
 2113 4449 3151 77 5 1.10 1.14 3152
 2113 4321 3151 77 5 1.10 1.14 3152
 2113 4337 3151 77 5 1.10 1.14 3152
 2129 4065 3151 77 5 1.10 1.14 3152
 2129 4145 3151 77 5 1.10 1.14 3152
 2129 4161 3151 77 5 1.10 1.14 3152
 2129 4177 3151 77 11 1.10 1.14 3152
 2129 4193 3151 77 22 1.10 1.14 3152
 2129 4305 3151 77 2 1.10 1.14 3152
 2129 4321 3151 77 5 1.10 1.14 3152
 2129 4689 3151 77 2 1.10 1.14 3152
 2129 4513 3151 77 22 1.10 1.14 3152
 2129 4497 3151 77 11 1.10 1.14 3152
 2129 4481 3151 77 5 1.10 1.14 3152
 2129 4465 3151 77 5 1.10 1.14 3152
 2129 4449 3151 77 5 1.10 1.14 3152
 2129 4337 3151 77 5 1.10 1.14 3152
 2145 4065 3151 77 5 1.10 1.14 3152
 2145 4145 3151 77 5 1.10 1.14 3152
 2145 4161 3151 77 5 1.10 1.14 3152
 2145 4177 3151 77 5 1.10 1.14 3152
 2145 4193 3151 77 11 1.10 1.14 3152
 2145 4209 3151 77 4 1.10 1.14 3152
 2145 4225 3151 77 4 1.10 1.14 3152
 2145 4241 3151 77 4 1.10 1.14 3152
 2145 4257 3151 77 4 1.10 1.14 3152
 2145 4273 3151 77 4 1.10 1.14 3152
 2145 4289 3151 77 4 1.10 1.14 3152
 2145 4305 3151 77 12 1.10 1.14 3152
 2145 4321 3151 77 5 1.10 1.14 3152
 2145 4689 3151 77 2 1.10 1.14 3152
 2145 4337 3151 77 5 1.10 1.14 3152
 2145 4529 3151 77 22 1.10 1.14 3152
 2145 4513 3151 77 11 1.10 1.14 3152
 2145 4497 3151 77 5 1.10 1.14 3152
 2145 4481 3151 77 5 1.10 1.14 3152
 2145 4465 3151 77 5 1.10 1.14 3152
 2145 4449 3151 77 5 1.10 1.14 3152
 2145 4705 3693 77 30 1.10 1.14 3694
 2161 4065 3151 77 5 1.10 1.14 3152
 2161 4145 3151 77 5 1.10 1.14 3152
 2161 4689 3151 77 2 1.10 1.14 3152
 2161 4673 3151 55 1 1.10 -5.86 3152
 2161 4641 3151 77 7 1.10 1.14 3152
 2161 4625 3151 77 4 1.10 1.14 3152
 2161 4609 3151 77 4 1.10 1.14 3152
 2161 4593 3151 77 4 1.10 1.14 3152
 2161 4577 3151 77 4 1.10 1.14 3152
 2161 4561 3151 77 4 1.10 1.14 3152
 2161 4545 3151 77 4 1.10 1.14 3152
 2161 4529 3151 77 11 1.10 1.14 3152
 2161 4513 3151 77 5 1.10 1.14 3152
 2161 4497 3151 77 5 1.10 1.14 3152
 2161 4481 3151 77 5 1.10 1.14 3152
 2161 4465 3151 77 5 1.10 1.14 3152
 2161 4449 3151 77 5 1.10 1.14 3152
 2161 4161 3195 77 31 1.10 1.14 3196
 2161 4257 3195 77 31 1.10 1.14 3196
 2177 4065 3151 77 5 1.10 1.14 3152
 2177 4081 3151 77 5 1.10 1.14 3152
 2177 4097 3151 77 5 1.10 1.14 3152
 2177 4113 3151 77 5 1.10 1.14 3152
 2177 4129 3151 77 5 1.10 1.14 3152
 2177 4145 3151 77 5 1.10 1.14 3152
 2177 4689 3151 77 2 1.10 1.14 3152
 2177 4641 3151 77 8 1.10 1.14 3152
 2177 4529 3151 77 5 1.10 1.14 3152
 2177 4513 3151 77 5 1.10 1.14 3152
 2177 4497 3151 77 5 1.10 1.14 3152
 2177 4481 3151 77 5 1.10 1.14 3152
 2177 4465 3151 77 5 1.10 1.14 3152
 2177 4449 3151 77 5 1.10 1.14 3152
 2177 4545 3195 77 31 1.10 1.14 3196
 2193 4033 3693 77 30 1.10 1.14 3694
 2193 4097 3693 77 30 1.10 1.14 3694
 2193 4689 3151 77 2 1.10 1.14 3152
 2193 4641 3151 77 8 1.10 1.14 3152
 2193 4673 3151 53 1 1.10 -5.86 3152
 2193 4353 3195 77 31 1.10 1.14 3196
 2193 4449 3195 77 31 1.10 1.14 3196
 2209 4689 3151 77 2 1.10 1.14 3152
 2209 4641 3151 77 8 1.10 1.14 3152
 2209 4705 3693 77 30 1.10 1.14 3694
 2225 4689 3151 77 2 1.10 1.14 3152
 2225 4641 3151 77 8 1.10 1.14 3152
 2241 4689 3151 77 2 1.10 1.14 3152
 2241 4641 3151 77 8 1.10 1.14 3152
 2257 4113 3693 77 30 1.10 1.14 3694
 2257 4241 3151 77 5 1.10 1.14 3152
 2257 4257 3151 77 5 1.10 1.14 3152
 2257 4273 3151 77 5 1.10 1.14 3152
 2257 4289 3151 77 5 1.10 1.14 3152
 2257 4305 3151 77 5 1.10 1.14 3152
 2257 4321 3151 77 5 1.10 1.14 3152
 2257 4337 3151 77 5 1.10 1.14 3152
 2257 4689 3151 77 2 1.10 1.14 3152
 2257 4641 3151 77 8 1.10 1.14 3152
 2257 4673 3151 53 1 1.10 -5.86 3152
 2257 4177 3693 77 30 1.10 1.14 3694
 2273 4241 3151 77 5 1.10 1.14 3152
 2273 4257 3151 77 5 1.10 1.14 3152
 2273 4273 3151 77 5 1.10 1.14 3152
 2273 4289 3151 77 5 1.10 1.14 3152
 2273 4305 3151 77 5 1.10 1.14 3152
 2273 4321 3151 77 5 1.10 1.14 3152
 2273 4337 3151 77 5 1.10 1.14 3152
 2273 4689 3151 77 2 1.10 1.14 3152
 2273 4641 3151 77 8 1.10 1.14 3152
 2273 4705 3693 77 30 1.10 1.14 3694
 2273 4545 3195 77 31 1.10 1.14 3196
 2289 4241 3151 77 5 1.10 1.14 3152
 2289 4353 3151 77 5 1.10 1.14 3152
 2289 4369 3151 77 5 1.10 1.14 3152
 2289 4385 3151 77 5 1.10 1.14 3152
 2289 4401 3151 77 5 1.10 1.14 3152
 2289 4417 3151 77 5 1.10 1.14 3152
 2289 4433 3151 77 5 1.10 1.14 3152
 2289 4689 3151 77 2 1.10 1.14 3152
 2289 4641 3151 77 8 1.10 1.14 3152
 2289 4673 3151 53 1 1.10 -5.86 3152
 2289 4449 3195 77 31 1.10 1.14 3196
 2289 4257 3195 77 31 1.10 1.14 3196
 2305 4241 3151 77 5 1.10 1.14 3152
 2305 4689 3151 77 2 1.10 1.14 3152
 2305 4641 3151 77 8 1.10 1.14 3152
 2305 4353 3151 77 5 1.10 1.14 3152
 2305 4369 3151 77 5 1.10 1.14 3152
 2305 4385 3693 77 30 1.10 1.14 3694
 2321 4689 3151 77 2 1.10 1.14 3152
 2321 4641 3151 77 8 1.10 1.14 3152
 2321 4353 3151 77 5 1.10 1.14 3152
 2321 4369 3151 77 5 1.10 1.14 3152
 2321 4161 3195 77 31 1.10 1.14 3196
 2337 4753 3151 77 5 1.10 1.14 3152
 2337 4737 3151 77 5 1.10 1.14 3152
 2337 4721 3151 77 5 1.10 1.14 3152
 2337 4705 3151 77 5 1.10 1.14 3152
 2337 4689 3151 77 2 1.10 1.14 3152
 2337 4641 3151 77 8 1.10 1.14 3152
 2337 4353 3151 77 5 1.10 1.14 3152
 2337 4369 3151 77 5 1.10 1.14 3152
 2353 4753 3151 77 5 1.10 1.14 3152
 2353 4737 3151 77 5 1.10 1.14 3152
 2353 4721 3151 77 5 1.10 1.14 3152
 2353 4705 3151 77 5 1.10 1.14 3152
 2353 4689 3151 77 2 1.10 1.14 3152
 2353 4641 3151 77 8 1.10 1.14 3152
 2353 4673 3151 53 1 1.10 -5.86 3152
 2353 4353 3151 77 5 1.10 1.14 3152
 2353 4369 3151 77 5 1.10 1.14 3152
 2369 4545 3151 77 5 1.10 1.14 3152
 2369 4753 3151 77 5 1.10 1.14 3152
 2369 4737 3151 77 5 1.10 1.14 3152
 2369 4721 3151 77 5 1.10 1.14 3152
 2369 4705 3151 77 5 1.10 1.14 3152
 2369 4689 3151 77 2 1.10 1.14 3152
 2369 4641 3151 77 8 1.10 1.14 3152
 2369 4625 3151 77 5 1.10 1.14 3152
 2369 4609 3151 77 5 1.10 1.14 3152
 2369 4593 3151 77 5 1.10 1.14 3152
 2369 4577 3151 77 5 1.10 1.14 3152
 2369 4561 3151 77 5 1.10 1.14 3152
 2369 4353 3195 77 31 1.10 1.14 3196
 2385 4513 3151 77 6 1.10 1.14 3152
 2385 4529 3151 77 6 1.10 1.14 3152
 2385 4545 3151 77 6 1.10 1.14 3152
 2385 4721 3151 77 5 1.10 1.14 3152
 2385 4705 3151 77 13 1.10 1.14 3152
 2385 4689 3151 77 15 1.10 1.14 3152
 2385 4641 3151 77 9 1.10 1.14 3152
 2385 4625 3151 77 6 1.10 1.14 3152
 2385 4609 3151 77 6 1.10 1.14 3152
 2385 4593 3151 77 6 1.10 1.14 3152
 2385 4561 3151 77 6 1.10 1.14 3152
 2385 4577 3151 77 6 1.10 1.14 3152
 2385 4449 3151 77 5 1.10 1.14 3152
 2385 4465 3151 77 5 1.10 1.14 3152
 2385 4481 3151 77 5 1.10 1.14 3152
 2385 4497 3151 77 10 1.10 1.14 3152
 2385 4753 3151 77 5 1.10 1.14 3152
 2385 4737 3151 77 5 1.10 1.14 3152
 2385 4257 3195 77 31 1.10 1.14 3196
 2401 4721 3151 77 13 1.10 1.14 3152
 2401 4705 3151 77 15 1.10 1.14 3152
 2401 4449 3151 77 5 1.10 1.14 3152
 2401 4465 3151 77 5 1.10 1.14 3152
 2401 4481 3151 77 10 1.10 1.14 3152
 2401 4497 3151 77 23 1.10 1.14 3152
 2401 4753 3151 77 5 1.10 1.14 3152
 2401 4737 3151 77 5 1.10 1.14 3152
 2417 4753 3151 77 5 1.10 1.14 3152
 2417 4737 3151 77 13 1.10 1.14 3152
 2417 4721 3151 77 15 1.10 1.14 3152
 2417 4641 3151 60 4 1.10 1.14 3152
 2417 4449 3151 77 5 1.10 1.14 3152
 2417 4465 3151 77 10 1.10 1.14 3152
 2417 4481 3151 77 23 1.10 1.14 3152
 2417 4161 3195 77 31 1.10 1.14 3196
 2433 4753 3151 77 5 1.10 1.14 3152
 2433 4737 3151 77 2 1.10 1.14 3152
 2433 4641 3151 60 2 1.10 1.14 3152
 2433 4449 3151 77 10 1.10 1.14 3152
 2433 4465 3151 77 23 1.10 1.14 3152
 2449 4753 3151 77 5 1.10 1.14 3152
 2449 4737 3151 77 2 1.10 1.14 3152
 2449 4641 3151 60 1 1.10 1.14 3152
 2449 4705 3192 51 1 1.10 1.14 3193 h
 2449 4449 3151 77 23 1.10 1.14 3152
 2465 4753 3151 77 5 1.10 1.14 3152
 2465 4737 3151 77 2 1.10 1.14 3152
 2465 4641 3151 60 1 1.10 1.14 3152
 2465 4433 3151 77 23 1.10 1.14 3152
 2465 4417 3151 77 10 1.10 1.14 3152
 2465 4401 3151 77 5 1.10 1.14 3152
 2465 4353 3151 77 5 1.10 1.14 3152
 2465 4369 3151 77 5 1.10 1.14 3152
 2465 4385 3151 77 5 1.10 1.14 3152
 2481 4753 3151 77 5 1.10 1.14 3152
 2481 4737 3151 77 2 1.10 1.14 3152
 2481 4721 3151 67 1 1.10 1.14 3152
 2481 4513 3151 77 7 1.10 1.14 3152
 2481 4641 3151 60 3 1.10 1.14 3152
 2481 4497 3151 77 1 1.10 1.14 3152
 2481 4417 3151 77 23 1.10 1.14 3152
 2481 4401 3151 77 6 1.10 1.14 3152
 2481 4257 3151 77 10 1.10 1.14 3152
 2481 4273 3151 77 6 1.10 1.14 3152
 2481 4289 3151 77 6 1.10 1.14 3152
 2481 4305 3151 77 6 1.10 1.14 3152
 2481 4321 3151 77 6 1.10 1.14 3152
 2481 4337 3151 77 6 1.10 1.14 3152
 2481 4353 3151 77 6 1.10 1.14 3152
 2481 4369 3151 77 6 1.10 1.14 3152
 2481 4385 3151 77 6 1.10 1.14 3152
 2497 4753 3151 77 5 1.10 1.14 3152
 2497 4737 3151 77 2 1.10 1.14 3152
 2497 4513 3151 77 8 1.10 1.14 3152
 2497 4497 3151 77 2 1.10 1.14 3152
 2497 4401 3151 67 1 1.10 1.14 3152
 2497 4257 3151 77 8 1.10 1.14 3152
 2497 4337 3151 67 1 1.10 1.14 3152
 2513 4161 3195 77 31 1.10 1.14 3196
 2513 4753 3151 77 5 1.10 1.14 3152
 2513 4737 3151 77 2 1.10 1.14 3152
 2513 4513 3151 77 8 1.10 1.14 3152
 2513 4497 3151 77 2 1.10 1.14 3152
 2513 4257 3151 77 8 1.10 1.14 3152
 2513 4273 3192 71 31 1.10 1.14 3193
 2513 4305 3151 67 1 1.10 1.14 3152
 2513 4369 3151 67 1 1.10 1.14 3152
 2529 4753 3151 77 5 1.10 1.14 3152
 2529 4737 3151 77 2 1.10 1.14 3152
 2529 4689 3151 65 1 1400001.10 10.14 3152
 2529 4673 3151 65 1 1400001.10 10.14 3152
 2529 4657 3151 65 1 1400001.10 10.14 3152
 2529 4641 3151 65 1 1400001.10 10.14 3152
 2529 4513 3151 77 8 1.10 1.14 3152
 2529 4577 3151 77 1 1.10 1.14 3152
 2529 4593 3151 77 4 1.10 1.14 3152
 2529 4609 3151 77 4 1.10 1.14 3152
 2529 4625 3151 77 7 1.10 1.14 3152
 2529 4561 3151 67 1 1.10 1.14 3152
 2529 4497 3151 77 2 1.10 1.14 3152
 2529 4433 3151 77 24 1.10 1.14 3152
 2529 4417 3151 77 4 1.10 1.14 3152
 2529 4401 3151 77 4 1.10 1.14 3152
 2529 4385 3151 77 4 1.10 1.14 3152
 2529 4257 3151 77 11 1.10 1.14 3152
 2529 4273 3151 77 4 1.10 1.14 3152
 2529 4289 3151 77 4 1.10 1.14 3152
 2529 4305 3151 77 4 1.10 1.14 3152
 2529 4321 3151 77 4 1.10 1.14 3152
 2529 4337 3151 77 4 1.10 1.14 3152
 2529 4353 3151 77 4 1.10 1.14 3152
 2529 4369 3151 77 4 1.10 1.14 3152
 2545 4753 3151 77 5 1.10 1.14 3152
 2545 4737 3151 77 2 1.10 1.14 3152
 2545 4513 3151 77 8 1.10 1.14 3152
 2545 4625 3151 77 8 1.10 1.14 3152
 2545 4609 3151 77 5 1.10 1.14 3152
 2545 4593 3151 77 5 1.10 1.14 3152
 2545 4577 3151 77 2 1.10 1.14 3152
 2545 4497 3151 77 2 1.10 1.14 3152
 2545 4305 3195 77 31 1.10 1.14 3196
 2545 4433 3151 77 25 1.10 1.14 3152
 2545 4417 3151 77 5 1.10 1.14 3152
 2545 4401 3151 77 5 1.10 1.14 3152
 2545 4257 3151 77 5 1.10 1.14 3152
 2545 4273 3151 77 5 1.10 1.14 3152
 2545 4289 3151 77 5 1.10 1.14 3152
 2561 4753 3151 77 5 1.10 1.14 3152
 2561 4737 3151 77 2 1.10 1.14 3152
 2561 4721 3151 67 1 1.10 1.14 3152
 2561 4513 3151 77 8 1.10 1.14 3152
 2561 4625 3151 77 8 1.10 1.14 3152
 2561 4609 3151 77 5 1.10 1.14 3152
 2561 4593 3151 77 5 1.10 1.14 3152
 2561 4577 3151 77 2 1.10 1.14 3152
 2561 4497 3151 77 2 1.10 1.14 3152
 2561 4641 3151 55 5 1.10 -5.86 3152
 2561 4433 3151 77 9 1.10 1.14 3152
 2561 4417 3151 77 6 1.10 1.14 3152
 2561 4401 3151 77 10 1.10 1.14 3152
 2561 4257 3151 77 5 1.10 1.14 3152
 2561 4273 3151 77 5 1.10 1.14 3152
 2561 4289 3151 77 5 1.10 1.14 3152
 2577 4753 3151 77 5 1.10 1.14 3152
 2577 4737 3151 77 2 1.10 1.14 3152
 2577 4513 3151 77 8 1.10 1.14 3152
 2577 4625 3151 77 8 1.10 1.14 3152
 2577 4609 3151 77 5 1.10 1.14 3152
 2577 4593 3151 77 5 1.10 1.14 3152
 2577 4577 3151 77 2 1.10 1.14 3152
 2577 4561 3151 67 1 1.10 1.14 3152
 2577 4497 3151 77 2 1.10 1.14 3152
 2577 4433 3151 59 13 1.10 1.14 3152
 2577 4401 3151 77 8 1.10 1.14 3152
 2577 4257 3151 77 5 1.10 1.14 3152
 2577 4273 3151 77 5 1.10 1.14 3152
 2577 4289 3151 77 5 1.10 1.14 3152
 2593 4513 3151 77 8 1.10 1.14 3152
 2593 4497 3151 77 2 1.10 1.14 3152
 2593 4753 3151 77 5 1.10 1.14 3152
 2593 4737 3151 77 2 1.10 1.14 3152
 2593 4577 3151 77 3 1.10 1.14 3152
 2593 4593 3151 77 6 1.10 1.14 3152
 2593 4609 3151 77 6 1.10 1.14 3152
 2593 4625 3151 77 9 1.10 1.14 3152
 2593 4673 3151 77 1 1.10 1.14 3152
 2593 4689 3151 77 7 1.10 1.14 3152
 2593 4401 3151 77 8 1.10 1.14 3152
 2593 4289 3151 77 5 1.10 1.14 3152
 2593 4273 3151 77 5 1.10 1.14 3152
 2593 4257 3151 77 5 1.10 1.14 3152
 2609 4721 3151 65 1 1400001.10 10.14 3152
 2609 4705 3151 65 1 1400001.10 10.14 3152
 2609 4513 3151 77 8 1.10 1.14 3152
 2609 4497 3151 77 2 1.10 1.14 3152
 2609 4753 3151 77 5 1.10 1.14 3152
 2609 4737 3151 77 2 1.10 1.14 3152
 2609 4657 3151 67 1 1.10 1.14 3152
 2609 4673 3151 77 2 1.10 1.14 3152
 2609 4689 3151 77 8 1.10 1.14 3152
 2609 4401 3151 77 8 1.10 1.14 3152
 2609 4289 3151 77 5 1.10 1.14 3152
 2609 4273 3151 77 5 1.10 1.14 3152
 2609 4257 3151 77 5 1.10 1.14 3152
 2609 4161 3195 77 31 1.10 1.14 3196
 2625 4529 3151 65 1 1400001.10 10.14 3152
 2625 4545 3151 65 1 1400001.10 10.14 3152
 2625 4561 3151 65 1 1400001.10 10.14 3152
 2625 4577 3151 65 1 1400001.10 10.14 3152
 2625 4593 3151 65 1 1400001.10 10.14 3152
 2625 4513 3151 77 8 1.10 1.14 3152
 2625 4497 3151 77 12 1.10 1.14 3152
 2625 4481 3151 77 4 1.10 1.14 3152
 2625 4753 3151 77 5 1.10 1.14 3152
 2625 4737 3151 77 2 1.10 1.14 3152
 2625 4721 3151 67 1 1.10 1.14 3152
 2625 4673 3151 77 2 1.10 1.14 3152
 2625 4689 3151 77 8 1.10 1.14 3152
 2625 4465 3151 77 4 1.10 1.14 3152
 2625 4449 3151 77 4 1.10 1.14 3152
 2625 4433 3151 77 4 1.10 1.14 3152
 2625 4417 3151 77 4 1.10 1.14 3152
 2625 4401 3151 77 11 1.10 1.14 3152
 2625 4289 3151 77 5 1.10 1.14 3152
 2625 4273 3151 77 5 1.10 1.14 3152
 2625 4257 3151 77 5 1.10 1.14 3152
 2641 4513 3151 77 8 1.10 1.14 3152
 2641 4497 3151 77 5 1.10 1.14 3152
 2641 4481 3151 77 5 1.10 1.14 3152
 2641 4753 3151 77 5 1.10 1.14 3152
 2641 4737 3151 77 2 1.10 1.14 3152
 2641 4673 3151 77 2 1.10 1.14 3152
 2641 4689 3151 77 8 1.10 1.14 3152
 2641 4657 3151 55 5 1.10 -5.86 3152
 2641 4465 3151 77 5 1.10 1.14 3152
 2641 4449 3151 77 5 1.10 1.14 3152
 2641 4353 3195 77 31 1.10 1.14 3196
 2641 4257 3195 77 31 1.10 1.14 3196
 2657 4513 3151 77 8 1.10 1.14 3152
 2657 4497 3151 77 5 1.10 1.14 3152
 2657 4481 3151 77 5 1.10 1.14 3152
 2657 4753 3151 77 5 1.10 1.14 3152
 2657 4737 3151 77 2 1.10 1.14 3152
 2657 4577 3151 67 1 1.10 1.14 3152
 2657 4593 3151 77 1 1.10 1.14 3152
 2657 4609 3151 77 7 1.10 1.14 3152
 2657 4673 3151 77 3 1.10 1.14 3152
 2657 4689 3151 77 9 1.10 1.14 3152
 2657 4465 3151 77 5 1.10 1.14 3152
 2657 4449 3151 77 5 1.10 1.14 3152
 2673 4513 3151 77 23 1.10 1.14 3152
 2673 4497 3151 77 10 1.10 1.14 3152
 2673 4481 3151 77 5 1.10 1.14 3152
 2673 4753 3151 77 5 1.10 1.14 3152
 2673 4737 3151 77 2 1.10 1.14 3152
 2673 4593 3151 77 2 1.10 1.14 3152
 2673 4609 3151 77 8 1.10 1.14 3152
 2673 4465 3151 77 5 1.10 1.14 3152
 2673 4449 3151 77 5 1.10 1.14 3152
 2689 4497 3151 77 23 1.10 1.14 3152
 2689 4481 3151 77 10 1.10 1.14 3152
 2689 4753 3151 77 5 1.10 1.14 3152
 2689 4737 3151 77 2 1.10 1.14 3152
 2689 4593 3151 77 2 1.10 1.14 3152
 2689 4609 3151 77 8 1.10 1.14 3152
 2689 4465 3151 77 5 1.10 1.14 3152
 2689 4449 3151 77 5 1.10 1.14 3152
 2705 4625 3151 65 1 1400001.10 10.14 3152
 2705 4641 3151 65 1 1400001.10 10.14 3152
 2705 4657 3151 65 1 1400001.10 10.14 3152
 2705 4673 3151 65 1 1400001.10 10.14 3152
 2705 4481 3151 77 23 1.10 1.14 3152
 2705 4753 3151 77 5 1.10 1.14 3152
 2705 4737 3151 77 12 1.10 1.14 3152
 2705 4721 3151 77 14 1.10 1.14 3152
 2705 4577 3151 67 1 1.10 1.14 3152
 2705 4593 3151 77 2 1.10 1.14 3152
 2705 4609 3151 77 8 1.10 1.14 3152
 2705 4465 3151 77 10 1.10 1.14 3152
 2705 4449 3151 77 5 1.10 1.14 3152
 2705 4241 3151 77 5 1.10 1.14 3152
 2705 4225 3151 77 5 1.10 1.14 3152
 2705 4177 3151 77 5 1.10 1.14 3152
 2705 4193 3151 77 5 1.10 1.14 3152
 2705 4209 3151 77 5 1.10 1.14 3152
 2721 4753 3151 77 5 1.10 1.14 3152
 2721 4737 3151 77 5 1.10 1.14 3152
 2721 4721 3151 77 12 1.10 1.14 3152
 2721 4593 3151 77 3 1.10 1.14 3152
 2721 4609 3151 77 9 1.10 1.14 3152
 2721 4705 3151 77 14 1.10 1.14 3152
 2721 4465 3151 77 23 1.10 1.14 3152
 2721 4449 3151 77 10 1.10 1.14 3152
 2721 4241 3151 77 5 1.10 1.14 3152
 2721 4225 3151 77 5 1.10 1.14 3152
 2721 4177 3151 77 5 1.10 1.14 3152
 2721 4193 3151 77 5 1.10 1.14 3152
 2721 4209 3151 77 5 1.10 1.14 3152
 2737 4513 3151 67 1 1.10 1.14 3152
 2737 4529 3151 77 1 1.10 1.14 3152
 2737 4545 3151 77 7 1.10 1.14 3152
 2737 4753 3151 77 5 1.10 1.14 3152
 2737 4737 3151 77 5 1.10 1.14 3152
 2737 4721 3151 77 5 1.10 1.14 3152
 2737 4689 3151 77 14 1.10 1.14 3152
 2737 4705 3151 77 12 1.10 1.14 3152
 2737 4449 3151 77 23 1.10 1.14 3152
 2737 4433 3151 77 6 1.10 1.14 3152
 2737 4417 3151 77 6 1.10 1.14 3152
 2737 4401 3151 77 6 1.10 1.14 3152
 2737 4385 3151 77 6 1.10 1.14 3152
 2737 4369 3151 77 6 1.10 1.14 3152
 2737 4353 3151 77 6 1.10 1.14 3152
 2737 4337 3151 77 6 1.10 1.14 3152
 2737 4321 3151 77 6 1.10 1.14 3152
 2737 4305 3151 77 6 1.10 1.14 3152
 2737 4289 3151 77 6 1.10 1.14 3152
 2737 4273 3151 77 6 1.10 1.14 3152
 2737 4257 3151 77 6 1.10 1.14 3152
 2737 4241 3151 77 6 1.10 1.14 3152
 2737 4225 3151 77 6 1.10 1.14 3152
 2737 4177 3151 77 6 1.10 1.14 3152
 2737 4193 3151 77 6 1.10 1.14 3152
 2737 4209 3151 77 6 1.10 1.14 3152
 2753 4529 3151 77 2 1.10 1.14 3152
 2753 4545 3151 77 11 1.10 1.14 3152
 2753 4561 3151 77 7 1.10 1.14 3152
 2753 4673 3151 77 14 1.10 1.14 3152
 2753 4689 3151 77 12 1.10 1.14 3152
 2753 4705 3693 77 30 1.10 1.14 3694
 2753 4513 3151 55 5 1.10 -5.86 3152
 2753 4449 3694 70 5 1.10 -4.86 3695
 2753 4433 3694 69 6 1.10 -4.86 3695
 2753 4417 3694 69 6 1.10 -4.86 3695
 2753 4401 3694 69 6 1.10 -4.86 3695
 2753 4385 3694 69 6 1.10 -4.86 3695
 2753 4369 3694 69 6 1.10 -4.86 3695
 2753 4353 3694 69 6 1.10 -4.86 3695
 2753 4337 3694 70 6 1.10 -4.86 3695 7 1
 2753 4321 3694 69 6 1.10 -4.86 3695
 2753 4305 3694 69 6 1.10 -4.86 3695
 2753 4289 3694 69 6 1.10 -4.86 3695
 2753 4273 3694 69 6 1.10 -4.86 3695
 2753 4257 3694 69 6 1.10 -4.86 3695
 2753 4241 3694 69 6 1.10 -4.86 3695
 2753 4225 3694 69 6 1.10 -4.86 3695
 2753 4177 3694 69 6 1.10 -4.86 3695
 2753 4193 3694 69 6 1.10 -4.86 3695
 2753 4209 3694 69 6 1.10 -4.86 3695
 2769 4577 3151 65 1 1400001.10 10.14 3152
 2769 4593 3151 65 1 1400001.10 10.14 3152
 2769 4609 3151 65 1 1400001.10 10.14 3152
 2769 4529 3151 77 3 1.10 1.14 3152
 2769 4545 3151 77 6 1.10 1.14 3152
 2769 4561 3151 77 9 1.10 1.14 3152
 2769 4657 3151 67 1 1.10 1.14 3152
 2769 4673 3151 77 2 1.10 1.14 3152
 2769 4689 3151 77 5 1.10 1.14 3152
 2785 4673 3151 77 2 1.10 1.14 3152
 2785 4689 3151 77 5 1.10 1.14 3152
 2785 4449 3151 77 22 1.10 1.14 3152
 2785 4433 3151 77 4 1.10 1.14 3152
 2785 4417 3151 77 4 1.10 1.14 3152
 2785 4401 3151 77 4 1.10 1.14 3152
 2785 4385 3151 77 4 1.10 1.14 3152
 2785 4369 3151 77 4 1.10 1.14 3152
 2785 4353 3151 77 4 1.10 1.14 3152
 2785 4337 3151 77 4 1.10 1.14 3152
 2785 4321 3151 77 4 1.10 1.14 3152
 2785 4305 3151 77 4 1.10 1.14 3152
 2785 4289 3151 77 4 1.10 1.14 3152
 2785 4273 3151 77 4 1.10 1.14 3152
 2785 4257 3151 77 4 1.10 1.14 3152
 2785 4241 3151 77 4 1.10 1.14 3152
 2785 4225 3151 77 4 1.10 1.14 3152
 2785 4177 3151 77 4 1.10 1.14 3152
 2785 4193 3151 77 4 1.10 1.14 3152
 2785 4209 3151 77 4 1.10 1.14 3152
 2801 4673 3151 77 2 1.10 1.14 3152
 2801 4689 3151 77 5 1.10 1.14 3152
 2801 4353 3195 77 31 1.10 1.14 3196
 2801 4449 3151 77 11 1.10 1.14 3152
 2801 4465 3151 77 22 1.10 1.14 3152
 2801 4257 3195 77 31 1.10 1.14 3196
 2801 4161 3195 77 31 1.10 1.14 3196
 2817 4657 3151 67 1 1.10 1.14 3152
 2817 4673 3151 77 2 1.10 1.14 3152
 2817 4689 3151 77 5 1.10 1.14 3152
 2817 4705 3693 77 30 1.10 1.14 3694
 2817 4449 3151 77 5 1.10 1.14 3152
 2817 4465 3151 77 8 1.10 1.14 3152
 2833 4545 3151 65 1 1400001.10 10.14 3152
 2833 4529 3151 65 1 1400001.10 10.14 3152
 2833 4513 3151 65 1 1400001.10 10.14 3152
 2833 4497 3151 65 1 1400001.10 10.14 3152
 2833 4481 3151 65 1 1400001.10 10.14 3152
 2833 4673 3151 77 2 1.10 1.14 3152
 2833 4689 3151 77 5 1.10 1.14 3152
 2833 4449 3151 77 5 1.10 1.14 3152
 2833 4465 3151 77 8 1.10 1.14 3152
 2849 4449 3151 77 5 1.10 1.14 3152
 2849 4465 3151 77 8 1.10 1.14 3152
 2849 4673 3151 77 2 1.10 1.14 3152
 2849 4689 3151 77 5 1.10 1.14 3152
 2865 4545 3151 77 4 1.10 1.14 3152
 2865 4529 3151 77 4 1.10 1.14 3152
 2865 4513 3151 77 4 1.10 1.14 3152
 2865 4449 3151 77 5 1.10 1.14 3152
 2865 4465 3151 77 11 1.10 1.14 3152
 2865 4481 3151 77 4 1.10 1.14 3152
 2865 4497 3151 77 4 1.10 1.14 3152
 2865 4561 3151 77 4 1.10 1.14 3152
 2865 4577 3151 77 4 1.10 1.14 3152
 2865 4593 3151 77 4 1.10 1.14 3152
 2865 4609 3151 77 4 1.10 1.14 3152
 2865 4625 3151 77 4 1.10 1.14 3152
 2865 4641 3192 70 7 1.10 -4.86 3193
 2865 4673 3151 77 12 1.10 1.14 3152
 2865 4689 3151 77 5 1.10 1.14 3152
 2881 4449 3151 77 5 1.10 1.14 3152
 2881 4465 3151 77 5 1.10 1.14 3152
 2881 4481 3195 77 31 1.10 1.14 3196
 2881 4577 3151 77 5 1.10 1.14 3152
 2881 4593 3151 77 5 1.10 1.14 3152
 2881 4609 3151 77 5 1.10 1.14 3152
 2881 4625 3151 77 5 1.10 1.14 3152
 2881 4641 3192 70 24 1.10 -5.86 3193 2
 2881 4673 3195 77 31 1.10 1.14 3196
 2897 4289 3195 77 31 1.10 1.14 3196
 2897 4385 3195 77 31 1.10 1.14 3196
 2897 4193 3195 77 31 1.10 1.14 3196
 2897 4577 3151 77 5 1.10 1.14 3152
 2897 4593 3151 77 5 1.10 1.14 3152
 2897 4609 3151 77 5 1.10 1.14 3152
 2897 4625 3151 77 5 1.10 1.14 3152
 2897 4625 3151 81 1 -999998.90 -18.86 3152
 2897 4641 3192 70 8 1.10 -4.86 3193 8 1
 2913 4577 3693 77 30 1.10 1.14 3694
 2913 4641 3192 69 8 1.10 -4.86 3193
 2929 4641 3192 69 8 1.10 -4.86 3193
 2945 4641 3192 69 8 1.10 -4.86 3193
 2961 4641 3192 69 8 1.10 -4.86 3193
 2977 4673 3195 77 31 1.10 1.14 3196
 2977 4577 3693 77 30 1.10 1.14 3694
 2977 4481 3195 77 31 1.10 1.14 3196
 2977 4641 3192 69 8 1.10 -4.86 3193
 2993 4417 3693 77 30 1.10 1.14 3694
 2993 4641 3192 69 8 1.10 -4.86 3193
 3009 4641 3192 69 8 1.10 -4.86 3193
 3025 4641 3192 69 8 1.10 -4.86 3193
 3041 4641 3192 69 8 1.10 -4.86 3193
 3057 4641 3192 69 8 1.10 -4.86 3193
