 -10 268 691 0.42 1 1 1 1 1 2 2 301 0.42 1
-1
-1
-1
-1
-1
-1
-1
-1
-1
-1
-1
-1
-1
-1
-1
-1
-1
-1
-1
-1
-1
-1
y0
Area 1
 1 4753 3151 74 2 6.10 6.14 3152
 1 4689 3151 75 25 6.10 6.14 3152
 1 4737 3151 79 1 4.10 4.14 0
 1 4657 3151 67 1 1.10 1.14 3152
 17 4753 3151 74 2 6.10 6.14 3152
 17 4737 3151 75 29 6.10 6.14 3152
 17 4721 3151 75 29 6.10 6.14 3152
 17 4705 3151 75 28 6.10 6.14 3152
 17 4689 3151 75 26 6.10 6.14 3152
 17 4657 3151 67 1 1.10 1.14 3152
 17 4625 3151 61 7 1.10 1.14 3152 WELCOME TO THE EXAMPLE FILE! EVERYTHING IN THIS GAME WAS DONE USING MARIO BUILDER.
 33 4753 3151 74 2 6.10 6.14 3152
 33 4689 3151 75 27 6.10 6.14 3152
 33 4721 3192 51 1 1.10 1.14 3193 1
 33 4657 3151 67 1 1.10 1.14 3152
 49 4737 3151 78 3 1100001.10 1100001.14 3152
 49 4721 3151 78 3 1100001.10 1100001.14 3152
 49 4705 3151 78 1 1100001.10 1100001.14 3152
 49 4753 3151 74 2 6.10 6.14 3152
 49 4737 3151 79 1 4.10 4.14 0
 49 4689 3151 61 3 1.10 1.14 3152
 65 4737 3151 78 7 1100001.10 1100001.14 3152
 65 4721 3151 78 5 1100001.10 1100001.14 3152
 65 4705 3151 78 2 1100001.10 1100001.14 3152
 65 4753 3151 74 2 6.10 6.14 3152
 81 4737 3151 78 4 1100001.10 1100001.14 3152
 81 4721 3151 78 2 1100001.10 1100001.14 3152
 81 4753 3151 74 2 6.10 6.14 3152
 81 4641 3151 75 25 6.10 6.14 3152
 81 4737 3151 79 1 4.10 4.14 0
 81 4609 3151 67 1 1.10 1.14 3152
 97 4753 3151 74 2 6.10 6.14 3152
 97 4737 3151 75 29 6.10 6.14 3152
 97 4721 3151 75 29 6.10 6.14 3152
 97 4705 3151 75 29 6.10 6.14 3152
 97 4689 3151 75 29 6.10 6.14 3152
 97 4673 3151 75 29 6.10 6.14 3152
 97 4657 3151 75 28 6.10 6.14 3152
 97 4641 3151 75 26 6.10 6.14 3152
 97 4609 3151 67 1 1.10 1.14 3152
 113 4753 3151 74 2 6.10 6.14 3152
 113 4641 3151 75 27 6.10 6.14 3152
 113 4609 3151 67 1 1.10 1.14 3152
 129 4753 3151 74 2 6.10 6.14 3152
 145 4753 3151 74 2 6.10 6.14 3152
 145 4737 3151 79 1 4.10 4.14 0
 145 4689 3151 61 3 1.10 1.14 3152
 145 4689 3151 67 2 0.10 0.14 3152
 161 4705 3151 76 7 1300001.10 1300001.14 3152
 161 4689 3151 76 4 1300001.10 1300001.14 3152
 161 4673 3151 76 1 1300001.10 1300001.14 3152
 161 4753 3151 74 2 6.10 6.14 3152
 161 4737 3151 79 1 4.10 4.14 0
 177 4705 3151 76 8 1300001.10 1300001.14 3152
 177 4689 3151 76 5 1300001.10 1300001.14 3152
 177 4673 3151 76 2 1300001.10 1300001.14 3152
 177 4753 3151 74 2 6.10 6.14 3152
 177 4737 3151 79 1 4.10 4.14 0
 193 4705 3151 76 8 1300001.10 1300001.14 3152
 193 4689 3151 76 5 1300001.10 1300001.14 3152
 193 4673 3151 76 2 1300001.10 1300001.14 3152
 193 4753 3151 74 2 6.10 6.14 3152
 193 4657 3151 53 1 1.10 1.14 3152
 209 4705 3151 76 8 1300001.10 1300001.14 3152
 209 4689 3151 76 5 1300001.10 1300001.14 3152
 209 4673 3151 76 2 1300001.10 1300001.14 3152
 209 4753 3151 74 2 6.10 6.14 3152
 209 4737 3151 67 18 1.10 1.14 3152
 225 4705 3151 76 8 1300001.10 1300001.14 3152
 225 4689 3151 76 5 1300001.10 1300001.14 3152
 225 4673 3151 76 2 1300001.10 1300001.14 3152
 225 4753 3151 74 2 6.10 6.14 3152
 241 4705 3151 76 9 1300001.10 1300001.14 3152
 241 4689 3151 76 6 1300001.10 1300001.14 3152
 241 4673 3151 76 3 1300001.10 1300001.14 3152
 241 4753 3151 74 2 6.10 6.14 3152
 241 4737 3151 53 1 1.10 1.14 3152
 241 4593 3151 59 20 1.10 1.14 3152
 257 4753 3151 74 2 6.10 6.14 3152
 273 4753 3151 74 4 6.10 6.14 3152
 273 4737 3151 74 1 6.10 6.14 3152
 273 4545 3151 84 1 6.10 6.14 3152
 289 4545 3151 84 1 6.10 6.14 3152
 289 4753 3151 74 5 6.10 6.14 3152
 289 4737 3151 74 2 6.10 6.14 3152
 289 4721 3151 67 21 1.10 1.14 3152
 289 4673 3151 59 1 1.10 1.14 3152
 305 4545 3151 84 1 6.10 6.14 3152
 305 4753 3151 74 5 6.10 6.14 3152
 305 4737 3151 74 2 6.10 6.14 3152
 321 4545 3151 84 1 6.10 6.14 3152
 321 4753 3151 74 6 6.10 6.14 3152
 321 4737 3151 74 3 6.10 6.14 3152
 321 4641 3151 59 6 1.10 1.14 3152
 337 4545 3151 84 1 6.10 6.14 3152
 337 4753 3694 69 2 1.10 -4.86 3695
 337 4721 3694 69 1 1.10 -4.86 3695
 337 4737 3694 70 17 1.10 -5.86 3695 2
 353 4545 3151 84 1 6.10 6.14 3152
 369 4545 3151 84 1 6.10 6.14 3152
 369 4753 3151 74 4 6.10 6.14 3152
 369 4737 3151 74 1 6.10 6.14 3152
 369 4641 3151 59 1 1.10 1.14 3152
 385 4753 3151 74 5 6.10 6.14 3152
 385 4737 3151 74 2 6.10 6.14 3152
 385 4721 3151 67 18 1.10 1.14 3152
 385 4481 3151 84 1 6.10 6.14 3152
 401 4753 3151 74 5 6.10 6.14 3152
 401 4737 3151 74 2 6.10 6.14 3152
 401 4657 3151 59 2 1.10 1.14 3152
 401 4721 3151 58 1 1.10 -4.86 3152
 401 4481 3151 84 1 6.10 6.14 3152
 417 4753 3151 74 5 6.10 6.14 3152
 417 4737 3151 74 2 6.10 6.14 3152
 417 4721 3151 58 1 1.10 -4.86 3152
 417 4705 3151 58 1 1.10 -4.86 3152
 417 4481 3151 84 1 6.10 6.14 3152
 433 4753 3151 74 5 6.10 6.14 3152
 433 4737 3151 74 2 6.10 6.14 3152
 433 4721 3151 58 1 1.10 -4.86 3152
 433 4705 3151 58 1 1.10 -4.86 3152
 433 4689 3151 58 1 1.10 -4.86 3152
 433 4481 3151 84 1 6.10 6.14 3152
 449 4753 3151 74 6 6.10 6.14 3152
 449 4737 3151 74 3 6.10 6.14 3152
 449 4657 3151 53 1 1.10 1.14 3152
 449 4721 3151 58 1 1.10 -4.86 3152
 449 4705 3151 58 1 1.10 -4.86 3152
 449 4689 3151 58 1 1.10 -4.86 3152
 449 4673 3151 58 1 1.10 -4.86 3152
 449 4481 3151 84 1 6.10 6.14 3152
 465 4625 3196 55 9 1.10 1.14 3197
 465 4753 3694 69 2 1.10 -4.86 3695
 465 4737 3694 69 2 1.10 -4.86 3695
 465 4721 3694 69 2 1.10 -4.86 3695
 465 4705 3694 69 2 1.10 -4.86 3695
 465 4689 3694 70 2 1.10 -4.86 3695 4 1
 465 4673 3694 69 2 1.10 -4.86 3695
 465 4657 3694 70 1 1.10 -4.86 3695
 465 4481 3151 84 1 6.10 6.14 3152
 481 4481 3151 84 1 6.10 6.14 3152
 497 4753 3151 74 4 6.10 6.14 3152
 497 4737 3151 74 1 6.10 6.14 3152
 497 4721 3151 58 1 1.10 -4.86 3152
 497 4705 3151 58 1 1.10 -4.86 3152
 497 4689 3151 58 1 1.10 -4.86 3152
 497 4673 3151 58 1 1.10 -4.86 3152
 497 4481 3151 84 1 6.10 6.14 3152
 513 4753 3151 74 5 6.10 6.14 3152
 513 4737 3151 74 2 6.10 6.14 3152
 513 4721 3151 58 1 1.10 -4.86 3152
 513 4705 3151 58 1 1.10 -4.86 3152
 513 4689 3151 58 1 1.10 -4.86 3152
 513 4481 3151 84 1 6.10 6.14 3152
 529 4753 3151 74 5 6.10 6.14 3152
 529 4737 3151 74 2 6.10 6.14 3152
 529 4721 3151 58 1 1.10 -4.86 3152
 529 4705 3151 58 1 1.10 -4.86 3152
 545 4753 3151 74 5 6.10 6.14 3152
 545 4737 3151 74 2 6.10 6.14 3152
 545 4721 3151 58 1 1.10 -4.86 3152
 561 4753 3151 74 5 6.10 6.14 3152
 561 4737 3151 74 2 6.10 6.14 3152
 577 4417 3192 53 10 1.10 1.14 3193
 577 4417 3151 80 3 -8.90 -8.86 3152
 577 4497 3151 80 1 -8.90 -8.86 3152
 577 4753 3151 74 5 6.10 6.14 3152
 577 4737 3151 74 2 6.10 6.14 3152
 593 4753 3151 74 5 6.10 6.14 3152
 593 4737 3151 74 2 6.10 6.14 3152
 609 4753 3151 74 5 6.10 6.14 3152
 609 4737 3151 74 2 6.10 6.14 3152
 625 4753 3151 74 6 6.10 6.14 3152
 625 4737 3151 74 3 6.10 6.14 3152
 625 4705 3192 70 3 1.10 -4.86 3193
 641 4481 3192 53 10 1.10 1.14 3193
 641 4417 3151 80 3 -8.90 -8.86 3152
 641 4497 3151 80 1 -8.90 -8.86 3152
 641 4753 3151 74 2 6.10 6.14 3152
 641 4705 3192 70 20 1.10 -5.86 3193 3
 657 4753 3151 74 2 6.10 6.14 3152
 657 4705 3192 70 4 1.10 -4.86 3193 4 2
 673 4641 3196 55 23 1.10 1.14 3197
 673 4753 3694 69 2 1.10 -4.86 3695
 673 4737 3694 69 2 1.10 -4.86 3695
 673 4705 3196 69 17 1.10 -4.86 3197
 673 4689 3694 69 2 1.10 -4.86 3695
 673 4673 3694 69 1 1.10 -4.86 3695
 705 4465 3151 75 25 6.10 6.14 3152
 705 4417 3151 59 18 1.10 1.14 3152
 705 4753 3151 74 2 6.10 6.14 3152
 705 4737 3151 66 1 1.10 1.14 3152
 721 4465 3151 75 26 6.10 6.14 3152
 721 4657 3151 76 16 1300001.10 1300001.14 3152
 721 4641 3151 76 13 1300001.10 1300001.14 3152
 721 4625 3151 76 10 1300001.10 1300001.14 3152
 721 4753 3151 74 2 6.10 6.14 3152
 721 4609 3151 67 27 1.10 1.14 3152
 737 4545 3151 75 29 6.10 6.14 3152
 737 4529 3151 75 29 6.10 6.14 3152
 737 4513 3151 75 29 6.10 6.14 3152
 737 4497 3151 75 29 6.10 6.14 3152
 737 4481 3151 75 28 6.10 6.14 3152
 737 4465 3151 75 26 6.10 6.14 3152
 737 4657 3151 76 17 1300001.10 1300001.14 3152
 737 4641 3151 76 14 1300001.10 1300001.14 3152
 737 4625 3151 76 11 1300001.10 1300001.14 3152
 737 4753 3151 74 2 6.10 6.14 3152
 737 4737 3151 75 29 6.10 6.14 3152
 737 4721 3151 75 29 6.10 6.14 3152
 737 4705 3151 75 29 6.10 6.14 3152
 737 4689 3151 75 29 6.10 6.14 3152
 737 4673 3151 75 29 6.10 6.14 3152
 737 4609 3151 75 29 6.10 6.14 3152
 737 4593 3151 75 29 6.10 6.14 3152
 737 4577 3151 75 29 6.10 6.14 3152
 737 4561 3151 75 29 6.10 6.14 3152
 737 4609 3151 67 27 1.10 1.14 3152
 753 4465 3151 75 26 6.10 6.14 3152
 753 4657 3151 76 17 1300001.10 1300001.14 3152
 753 4641 3151 76 14 1300001.10 1300001.14 3152
 753 4625 3151 76 11 1300001.10 1300001.14 3152
 753 4753 3151 74 2 6.10 6.14 3152
 753 4609 3151 67 27 1.10 1.14 3152
 769 4465 3151 75 27 6.10 6.14 3152
 769 4657 3151 76 17 1300001.10 1300001.14 3152
 769 4641 3151 76 14 1300001.10 1300001.14 3152
 769 4625 3151 76 11 1300001.10 1300001.14 3152
 769 4753 3151 74 2 6.10 6.14 3152
 769 4609 3151 67 27 1.10 1.14 3152
 785 4465 3151 67 1 1.10 1.14 3152
 785 4721 3151 76 25 1300001.10 1300001.14 3152
 785 4705 3151 76 22 1300001.10 1300001.14 3152
 785 4689 3151 76 22 1300001.10 1300001.14 3152
 785 4673 3151 76 22 1300001.10 1300001.14 3152
 785 4657 3151 76 17 1300001.10 1300001.14 3152
 785 4641 3151 76 14 1300001.10 1300001.14 3152
 785 4625 3151 76 11 1300001.10 1300001.14 3152
 785 4753 3151 74 2 6.10 6.14 3152
 785 4609 3151 67 27 1.10 1.14 3152
 801 4721 3151 76 26 1300001.10 1300001.14 3152
 801 4705 3151 76 23 1300001.10 1300001.14 3152
 801 4689 3151 76 23 1300001.10 1300001.14 3152
 801 4657 3151 76 18 1300001.10 1300001.14 3152
 801 4673 3151 76 23 1300001.10 1300001.14 3152
 801 4641 3151 76 15 1300001.10 1300001.14 3152
 801 4625 3151 76 12 1300001.10 1300001.14 3152
 801 4753 3151 74 2 6.10 6.14 3152
 801 4737 3151 54 11 1.10 1.14 3152
 801 4609 3151 67 27 1.10 1.14 3152
 801 4465 3151 67 1 1.10 1.14 3152
 817 4721 3151 76 26 1300001.10 1300001.14 3152
 817 4705 3151 76 23 1300001.10 1300001.14 3152
 817 4657 3151 76 23 1300001.10 1300001.14 3152
 817 4673 3151 76 23 1300001.10 1300001.14 3152
 817 4689 3151 76 23 1300001.10 1300001.14 3152
 817 4641 3151 76 20 1300001.10 1300001.14 3152
 817 4753 3151 74 2 6.10 6.14 3152
 817 4625 3151 67 27 1.10 1.14 3152
 817 4465 3151 67 1 1.10 1.14 3152
 833 4737 3151 76 4 1300001.10 1300001.14 3152
 833 4721 3151 76 4 1300001.10 1300001.14 3152
 833 4673 3151 76 23 1300001.10 1300001.14 3152
 833 4689 3151 76 23 1300001.10 1300001.14 3152
 833 4705 3151 76 1 1300001.10 1300001.14 3152
 833 4657 3151 76 23 1300001.10 1300001.14 3152
 833 4641 3151 76 20 1300001.10 1300001.14 3152
 833 4753 3151 74 2 6.10 6.14 3152
 833 4689 3151 67 27 1.10 1.14 3152
 833 4625 3151 67 27 1.10 1.14 3152
 833 4481 3151 67 1 1.10 1.14 3152
 849 4737 3151 76 5 1300001.10 1300001.14 3152
 849 4705 3151 76 2 1300001.10 1300001.14 3152
 849 4721 3151 76 5 1300001.10 1300001.14 3152
 849 4689 3151 76 23 1300001.10 1300001.14 3152
 849 4673 3151 76 23 1300001.10 1300001.14 3152
 849 4657 3151 76 23 1300001.10 1300001.14 3152
 849 4641 3151 76 20 1300001.10 1300001.14 3152
 849 4753 3151 74 2 6.10 6.14 3152
 849 4689 3151 67 27 1.10 1.14 3152
 849 4625 3151 67 27 1.10 1.14 3152
 849 4497 3151 67 1 1.10 1.14 3152
 865 4705 3151 76 2 1300001.10 1300001.14 3152
 865 4721 3151 76 5 1300001.10 1300001.14 3152
 865 4737 3151 76 5 1300001.10 1300001.14 3152
 865 4689 3151 76 24 1300001.10 1300001.14 3152
 865 4673 3151 76 24 1300001.10 1300001.14 3152
 865 4657 3151 76 24 1300001.10 1300001.14 3152
 865 4641 3151 76 21 1300001.10 1300001.14 3152
 865 4753 3151 74 2 6.10 6.14 3152
 865 4689 3151 67 27 1.10 1.14 3152
 865 4625 3151 67 27 1.10 1.14 3152
 865 4513 3151 67 1 1.10 1.14 3152
 881 4705 3151 76 2 1300001.10 1300001.14 3152
 881 4721 3151 76 5 1300001.10 1300001.14 3152
 881 4737 3151 76 5 1300001.10 1300001.14 3152
 881 4753 3151 74 2 6.10 6.14 3152
 881 4529 3151 75 25 6.10 6.14 3152
 881 4689 3151 67 27 1.10 1.14 3152
 897 4705 3151 76 2 1300001.10 1300001.14 3152
 897 4721 3151 76 5 1300001.10 1300001.14 3152
 897 4737 3151 76 5 1300001.10 1300001.14 3152
 897 4753 3151 74 2 6.10 6.14 3152
 897 4529 3151 75 26 6.10 6.14 3152
 897 4737 3151 54 12 1.10 1.14 3152
 897 4689 3151 67 27 1.10 1.14 3152
 913 4705 3151 76 2 1300001.10 1300001.14 3152
 913 4721 3151 76 5 1300001.10 1300001.14 3152
 913 4737 3151 76 5 1300001.10 1300001.14 3152
 913 4689 3151 76 40 1300001.10 1300001.14 3152
 913 4673 3151 76 37 1300001.10 1300001.14 3152
 913 4753 3151 74 2 6.10 6.14 3152
 913 4529 3151 75 26 6.10 6.14 3152
 913 4689 3151 67 27 1.10 1.14 3152
 913 4657 3151 67 27 1.10 1.14 3152
 913 4289 3151 59 24 1.10 1.14 3152
 913 4465 3151 59 17 1.10 1.14 3152
 929 4705 3151 76 3 1300001.10 1300001.14 3152
 929 4721 3151 76 6 1300001.10 1300001.14 3152
 929 4737 3151 76 6 1300001.10 1300001.14 3152
 929 4689 3151 76 41 1300001.10 1300001.14 3152
 929 4673 3151 76 38 1300001.10 1300001.14 3152
 929 4289 3151 65 3 1400001.10 10.14 3152
 929 4305 3151 65 6 1400001.10 10.14 3152
 929 4321 3151 65 9 1400001.10 10.14 3152
 929 4753 3151 74 2 6.10 6.14 3152
 929 4657 3151 75 29 6.10 6.14 3152
 929 4641 3151 75 29 6.10 6.14 3152
 929 4625 3151 75 29 6.10 6.14 3152
 929 4609 3151 75 29 6.10 6.14 3152
 929 4593 3151 75 29 6.10 6.14 3152
 929 4577 3151 75 29 6.10 6.14 3152
 929 4561 3151 75 29 6.10 6.14 3152
 929 4545 3151 75 28 6.10 6.14 3152
 929 4529 3151 75 26 6.10 6.14 3152
 929 4689 3151 67 27 1.10 1.14 3152
 929 4657 3151 67 27 1.10 1.14 3152
 945 4705 3151 76 41 1300001.10 1300001.14 3152
 945 4721 3151 76 41 1300001.10 1300001.14 3152
 945 4737 3151 76 41 1300001.10 1300001.14 3152
 945 4689 3151 76 41 1300001.10 1300001.14 3152
 945 4673 3151 76 38 1300001.10 1300001.14 3152
 945 4705 3151 76 63 1200001.10 1199991.14 3152
 945 4721 3151 76 64 1200001.10 1199991.14 3152
 945 4737 3151 76 64 1200001.10 1199991.14 3152
 945 4289 3151 65 4 1400001.10 10.14 3152
 945 4305 3151 65 7 1400001.10 10.14 3152
 945 4321 3151 65 10 1400001.10 10.14 3152
 945 4753 3151 74 2 6.10 6.14 3152
 945 4529 3151 75 26 6.10 6.14 3152
 945 4657 3151 67 27 1.10 1.14 3152
 961 4705 3151 76 41 1300001.10 1300001.14 3152
 961 4721 3151 76 41 1300001.10 1300001.14 3152
 961 4737 3151 76 41 1300001.10 1300001.14 3152
 961 4689 3151 76 41 1300001.10 1300001.14 3152
 961 4673 3151 76 38 1300001.10 1300001.14 3152
 961 4289 3151 65 4 1400001.10 10.14 3152
 961 4305 3151 65 7 1400001.10 10.14 3152
 961 4321 3151 65 10 1400001.10 10.14 3152
 961 4753 3151 74 2 6.10 6.14 3152
 961 4529 3151 75 26 6.10 6.14 3152
 961 4657 3151 67 27 1.10 1.14 3152
 977 4705 3151 76 42 1300001.10 1300001.14 3152
 977 4721 3151 76 42 1300001.10 1300001.14 3152
 977 4737 3151 76 42 1300001.10 1300001.14 3152
 977 4689 3151 76 42 1300001.10 1300001.14 3152
 977 4673 3151 76 39 1300001.10 1300001.14 3152
 977 4289 3151 65 4 1400001.10 10.14 3152
 977 4305 3151 65 7 1400001.10 10.14 3152
 977 4321 3151 65 10 1400001.10 10.14 3152
 977 4753 3151 74 2 6.10 6.14 3152
 977 4529 3151 75 27 6.10 6.14 3152
 977 4657 3151 67 27 1.10 1.14 3152
 977 4721 3196 54 13 1.10 1.14 3197
 993 4289 3151 65 4 1400001.10 10.14 3152
 993 4305 3151 65 7 1400001.10 10.14 3152
 993 4321 3151 65 10 1400001.10 10.14 3152
 993 4753 3151 74 2 6.10 6.14 3152
 993 4545 3151 67 1 1.10 1.14 3152
 1009 4289 3151 65 4 1400001.10 10.14 3152
 1009 4305 3151 65 7 1400001.10 10.14 3152
 1009 4321 3151 65 10 1400001.10 10.14 3152
 1009 4753 3151 74 2 6.10 6.14 3152
 1009 4561 3151 67 1 1.10 1.14 3152
 1025 4289 3151 65 4 1400001.10 10.14 3152
 1025 4305 3151 65 7 1400001.10 10.14 3152
 1025 4321 3151 65 10 1400001.10 10.14 3152
 1025 4753 3151 74 4 6.10 6.14 3152
 1025 4705 3151 74 4 6.10 6.14 3152
 1025 4721 3151 74 4 6.10 6.14 3152
 1025 4737 3151 74 4 6.10 6.14 3152
 1025 4689 3151 74 1 6.10 6.14 3152
 1025 4577 3151 67 1 1.10 1.14 3152
 1041 4289 3151 65 4 1400001.10 10.14 3152
 1041 4305 3151 65 7 1400001.10 10.14 3152
 1041 4321 3151 65 10 1400001.10 10.14 3152
 1041 4753 3151 74 5 6.10 6.14 3152
 1041 4705 3151 74 5 6.10 6.14 3152
 1041 4721 3151 74 5 6.10 6.14 3152
 1041 4737 3151 74 5 6.10 6.14 3152
 1041 4689 3151 74 2 6.10 6.14 3152
 1057 4289 3151 65 4 1400001.10 10.14 3152
 1057 4305 3151 65 7 1400001.10 10.14 3152
 1057 4321 3151 65 10 1400001.10 10.14 3152
 1057 4753 3151 74 6 6.10 6.14 3152
 1057 4705 3151 74 6 6.10 6.14 3152
 1057 4721 3151 74 6 6.10 6.14 3152
 1057 4737 3151 74 6 6.10 6.14 3152
 1057 4689 3151 74 3 6.10 6.14 3152
 1073 4289 3151 65 4 1400001.10 10.14 3152
 1073 4305 3151 65 7 1400001.10 10.14 3152
 1073 4321 3151 65 13 1400001.10 10.14 3152
 1073 4337 3151 65 6 1400001.10 10.14 3152
 1073 4353 3151 65 9 1400001.10 10.14 3152
 1073 4577 3151 67 1 1.10 1.14 3152
 1089 4289 3151 65 4 1400001.10 10.14 3152
 1089 4305 3151 65 7 1400001.10 10.14 3152
 1089 4321 3151 65 7 1400001.10 10.14 3152
 1089 4337 3151 65 7 1400001.10 10.14 3152
 1089 4353 3151 65 10 1400001.10 10.14 3152
 1089 4305 3192 65 17 1.10 1.14 3193
 1089 4753 3151 73 4 1.10 -4.86 3152
 1089 4737 3151 73 1 1.10 -4.86 3152
 1105 4289 3151 65 4 1400001.10 10.14 3152
 1105 4305 3151 65 7 1400001.10 10.14 3152
 1105 4321 3151 65 7 1400001.10 10.14 3152
 1105 4337 3151 65 7 1400001.10 10.14 3152
 1105 4353 3151 65 10 1400001.10 10.14 3152
 1105 4753 3151 73 5 1.10 1.14 3152
 1105 4737 3151 73 2 1.10 -4.86 3152
 1105 4721 3151 58 1 1.10 -4.86 3152
 1121 4289 3151 65 4 1400001.10 10.14 3152
 1121 4305 3151 65 7 1400001.10 10.14 3152
 1121 4321 3151 65 7 1400001.10 10.14 3152
 1121 4337 3151 65 7 1400001.10 10.14 3152
 1121 4353 3151 65 10 1400001.10 10.14 3152
 1121 4753 3151 73 5 1.10 1.14 3152
 1121 4577 3151 67 1 1.10 1.14 3152
 1121 4737 3151 73 2 1.10 -4.86 3152
 1137 4289 3151 65 4 1400001.10 10.14 3152
 1137 4305 3151 65 7 1400001.10 10.14 3152
 1137 4321 3151 65 7 1400001.10 10.14 3152
 1137 4337 3151 65 7 1400001.10 10.14 3152
 1137 4353 3151 65 10 1400001.10 10.14 3152
 1137 4337 3192 65 17 1.10 1.14 3193
 1137 4753 3151 73 5 1.10 1.14 3152
 1137 4737 3151 73 2 1.10 -4.86 3152
 1153 4289 3151 65 4 1400001.10 10.14 3152
 1153 4305 3151 65 7 1400001.10 10.14 3152
 1153 4321 3151 65 7 1400001.10 10.14 3152
 1153 4337 3151 65 7 1400001.10 10.14 3152
 1153 4353 3151 65 10 1400001.10 10.14 3152
 1153 4753 3151 73 5 1.10 1.14 3152
 1153 4737 3151 73 2 1.10 -4.86 3152
 1169 4289 3151 65 4 1400001.10 10.14 3152
 1169 4305 3151 65 7 1400001.10 10.14 3152
 1169 4321 3151 65 7 1400001.10 10.14 3152
 1169 4337 3151 65 7 1400001.10 10.14 3152
 1169 4353 3151 65 10 1400001.10 10.14 3152
 1169 4513 3151 59 13 1.10 1.14 3152
 1169 4753 3151 73 5 1.10 1.14 3152
 1169 4721 3151 53 1 1.10 1.14 3152
 1169 4577 3151 67 1 1.10 1.14 3152
 1169 4737 3151 73 2 1.10 -4.86 3152
 1185 4289 3151 65 4 1400001.10 10.14 3152
 1185 4305 3151 65 7 1400001.10 10.14 3152
 1185 4321 3151 65 7 1400001.10 10.14 3152
 1185 4337 3151 65 7 1400001.10 10.14 3152
 1185 4353 3151 65 10 1400001.10 10.14 3152
 1185 4753 3151 73 5 1.10 1.14 3152
 1185 4737 3151 73 2 1.10 -4.86 3152
 1201 4289 3151 65 5 1400001.10 10.14 3152
 1201 4305 3151 65 8 1400001.10 10.14 3152
 1201 4321 3151 65 8 1400001.10 10.14 3152
 1201 4337 3151 65 8 1400001.10 10.14 3152
 1201 4353 3151 65 11 1400001.10 10.14 3152
 1201 4753 3151 73 5 1.10 1.14 3152
 1201 4737 3151 73 2 1.10 -4.86 3152
 1217 4337 3151 61 1 1.10 1.14 3152
 1217 4753 3151 73 5 1.10 1.14 3152
 1217 4721 3151 53 1 1.10 1.14 3152
 1217 4737 3151 73 2 1.10 -4.86 3152
 1233 4337 3151 61 1 1.10 1.14 3152
 1233 4753 3151 73 5 1.10 1.14 3152
 1233 4737 3151 73 2 1.10 -4.86 3152
 1249 4337 3151 61 1 1.10 1.14 3152
 1249 4753 3151 73 5 1.10 1.14 3152
 1249 4737 3151 73 2 1.10 -4.86 3152
 1265 4337 3151 61 1 1.10 1.14 3152
 1265 4753 3151 73 5 1.10 1.14 3152
 1265 4721 3151 53 2 1.10 1.14 3152
 1265 4737 3151 73 2 1.10 -4.86 3152
 1281 4337 3151 61 1 1.10 1.14 3152
 1281 4753 3151 73 5 1.10 1.14 3152
 1281 4737 3151 73 2 1.10 -4.86 3152
 1297 4257 3151 59 14 1.10 1.14 3152
 1297 4337 3151 61 1 1.10 1.14 3152
 1297 4753 3151 73 5 1.10 1.14 3152
 1297 4673 3151 59 1 1.10 1.14 3152
 1297 4737 3151 73 2 1.10 -4.86 3152
 1313 4721 3151 75 4 6.10 6.14 3152
 1313 4705 3151 75 4 6.10 6.14 3152
 1313 4689 3151 75 4 6.10 6.14 3152
 1313 4673 3151 75 1 6.10 6.14 3152
 1313 4753 3151 73 5 1.10 1.14 3152
 1313 4737 3151 73 2 1.10 -4.86 3152
 1329 4721 3151 75 5 6.10 6.14 3152
 1329 4705 3151 75 5 6.10 6.14 3152
 1329 4689 3151 75 5 6.10 6.14 3152
 1329 4673 3151 75 2 6.10 6.14 3152
 1329 4753 3151 73 5 1.10 1.14 3152
 1329 4737 3151 73 2 1.10 -4.86 3152
 1345 4721 3151 75 5 6.10 6.14 3152
 1345 4705 3151 75 5 6.10 6.14 3152
 1345 4689 3151 75 5 6.10 6.14 3152
 1345 4673 3151 75 2 6.10 6.14 3152
 1345 4753 3151 73 5 1.10 1.14 3152
 1345 4737 3151 73 2 1.10 -4.86 3152
 1361 4721 3151 75 5 6.10 6.14 3152
 1361 4705 3151 75 5 6.10 6.14 3152
 1361 4689 3151 75 5 6.10 6.14 3152
 1361 4673 3151 75 2 6.10 6.14 3152
 1361 4753 3151 73 5 1.10 1.14 3152
 1361 4641 3192 53 6 1.10 1.14 3193
 1361 4737 3151 73 2 1.10 -4.86 3152
 1377 4721 3151 75 5 6.10 6.14 3152
 1377 4705 3151 75 5 6.10 6.14 3152
 1377 4689 3151 75 5 6.10 6.14 3152
 1377 4673 3151 75 2 6.10 6.14 3152
 1377 4753 3151 73 5 1.10 1.14 3152
 1377 4737 3151 73 2 1.10 -4.86 3152
 1393 4721 3151 75 6 6.10 6.14 3152
 1393 4705 3151 75 6 6.10 6.14 3152
 1393 4689 3151 75 6 6.10 6.14 3152
 1393 4673 3151 75 3 6.10 6.14 3152
 1393 4753 3151 73 5 1.10 1.14 3152
 1393 4737 3151 73 2 1.10 -4.86 3152
 1409 4753 3151 73 5 1.10 1.14 3152
 1409 4673 3151 59 19 1.10 1.14 3152
 1409 4737 3151 73 2 1.10 -4.86 3152
 1425 4753 3151 73 5 1.10 1.14 3152
 1425 4737 3151 73 2 1.10 -4.86 3152
 1441 4753 3151 73 5 1.10 1.14 3152
 1441 4737 3151 73 2 1.10 -4.86 3152
 1457 4753 3151 73 5 1.10 1.14 3152
 1457 4737 3151 73 2 1.10 -4.86 3152
 1473 4721 3151 75 4 6.10 6.14 3152
 1473 4705 3151 75 4 6.10 6.14 3152
 1473 4689 3151 75 4 6.10 6.14 3152
 1473 4673 3151 75 4 6.10 6.14 3152
 1473 4625 3151 75 1 6.10 6.14 3152
 1473 4641 3151 75 4 6.10 6.14 3152
 1473 4657 3151 75 4 6.10 6.14 3152
 1473 4753 3151 73 5 1.10 1.14 3152
 1473 4737 3151 73 2 1.10 -4.86 3152
 1489 4721 3151 75 5 6.10 6.14 3152
 1489 4705 3151 75 5 6.10 6.14 3152
 1489 4625 3151 75 2 6.10 6.14 3152
 1489 4641 3151 75 5 6.10 6.14 3152
 1489 4657 3151 75 5 6.10 6.14 3152
 1489 4673 3151 75 5 6.10 6.14 3152
 1489 4689 3151 75 5 6.10 6.14 3152
 1489 4753 3151 73 5 1.10 1.14 3152
 1489 4705 3192 53 5 1.10 1.14 3193
 1489 4609 3694 54 5 1.10 1.14 3695
 1489 4737 3151 73 2 1.10 -4.86 3152
 1505 4721 3151 75 5 6.10 6.14 3152
 1505 4625 3151 75 2 6.10 6.14 3152
 1505 4641 3151 75 5 6.10 6.14 3152
 1505 4657 3151 75 5 6.10 6.14 3152
 1505 4673 3151 75 5 6.10 6.14 3152
 1505 4689 3151 75 5 6.10 6.14 3152
 1505 4705 3151 75 5 6.10 6.14 3152
 1505 4753 3151 73 5 1.10 1.14 3152
 1505 4737 3151 73 2 1.10 -4.86 3152
 1521 4721 3151 75 6 6.10 6.14 3152
 1521 4625 3151 75 3 6.10 6.14 3152
 1521 4641 3151 75 6 6.10 6.14 3152
 1521 4657 3151 75 6 6.10 6.14 3152
 1521 4673 3151 75 6 6.10 6.14 3152
 1521 4689 3151 75 6 6.10 6.14 3152
 1521 4705 3151 75 6 6.10 6.14 3152
 1521 4753 3151 73 5 1.10 1.14 3152
 1521 4737 3151 73 2 1.10 -4.86 3152
 1537 4753 3151 73 5 1.10 1.14 3152
 1537 4737 3151 73 2 1.10 -4.86 3152
 1553 4753 3151 73 5 1.10 1.14 3152
 1553 4721 3151 58 1 1.10 -4.86 3152
 1553 4737 3151 73 2 1.10 -4.86 3152
 1569 4753 3151 73 6 1.10 -4.86 3152
 1569 4705 3151 58 1 1.10 -4.86 3152
 1569 4721 3151 58 1 1.10 -4.86 3152
 1569 4737 3151 73 3 1.10 -4.86 3152
 1585 4753 3694 69 2 1.10 -4.86 3695
 1585 4737 3694 69 2 1.10 -4.86 3695
 1585 4721 3694 69 1 1.10 -4.86 3695
 1601 4657 3151 67 1 1.10 1.14 3152
 1617 4705 3151 64 1 6.10 6.14 3152
 1617 4721 3151 64 4 6.10 6.14 3152
 1617 4753 3151 58 1 1.10 -4.86 3152
 1617 4737 3151 58 1 1.10 -4.86 3152
 1633 4737 3151 4 1 1400001.10 1400001.14 3152
 1633 4705 3151 64 1 6.10 6.14 3152
 1633 4721 3151 64 4 6.10 6.14 3152
 1633 4753 3151 58 1 1.10 -4.86 3152
 1649 4753 3151 4 2 1400001.10 1400001.14 3152
 1649 4737 3151 4 1 1400001.10 1400001.14 3152
 1649 4705 3151 64 1 6.10 6.14 3152
 1649 4721 3151 64 4 6.10 6.14 3152
 1649 4625 3151 67 1 1.10 1.14 3152
 1665 4753 3151 4 2 1400001.10 1400001.14 3152
 1665 4737 3151 4 1 1400001.10 1400001.14 3152
 1665 4705 3151 64 1 6.10 6.14 3152
 1665 4721 3151 64 4 6.10 6.14 3152
 1681 4753 3151 4 2 1400001.10 1400001.14 3152
 1681 4737 3151 4 1 1400001.10 1400001.14 3152
 1681 4705 3151 64 1 6.10 6.14 3152
 1681 4721 3151 64 4 6.10 6.14 3152
 1697 4753 3151 4 2 1400001.10 1400001.14 3152
 1697 4737 3151 4 1 1400001.10 1400001.14 3152
 1697 4705 3151 64 1 6.10 6.14 3152
 1697 4721 3151 64 4 6.10 6.14 3152
 1697 4657 3151 67 1 1.10 1.14 3152
 1713 4753 3151 4 2 1400001.10 1400001.14 3152
 1713 4737 3151 4 1 1400001.10 1400001.14 3152
 1713 4705 3151 64 1 6.10 6.14 3152
 1713 4721 3151 64 4 6.10 6.14 3152
 1729 4753 3151 4 2 1400001.10 1400001.14 3152
 1729 4737 3151 4 1 1400001.10 1400001.14 3152
 1729 4705 3151 64 1 6.10 6.14 3152
 1729 4721 3151 64 4 6.10 6.14 3152
 1729 4737 3151 4 7 1.10 1.14 3152
 1745 4753 3151 4 2 1400001.10 1400001.14 3152
 1745 4737 3151 4 1 1400001.10 1400001.14 3152
 1745 4705 3151 64 1 6.10 6.14 3152
 1745 4721 3151 64 4 6.10 6.14 3152
 1745 4625 3151 67 1 1.10 1.14 3152
 1761 4753 3151 4 2 1400001.10 1400001.14 3152
 1761 4737 3151 4 1 1400001.10 1400001.14 3152
 1761 4705 3151 64 1 6.10 6.14 3152
 1761 4721 3151 64 4 6.10 6.14 3152
 1777 4753 3151 4 2 1400001.10 1400001.14 3152
 1777 4737 3151 4 1 1400001.10 1400001.14 3152
 1777 4721 3151 64 4 6.10 6.14 3152
 1777 4705 3151 64 1 6.10 6.14 3152
 1793 4737 3151 4 1 1400001.10 1400001.14 3152
 1793 4721 3151 64 4 6.10 6.14 3152
 1793 4705 3151 64 1 6.10 6.14 3152
 1793 4657 3151 67 1 1.10 1.14 3152
 1793 4753 3151 58 1 1.10 -4.86 3152
 1809 4721 3151 64 4 6.10 6.14 3152
 1809 4705 3151 64 1 6.10 6.14 3152
 1809 4753 3151 58 1 1.10 -4.86 3152
 1809 4737 3151 58 1 1.10 -4.86 3152
 1825 4657 3196 55 19 1.10 1.14 3197
 1825 4753 3694 69 2 1.10 -4.86 3695
 1825 4737 3694 69 2 1.10 -4.86 3695
 1825 4721 3694 69 2 1.10 -4.86 3695
 1825 4705 3694 69 2 1.10 -4.86 3695
 1825 4689 3694 69 1 1.10 -4.86 3695
 1857 4753 3151 74 24 1.10 1.14 3152
 1857 4737 3151 74 21 1.10 1.14 3152
 1857 4721 3151 74 21 1.10 1.14 3152
 1857 4705 3151 74 18 1.10 1.14 3152
 1873 4753 3151 74 24 1.10 1.14 3152
 1873 4737 3151 74 21 1.10 1.14 3152
 1873 4721 3151 74 21 1.10 1.14 3152
 1873 4705 3151 74 18 1.10 1.14 3152
 1873 4689 3151 67 18 1.10 1.14 3152
 1889 4753 3151 74 24 1.10 1.14 3152
 1889 4737 3151 74 21 1.10 1.14 3152
 1889 4721 3151 74 21 1.10 1.14 3152
 1889 4705 3151 74 33 1.10 1.14 3152
 1905 4753 3151 74 24 1.10 1.14 3152
 1905 4737 3151 74 21 1.10 1.14 3152
 1905 4721 3151 74 21 1.10 1.14 3152
 1905 4705 3151 74 34 1.10 1.14 3152
 1921 4753 3151 74 24 1.10 1.14 3152
 1921 4737 3151 74 21 1.10 1.14 3152
 1921 4721 3151 74 30 1.10 1.14 3152
 1937 4753 3151 74 24 1.10 1.14 3152
 1937 4737 3151 74 18 1.10 1.14 3152
 1937 4721 3151 67 18 1.10 1.14 3152
 1953 4753 3151 74 24 1.10 1.14 3152
 1953 4737 3151 74 18 1.10 1.14 3152
 1969 4753 3151 74 24 1.10 1.14 3152
 1969 4737 3151 74 18 1.10 1.14 3152
 1969 4721 3151 54 2 1.10 1.14 3152
 1985 4753 3151 74 24 1.10 1.14 3152
 1985 4737 3151 74 18 1.10 1.14 3152
 2001 4753 3151 74 24 1.10 1.14 3152
 2001 4737 3151 74 18 1.10 1.14 3152
 2001 4721 3151 67 20 1.10 1.14 3152
 2017 4753 3151 74 24 1.10 1.14 3152
 2017 4737 3151 74 18 1.10 1.14 3152
 2033 4753 3151 74 24 1.10 1.14 3152
 2033 4737 3151 74 21 1.10 1.14 3152
 2033 4721 3151 74 31 1.10 1.14 3152
 2049 4753 3151 74 24 1.10 1.14 3152
 2049 4737 3151 74 21 1.10 1.14 3152
 2049 4721 3151 74 32 1.10 1.14 3152
 2065 4753 3151 74 24 1.10 1.14 3152
 2065 4737 3151 74 21 1.10 1.14 3152
 2065 4721 3151 74 21 1.10 1.14 3152
 2065 4705 3151 74 29 1.10 1.14 3152
 2065 4673 3192 54 1 1.10 1.14 3193
 2081 4753 3151 74 24 1.10 1.14 3152
 2081 4737 3151 74 21 1.10 1.14 3152
 2081 4721 3151 74 21 1.10 1.14 3152
 2081 4705 3151 74 21 1.10 1.14 3152
 2081 4689 3151 74 29 1.10 1.14 3152
 2097 4753 3151 74 24 1.10 1.14 3152
 2097 4737 3151 74 21 1.10 1.14 3152
 2097 4721 3151 74 21 1.10 1.14 3152
 2097 4705 3151 74 21 1.10 1.14 3152
 2097 4673 3151 74 31 1.10 1.14 3152
 2097 4689 3151 74 21 1.10 1.14 3152
 2113 4753 3151 74 24 1.10 1.14 3152
 2113 4737 3151 74 21 1.10 1.14 3152
 2113 4721 3151 74 21 1.10 1.14 3152
 2113 4705 3151 74 21 1.10 1.14 3152
 2113 4673 3151 74 32 1.10 1.14 3152
 2113 4689 3151 74 21 1.10 1.14 3152
 2129 4753 3151 74 24 1.10 1.14 3152
 2129 4737 3151 74 21 1.10 1.14 3152
 2129 4721 3151 74 21 1.10 1.14 3152
 2129 4705 3151 74 21 1.10 1.14 3152
 2129 4673 3151 74 33 1.10 1.14 3152
 2129 4689 3151 74 21 1.10 1.14 3152
 2145 4753 3151 74 24 1.10 1.14 3152
 2145 4737 3151 74 21 1.10 1.14 3152
 2145 4721 3151 74 21 1.10 1.14 3152
 2145 4705 3151 74 21 1.10 1.14 3152
 2145 4673 3151 74 34 1.10 1.14 3152
 2145 4689 3151 74 21 1.10 1.14 3152
 2161 4753 3151 74 24 1.10 1.14 3152
 2161 4737 3151 74 21 1.10 1.14 3152
 2161 4721 3151 74 21 1.10 1.14 3152
 2161 4705 3151 74 21 1.10 1.14 3152
 2161 4689 3151 74 30 1.10 1.14 3152
 2177 4753 3151 74 24 1.10 1.14 3152
 2177 4737 3151 74 21 1.10 1.14 3152
 2177 4721 3151 74 21 1.10 1.14 3152
 2177 4705 3151 74 30 1.10 1.14 3152
 2193 4753 3151 74 24 1.10 1.14 3152
 2193 4737 3151 74 21 1.10 1.14 3152
 2193 4721 3151 74 33 1.10 1.14 3152
 2209 4753 3151 74 24 1.10 1.14 3152
 2209 4721 3151 74 34 1.10 1.14 3152
 2209 4737 3151 74 21 1.10 1.14 3152
 2225 4753 3151 74 24 1.10 1.14 3152
 2225 4737 3151 74 18 1.10 1.14 3152
 2241 4753 3151 74 24 1.10 1.14 3152
 2241 4721 3151 67 22 1.10 1.14 3152
 2241 4737 3151 74 18 1.10 1.14 3152
 2257 4753 3151 74 24 1.10 1.14 3152
 2257 4737 3151 74 18 1.10 1.14 3152
 2273 4753 3151 74 24 1.10 1.14 3152
 2273 4737 3151 74 18 1.10 1.14 3152
 2289 4753 3151 74 24 1.10 1.14 3152
 2289 4737 3151 74 18 1.10 1.14 3152
 2305 4753 3151 74 24 1.10 1.14 3152
 2305 4737 3151 74 18 1.10 1.14 3152
 2305 4705 3192 54 1 1.10 1.14 3193
 2321 4753 3151 74 24 1.10 1.14 3152
 2321 4737 3151 74 18 1.10 1.14 3152
 2337 4753 3151 74 24 1.10 1.14 3152
 2337 4737 3151 74 18 1.10 1.14 3152
 2337 4721 3151 67 18 1.10 1.14 3152
 2353 4753 3151 74 24 1.10 1.14 3152
 2353 4737 3151 74 18 1.10 1.14 3152
 2369 4753 3694 69 2 1.10 -4.86 3695
 2369 4737 3694 69 2 1.10 -4.86 3695
 2369 4721 3694 69 1 1.10 -4.86 3695
 2401 4625 3151 60 4 1.10 1.14 3152
 2401 4689 3151 60 1 1.10 1.14 3152
 2401 4753 3151 58 1 1.10 -4.86 3152
 2417 4625 3151 60 1 1.10 1.14 3152
 2417 4689 3151 60 3 1.10 1.14 3152
 2417 4753 3151 58 1 1.10 -4.86 3152
 2433 4625 3151 60 1 1.10 1.14 3152
 2433 4689 3151 60 1 1.10 1.14 3152
 2433 4753 3151 58 1 1.10 -4.86 3152
 2449 4753 3694 69 2 1.10 -4.86 3695
 2449 4737 3694 69 2 1.10 -4.86 3695
 2449 4721 3694 69 1 1.10 -4.86 3695
 2481 4753 3151 74 4 6.10 6.14 3152
 2481 4737 3151 74 1 6.10 6.14 3152
 2481 4689 3151 79 30 4.10 4.14 0
 2497 4753 3151 74 5 6.10 6.14 3152
 2497 4737 3151 74 2 6.10 6.14 3152
 2497 4721 3151 79 36 4.10 4.14 0
 2497 4689 3151 79 31 4.10 4.14 0
 2497 4705 3151 79 36 4.10 4.14 0
 2513 4753 3151 74 5 6.10 6.14 3152
 2513 4737 3151 74 2 6.10 6.14 3152
 2513 4689 3151 79 32 4.10 4.14 0
 2529 4753 3151 74 5 6.10 6.14 3152
 2529 4737 3151 74 2 6.10 6.14 3152
 2529 4721 3151 75 4 6.10 6.14 3152
 2529 4657 3151 75 1 6.10 6.14 3152
 2529 4673 3151 75 4 6.10 6.14 3152
 2529 4689 3151 75 4 6.10 6.14 3152
 2529 4705 3151 75 4 6.10 6.14 3152
 2545 4753 3151 74 5 6.10 6.14 3152
 2545 4737 3151 74 2 6.10 6.14 3152
 2545 4721 3151 75 5 6.10 6.14 3152
 2545 4657 3151 75 2 6.10 6.14 3152
 2545 4673 3151 75 5 6.10 6.14 3152
 2545 4689 3151 75 5 6.10 6.14 3152
 2545 4705 3151 75 5 6.10 6.14 3152
 2561 4753 3151 74 5 6.10 6.14 3152
 2561 4737 3151 74 2 6.10 6.14 3152
 2561 4721 3151 75 5 6.10 6.14 3152
 2561 4657 3151 75 2 6.10 6.14 3152
 2561 4673 3151 75 5 6.10 6.14 3152
 2561 4689 3151 75 5 6.10 6.14 3152
 2561 4705 3151 75 5 6.10 6.14 3152
 2577 4753 3151 74 5 6.10 6.14 3152
 2577 4737 3151 74 2 6.10 6.14 3152
 2577 4721 3151 75 5 6.10 6.14 3152
 2577 4657 3151 75 2 6.10 6.14 3152
 2577 4673 3151 75 5 6.10 6.14 3152
 2577 4689 3151 75 5 6.10 6.14 3152
 2577 4705 3151 75 5 6.10 6.14 3152
 2593 4753 3151 74 5 6.10 6.14 3152
 2593 4737 3151 74 2 6.10 6.14 3152
 2593 4721 3151 75 6 6.10 6.14 3152
 2593 4657 3151 75 3 6.10 6.14 3152
 2593 4673 3151 75 6 6.10 6.14 3152
 2593 4689 3151 75 6 6.10 6.14 3152
 2593 4705 3151 75 6 6.10 6.14 3152
 2609 4753 3151 74 5 6.10 6.14 3152
 2609 4737 3151 74 2 6.10 6.14 3152
 2625 4753 3151 74 5 6.10 6.14 3152
 2625 4737 3151 74 2 6.10 6.14 3152
 2625 4689 3151 79 30 4.10 4.14 0
 2641 4753 3151 74 5 6.10 6.14 3152
 2641 4737 3151 74 2 6.10 6.14 3152
 2641 4721 3151 79 36 4.10 4.14 0
 2641 4689 3151 79 31 4.10 4.14 0
 2641 4705 3151 79 36 4.10 4.14 0
 2641 4721 3151 53 2 1.10 1.14 3152
 2641 4657 3151 59 1 1.10 1.14 3152
 2657 4753 3151 74 5 6.10 6.14 3152
 2657 4737 3151 74 2 6.10 6.14 3152
 2657 4689 3151 79 32 4.10 4.14 0
 2673 4721 3151 78 11 1100001.10 1100001.14 3152
 2673 4689 3151 78 9 1100001.10 1100001.14 3152
 2673 4705 3151 78 11 1100001.10 1100001.14 3152
 2673 4753 3151 74 5 6.10 6.14 3152
 2673 4737 3151 74 2 6.10 6.14 3152
 2689 4721 3151 78 11 1100001.10 1100001.14 3152
 2689 4689 3151 78 10 1100001.10 1100001.14 3152
 2689 4705 3151 78 13 1100001.10 1100001.14 3152
 2689 4753 3151 74 5 6.10 6.14 3152
 2689 4737 3151 74 2 6.10 6.14 3152
 2689 4657 3151 59 1 1.10 1.14 3152
 2705 4721 3151 78 12 1100001.10 1100001.14 3152
 2705 4673 3151 78 9 1100001.10 1100001.14 3152
 2705 4689 3151 78 11 1100001.10 1100001.14 3152
 2705 4705 3151 78 14 1100001.10 1100001.14 3152
 2705 4753 3151 74 5 6.10 6.14 3152
 2705 4737 3151 74 2 6.10 6.14 3152
 2705 4721 3151 53 2 1.10 1.14 3152
 2721 4721 3151 78 12 1100001.10 1100001.14 3152
 2721 4673 3151 78 10 1100001.10 1100001.14 3152
 2721 4689 3151 78 12 1100001.10 1100001.14 3152
 2721 4705 3151 78 12 1100001.10 1100001.14 3152
 2721 4753 3151 74 5 6.10 6.14 3152
 2721 4737 3151 74 2 6.10 6.14 3152
 2737 4753 3151 74 5 6.10 6.14 3152
 2737 4737 3151 74 2 6.10 6.14 3152
 2753 4753 3151 74 5 6.10 6.14 3152
 2753 4737 3151 74 2 6.10 6.14 3152
 2769 4753 3151 74 5 6.10 6.14 3152
 2769 4737 3151 74 2 6.10 6.14 3152
 2785 4577 3645 68 1 1.10 11.14 3646
 2785 4753 3151 74 5 6.10 6.14 3152
 2785 4737 3151 74 2 6.10 6.14 3152
 2801 4753 3151 74 5 6.10 6.14 3152
 2801 4737 3151 74 2 6.10 6.14 3152
 2817 4753 3151 74 5 6.10 6.14 3152
 2817 4737 3151 74 2 6.10 6.14 3152
 2833 4753 3151 74 5 6.10 6.14 3152
 2833 4737 3151 74 2 6.10 6.14 3152
 2849 4753 3151 74 5 6.10 6.14 3152
 2849 4737 3151 74 2 6.10 6.14 3152
 2865 4641 3195 68 2 1.10 11.14 3196
 2865 4753 3151 74 5 6.10 6.14 3152
 2865 4737 3151 74 2 6.10 6.14 3152
 2881 4753 3151 74 5 6.10 6.14 3152
 2881 4737 3151 74 2 6.10 6.14 3152
 2897 4753 3151 74 5 6.10 6.14 3152
 2897 4737 3151 74 2 6.10 6.14 3152
 2913 4753 3151 74 5 6.10 6.14 3152
 2913 4737 3151 74 2 6.10 6.14 3152
 2929 4737 3151 74 2 6.10 6.14 3152
 2929 4753 3151 74 5 6.10 6.14 3152
 2945 4737 3151 74 2 6.10 6.14 3152
 2945 4753 3151 74 5 6.10 6.14 3152
 2961 4737 3151 74 2 6.10 6.14 3152
 2961 4753 3151 74 5 6.10 6.14 3152
 2977 4737 3151 74 2 6.10 6.14 3152
 2977 4753 3151 74 5 6.10 6.14 3152
 2993 4737 3151 74 2 6.10 6.14 3152
 2993 4753 3151 74 5 6.10 6.14 3152
 3009 4737 3151 74 2 6.10 6.14 3152
 3009 4753 3151 74 5 6.10 6.14 3152
 3025 4657 3151 81 1 -999998.90 -18.86 3152
