 -10 1243 684 0.42 2 1 1 2 1 2 2 301 0.42 1
-1
-1
-1
-1
-1
-1
-1
-1
-1
-1
-1
-1
-1
-1
-1
-1
-1
-1
-1
-1
-1
-1
y0
Castle
 1 4753 3151 87 1 1.10 1.14 3152
 1 4737 3151 87 1 1.10 1.14 3152
 1 4721 3151 87 1 1.10 1.14 3152
 1 4657 3151 87 1 1.10 1.14 3152
 1 4705 3151 87 1 1.10 1.14 3152
 1 4673 3192 69 16 1.10 -4.86 3193
 17 4753 3151 87 1 1.10 1.14 3152
 17 4737 3151 87 1 1.10 1.14 3152
 17 4705 3151 87 1 1.10 1.14 3152
 17 4721 3151 87 1 1.10 1.14 3152
 17 4657 3151 87 1 1.10 1.14 3152
 17 4673 3192 69 16 1.10 -4.86 3193
 33 4721 3151 87 1 1.10 1.14 3152
 33 4737 3151 87 1 1.10 1.14 3152
 33 4657 3151 87 1 1.10 1.14 3152
 33 4753 3151 87 1 1.10 1.14 3152
 33 4673 3192 69 16 1.10 -4.86 3193
 49 4737 3151 87 1 1.10 1.14 3152
 49 4641 3151 87 1 1.10 1.14 3152
 49 4657 3151 87 1 1.10 1.14 3152
 49 4753 3151 87 1 1.10 1.14 3152
 49 4673 3192 69 16 1.10 -4.86 3193
 65 4737 3151 87 1 1.10 1.14 3152
 65 4657 3151 87 1 1.10 1.14 3152
 65 4753 3151 87 1 1.10 1.14 3152
 65 4673 3192 69 16 1.10 -4.86 3193
 81 4737 3151 87 1 1.10 1.14 3152
 81 4753 3151 87 1 1.10 1.14 3152
 81 4673 3192 69 16 1.10 -4.86 3193
 97 4705 3151 87 1 1.10 1.14 3152
 97 4721 3151 87 1 1.10 1.14 3152
 97 4737 3151 87 1 1.10 1.14 3152
 97 4753 3151 87 1 1.10 1.14 3152
 97 4673 3192 70 31 1.10 -5.86 3193 1
 113 4721 3151 87 1 1.10 1.14 3152
 113 4705 3151 87 1 1.10 1.14 3152
 113 4737 3151 87 1 1.10 1.14 3152
 113 4753 3151 87 1 1.10 1.14 3152
 113 4673 3192 69 15 1.10 -4.86 3193
 129 4753 3151 87 1 1.10 1.14 3152
 129 4737 3151 87 1 1.10 1.14 3152
 129 4721 3151 87 1 1.10 1.14 3152
 145 4753 3151 87 1 1.10 1.14 3152
 145 4737 3151 87 1 1.10 1.14 3152
 145 4721 3151 87 1 1.10 1.14 3152
 161 4753 3151 87 1 1.10 1.14 3152
 161 4737 3151 87 1 1.10 1.14 3152
 161 4721 3151 87 1 1.10 1.14 3152
 177 4753 3151 87 1 1.10 1.14 3152
 177 4737 3151 87 1 1.10 1.14 3152
 193 4753 3151 87 1 1.10 1.14 3152
 193 4737 3151 87 1 1.10 1.14 3152
 193 4641 3151 59 3 1.10 1.14 3152
 209 4753 3151 87 1 1.10 1.14 3152
 209 4737 3151 87 1 1.10 1.14 3152
 225 4753 3151 87 1 1.10 1.14 3152
 225 4737 3151 87 1 1.10 1.14 3152
 225 4721 3151 87 1 1.10 1.14 3152
 241 4753 3151 87 1 1.10 1.14 3152
 241 4737 3151 87 1 1.10 1.14 3152
 241 4721 3151 87 1 1.10 1.14 3152
 241 4705 3151 87 1 1.10 1.14 3152
 241 4689 3151 87 1 1.10 1.14 3152
 257 4753 3151 87 1 1.10 1.14 3152
 257 4737 3151 87 1 1.10 1.14 3152
 257 4721 3151 87 1 1.10 1.14 3152
 257 4705 3151 87 1 1.10 1.14 3152
 273 4721 3151 87 1 1.10 1.14 3152
 273 4737 3151 87 1 1.10 1.14 3152
 273 4753 3151 87 1 1.10 1.14 3152
 289 4721 3151 63 1 1.10 1.14 3152
 289 4737 3151 87 1 1.10 1.14 3152
 289 4753 3151 87 1 1.10 1.14 3152
 305 4721 3151 63 1 1.10 1.14 3152
 305 4737 3151 87 1 1.10 1.14 3152
 321 4721 3151 63 1 1.10 1.14 3152
 321 4737 3151 87 1 1.10 1.14 3152
 337 4721 3151 87 1 1.10 1.14 3152
 337 4737 3151 87 1 1.10 1.14 3152
 337 4753 3151 87 1 1.10 1.14 3152
 353 4737 3151 87 1 1.10 1.14 3152
 353 4753 3151 87 1 1.10 1.14 3152
 369 4721 3151 56 8 1.10 1.14 3152
 369 4737 3151 87 1 1.10 1.14 3152
 369 4753 3151 87 1 1.10 1.14 3152
 385 4737 3151 87 1 1.10 1.14 3152
 385 4753 3151 87 1 1.10 1.14 3152
 401 4737 3151 87 1 1.10 1.14 3152
 401 4753 3151 87 1 1.10 1.14 3152
 417 4705 3151 63 1 1.10 1.14 3152
 417 4721 3151 87 1 1.10 1.14 3152
 417 4737 3151 87 1 1.10 1.14 3152
 433 4705 3151 63 1 1.10 1.14 3152
 433 4721 3151 87 1 1.10 1.14 3152
 433 4737 3151 87 1 1.10 1.14 3152
 433 4753 3151 87 1 1.10 1.14 3152
 449 4737 3151 87 1 1.10 1.14 3152
 449 4753 3151 87 1 1.10 1.14 3152
 465 4721 3151 87 1 1.10 1.14 3152
 465 4737 3151 87 1 1.10 1.14 3152
 481 4721 3151 87 1 1.10 1.14 3152
 481 4737 3151 87 1 1.10 1.14 3152
 481 4753 3151 87 1 1.10 1.14 3152
 497 4737 3151 87 1 1.10 1.14 3152
 497 4753 3151 87 1 1.10 1.14 3152
 513 4737 3151 87 1 1.10 1.14 3152
 529 4737 3151 87 1 1.10 1.14 3152
 529 4753 3151 87 1 1.10 1.14 3152
 545 4737 3151 87 1 1.10 1.14 3152
 561 4721 3151 63 4 1.10 1.14 3152
 561 4737 3151 87 1 1.10 1.14 3152
 561 4753 3151 87 1 1.10 1.14 3152
 577 4705 3151 63 1 1.10 1.14 3152
 577 4721 3151 87 1 1.10 1.14 3152
 577 4737 3151 87 1 1.10 1.14 3152
 577 4753 3151 87 1 1.10 1.14 3152
 593 4737 3151 87 1 1.10 1.14 3152
 593 4721 3151 63 2 1.10 1.14 3152
 609 4737 3151 87 1 1.10 1.14 3152
 625 4753 3151 87 1 1.10 1.14 3152
 625 4737 3151 87 1 1.10 1.14 3152
 641 4737 3151 87 1 1.10 1.14 3152
 641 4721 3151 87 1 1.10 1.14 3152
 657 4657 3151 59 1 1.10 1.14 3152
 657 4753 3151 87 1 1.10 1.14 3152
 657 4737 3151 87 1 1.10 1.14 3152
 657 4721 3151 87 1 1.10 1.14 3152
 673 4753 3151 87 1 1.10 1.14 3152
 673 4737 3151 87 1 1.10 1.14 3152
 689 4737 3151 87 1 1.10 1.14 3152
 705 4753 3151 87 1 1.10 1.14 3152
 705 4737 3151 87 1 1.10 1.14 3152
 705 4721 3151 87 1 1.10 1.14 3152
 721 4705 3151 87 1 1.10 1.14 3152
 737 4737 3151 87 1 1.10 1.14 3152
 737 4721 3151 87 1 1.10 1.14 3152
 737 4705 3151 87 1 1.10 1.14 3152
 737 4689 3151 87 1 1.10 1.14 3152
 737 4673 3151 63 1 1.10 1.14 3152
 737 4753 3151 87 1 1.10 1.14 3152
 753 4689 3151 87 1 1.10 1.14 3152
 753 4673 3151 87 1 1.10 1.14 3152
 769 4657 3151 87 1 1.10 1.14 3152
 769 4673 3151 87 1 1.10 1.14 3152
 785 4657 3151 87 1 1.10 1.14 3152
 785 4577 3151 59 1 1.10 1.14 3152
 785 4673 3151 87 1 1.10 1.14 3152
 801 4737 3151 87 1 1.10 1.14 3152
 801 4721 3151 87 1 1.10 1.14 3152
 801 4705 3151 87 1 1.10 1.14 3152
 801 4689 3151 87 1 1.10 1.14 3152
 801 4673 3151 63 1 1.10 1.14 3152
 801 4753 3151 87 1 1.10 1.14 3152
 817 4737 3151 63 2 1.10 1.14 3152
 817 4705 3151 63 2 1.10 1.14 3152
 865 4737 3151 87 1 1.10 1.14 3152
 865 4721 3151 87 1 1.10 1.14 3152
 865 4705 3151 87 1 1.10 1.14 3152
 865 4689 3151 87 1 1.10 1.14 3152
 865 4753 3151 87 1 1.10 1.14 3152
 881 4593 3151 59 1 1.10 1.14 3152
 881 4737 3151 87 1 1.10 1.14 3152
 881 4705 3151 87 1 1.10 1.14 3152
 881 4689 3151 87 1 1.10 1.14 3152
 881 4673 3151 87 1 1.10 1.14 3152
 881 4753 3151 87 1 1.10 1.14 3152
 897 4705 3151 87 1 1.10 1.14 3152
 897 4689 3151 87 1 1.10 1.14 3152
 897 4673 3151 63 1 1.10 1.14 3152
 913 4689 3151 87 1 1.10 1.14 3152
 961 4737 3151 87 1 1.10 1.14 3152
 961 4721 3151 87 1 1.10 1.14 3152
 977 4641 3151 59 3 1.10 1.14 3152
 977 4737 3151 87 1 1.10 1.14 3152
 977 4721 3151 87 1 1.10 1.14 3152
 977 4753 3151 87 1 1.10 1.14 3152
 993 4737 3151 87 1 1.10 1.14 3152
 993 4721 3151 87 1 1.10 1.14 3152
 993 4705 3151 87 1 1.10 1.14 3152
 993 4753 3151 87 1 1.10 1.14 3152
 1009 4737 3151 87 1 1.10 1.14 3152
 1009 4721 3151 87 1 1.10 1.14 3152
 1057 4673 3151 87 1 1.10 1.14 3152
 1073 4609 3151 59 2 1.10 1.14 3152
 1073 4705 3151 87 1 1.10 1.14 3152
 1073 4689 3151 87 1 1.10 1.14 3152
 1073 4673 3151 87 1 1.10 1.14 3152
 1089 4721 3151 87 1 1.10 1.14 3152
 1089 4705 3151 87 1 1.10 1.14 3152
 1089 4689 3151 87 1 1.10 1.14 3152
 1089 4673 3151 87 1 1.10 1.14 3152
 1089 4657 3151 55 5 1.10 1.14 3152
 1105 4721 3151 87 1 1.10 1.14 3152
 1105 4705 3151 87 1 1.10 1.14 3152
 1105 4689 3151 87 1 1.10 1.14 3152
 1121 4705 3151 87 1 1.10 1.14 3152
 1121 4689 3151 87 1 1.10 1.14 3152
 1169 4737 3151 87 1 1.10 1.14 3152
 1169 4721 3151 87 1 1.10 1.14 3152
 1169 4705 3151 87 1 1.10 1.14 3152
 1169 4753 3151 87 1 1.10 1.14 3152
 1185 4673 3151 87 1 1.10 1.14 3152
 1185 4689 3151 87 1 1.10 1.14 3152
 1185 4737 3151 87 1 1.10 1.14 3152
 1185 4721 3151 87 1 1.10 1.14 3152
 1185 4705 3151 87 1 1.10 1.14 3152
 1185 4753 3151 87 1 1.10 1.14 3152
 1185 4593 3196 56 9 1.10 1.14 3197
 1201 4737 3151 87 1 1.10 1.14 3152
 1201 4721 3151 87 1 1.10 1.14 3152
 1201 4753 3151 87 1 1.10 1.14 3152
 1217 4737 3151 87 1 1.10 1.14 3152
 1217 4753 3151 87 1 1.10 1.14 3152
 1233 4737 3151 87 1 1.10 1.14 3152
 1233 4753 3151 87 1 1.10 1.14 3152
 1249 4737 3151 87 1 1.10 1.14 3152
 1249 4753 3151 87 1 1.10 1.14 3152
 1265 4753 3151 87 1 1.10 1.14 3152
 1265 4737 3151 87 1 1.10 1.14 3152
 1281 4753 3151 87 1 1.10 1.14 3152
 1281 4737 3151 87 1 1.10 1.14 3152
 1297 4737 3151 87 1 1.10 1.14 3152
 1297 4753 3151 87 1 1.10 1.14 3152
 1313 4737 3151 87 1 1.10 1.14 3152
 1313 4753 3151 87 1 1.10 1.14 3152
 1329 4737 3151 87 1 1.10 1.14 3152
 1329 4753 3151 87 1 1.10 1.14 3152
 1345 4737 3151 87 1 1.10 1.14 3152
 1345 4753 3151 96 1 -13.90 -13.86 3152
 1361 4753 3151 96 1 -13.90 -13.86 3152
 1377 4753 3151 96 1 -13.90 -13.86 3152
 1393 4753 3151 96 1 -13.90 -13.86 3152
 1409 4385 3151 87 1 1.10 1.14 3152
 1409 4753 3151 96 1 -13.90 -13.86 3152
 1425 4385 3151 87 1 1.10 1.14 3152
 1425 4753 3151 96 1 -13.90 -13.86 3152
 1441 4385 3151 87 1 1.10 1.14 3152
 1441 4753 3151 96 1 -13.90 -13.86 3152
 1457 4385 3151 87 1 1.10 1.14 3152
 1457 4753 3151 96 1 -13.90 -13.86 3152
 1473 4753 3151 96 1 -13.90 -13.86 3152
 1473 4385 3151 87 1 1.10 1.14 3152
 1489 4753 3151 96 1 -13.90 -13.86 3152
 1489 4385 3151 87 1 1.10 1.14 3152
 1505 4753 3151 96 1 -13.90 -13.86 3152
 1505 4385 3151 87 1 1.10 1.14 3152
 1521 4753 3151 96 1 -13.90 -13.86 3152
 1537 4753 3151 96 1 -13.90 -13.86 3152
 1553 4753 3151 96 1 -13.90 -13.86 3152
 1569 4753 3151 96 1 -13.90 -13.86 3152
 1585 4753 3151 96 1 -13.90 -13.86 3152
 1601 4753 3151 96 1 -13.90 -13.86 3152
 1617 4753 3694 69 14 1.10 -4.86 3695
 1617 4737 3694 70 14 1.10 -4.86 3695 18 1
 1617 4721 3694 70 13 1.10 -4.86 3695
 1649 4753 3151 96 1 -13.90 -13.86 3152
 1665 4753 3151 96 1 -13.90 -13.86 3152
 1681 4673 3151 81 1 -999998.90 -18.86 3152
