 -10 306 684 0.42 1 1 2 1 1 2 2 301 0.42 1
-1
-1
-1
-1
-1
-1
-1
-1
-1
-1
-1
-1
-1
-1
-1
-1
-1
-1
-1
-1
-1
-1
y0
Castle
 1 4705 3151 87 1 1.10 1.14 3152
 1 4753 3151 87 1 1.10 1.14 3152
 1 4737 3151 87 1 1.10 1.14 3152
 1 4721 3151 87 1 1.10 1.14 3152
 1 4625 3151 87 1 1.10 1.14 3152
 1 4609 3151 87 1 1.10 1.14 3152
 1 4593 3151 87 1 1.10 1.14 3152
 1 4577 3151 87 1 1.10 1.14 3152
 1 4561 3151 87 1 1.10 1.14 3152
 1 4641 3151 87 1 1.10 1.14 3152
 1 4657 3151 87 1 1.10 1.14 3152
 1 4673 3151 87 1 1.10 1.14 3152
 1 4689 3151 87 1 1.10 1.14 3152
 1 4545 3151 87 1 1.10 1.14 3152
 1 4529 3151 87 1 1.10 1.14 3152
 17 4561 3151 87 1 1.10 1.14 3152
 17 4705 3151 87 1 1.10 1.14 3152
 17 4753 3151 87 1 1.10 1.14 3152
 17 4721 3151 87 1 1.10 1.14 3152
 17 4737 3151 87 1 1.10 1.14 3152
 17 4545 3151 87 1 1.10 1.14 3152
 17 4529 3151 87 1 1.10 1.14 3152
 33 4705 3151 87 1 1.10 1.14 3152
 33 4753 3151 87 1 1.10 1.14 3152
 33 4721 3151 87 1 1.10 1.14 3152
 33 4737 3151 87 1 1.10 1.14 3152
 33 4673 3192 51 1 1.10 1.14 3193 1
 33 4545 3151 87 1 1.10 1.14 3152
 33 4529 3151 87 1 1.10 1.14 3152
 49 4705 3151 87 1 1.10 1.14 3152
 49 4753 3151 87 1 1.10 1.14 3152
 49 4721 3151 87 1 1.10 1.14 3152
 49 4737 3151 87 1 1.10 1.14 3152
 49 4529 3151 87 1 1.10 1.14 3152
 65 4753 3151 87 1 1.10 1.14 3152
 65 4721 3151 87 1 1.10 1.14 3152
 65 4737 3151 87 1 1.10 1.14 3152
 65 4705 3151 87 1 1.10 1.14 3152
 65 4529 3151 87 1 1.10 1.14 3152
 81 4753 3151 87 1 1.10 1.14 3152
 81 4737 3151 87 1 1.10 1.14 3152
 81 4705 3151 87 1 1.10 1.14 3152
 81 4721 3151 87 1 1.10 1.14 3152
 81 4529 3151 87 1 1.10 1.14 3152
 97 4753 3151 87 1 1.10 1.14 3152
 97 4705 3151 87 1 1.10 1.14 3152
 97 4721 3151 87 1 1.10 1.14 3152
 97 4737 3151 87 1 1.10 1.14 3152
 97 4529 3151 87 1 1.10 1.14 3152
 113 4753 3151 87 1 1.10 1.14 3152
 113 4705 3151 87 1 1.10 1.14 3152
 113 4721 3151 87 1 1.10 1.14 3152
 113 4737 3151 87 1 1.10 1.14 3152
 113 4529 3151 87 1 1.10 1.14 3152
 129 4753 3151 87 1 1.10 1.14 3152
 129 4705 3151 87 1 1.10 1.14 3152
 129 4721 3151 87 1 1.10 1.14 3152
 129 4737 3151 87 1 1.10 1.14 3152
 129 4529 3151 87 1 1.10 1.14 3152
 145 4753 3151 87 1 1.10 1.14 3152
 145 4705 3151 87 1 1.10 1.14 3152
 145 4721 3151 87 1 1.10 1.14 3152
 145 4737 3151 87 1 1.10 1.14 3152
 145 4561 3151 89 17 1.10 1.14 3152
 145 4529 3151 87 1 1.10 1.14 3152
 161 4753 3151 87 1 1.10 1.14 3152
 161 4705 3151 87 1 1.10 1.14 3152
 161 4721 3151 87 1 1.10 1.14 3152
 161 4737 3151 87 1 1.10 1.14 3152
 161 4529 3151 87 1 1.10 1.14 3152
 177 4753 3151 87 1 1.10 1.14 3152
 177 4705 3151 87 1 1.10 1.14 3152
 177 4721 3151 87 1 1.10 1.14 3152
 177 4737 3151 87 1 1.10 1.14 3152
 177 4529 3151 87 1 1.10 1.14 3152
 193 4753 3151 87 1 1.10 1.14 3152
 193 4737 3151 87 1 1.10 1.14 3152
 193 4705 3151 87 1 1.10 1.14 3152
 193 4721 3151 87 1 1.10 1.14 3152
 193 4529 3151 87 1 1.10 1.14 3152
 209 4753 3151 87 1 1.10 1.14 3152
 209 4721 3151 87 1 1.10 1.14 3152
 209 4737 3151 87 1 1.10 1.14 3152
 209 4705 3151 87 1 1.10 1.14 3152
 209 4529 3151 87 1 1.10 1.14 3152
 225 4753 3151 87 1 1.10 1.14 3152
 225 4705 3151 87 1 1.10 1.14 3152
 225 4721 3151 87 1 1.10 1.14 3152
 225 4737 3151 87 1 1.10 1.14 3152
 225 4673 3196 89 3 1.10 1.14 3197 3435
 225 4529 3151 87 1 1.10 1.14 3152
 241 4753 3151 87 1 1.10 1.14 3152
 241 4705 3151 87 1 1.10 1.14 3152
 241 4721 3151 87 1 1.10 1.14 3152
 241 4737 3151 87 1 1.10 1.14 3152
 241 4529 3151 87 1 1.10 1.14 3152
 257 4753 3151 87 1 1.10 1.14 3152
 257 4705 3151 87 1 1.10 1.14 3152
 257 4721 3151 87 1 1.10 1.14 3152
 257 4737 3151 87 1 1.10 1.14 3152
 257 4545 3151 87 1 1.10 1.14 3152
 257 4529 3151 87 1 1.10 1.14 3152
 273 4753 3151 87 1 1.10 1.14 3152
 273 4561 3151 87 1 1.10 1.14 3152
 273 4705 3151 87 1 1.10 1.14 3152
 273 4721 3151 87 1 1.10 1.14 3152
 273 4737 3151 87 1 1.10 1.14 3152
 273 4529 3151 87 1 1.10 1.14 3152
 273 4545 3151 87 1 1.10 1.14 3152
 289 4529 3151 87 1 1.10 1.14 3152
 289 4753 3151 87 1 1.10 1.14 3152
 289 4641 3151 87 1 1.10 1.14 3152
 289 4625 3151 87 1 1.10 1.14 3152
 289 4609 3151 87 1 1.10 1.14 3152
 289 4545 3151 87 1 1.10 1.14 3152
 289 4561 3151 87 1 1.10 1.14 3152
 289 4577 3151 87 1 1.10 1.14 3152
 289 4593 3151 87 1 1.10 1.14 3152
 289 4657 3151 87 1 1.10 1.14 3152
 289 4673 3151 87 1 1.10 1.14 3152
 289 4689 3151 87 1 1.10 1.14 3152
 289 4705 3151 87 1 1.10 1.14 3152
 289 4721 3151 87 1 1.10 1.14 3152
 289 4737 3151 87 1 1.10 1.14 3152
 305 4641 3151 81 1 -999998.90 -18.86 3152
