 -10 1259 693 0.42 1 1 1 1 1 2 2 301 0.42 1
-1
-1
-1
-1
-1
-1
-1
-1
-1
-1
-1
-1
-1
-1
-1
-1
-1
-1
-1
-1
-1
-1
y0
Area 3
 1 4753 3151 75 5 6.10 6.14 3152
 1 4737 3151 75 2 6.10 6.14 3152
 17 4753 3151 75 5 6.10 6.14 3152
 17 4737 3151 75 2 6.10 6.14 3152
 33 4753 3151 75 5 6.10 6.14 3152
 33 4737 3151 75 2 6.10 6.14 3152
 33 4705 3192 51 1 1.10 1.14 3193 1
 49 4753 3151 75 5 6.10 6.14 3152
 49 4737 3151 75 2 6.10 6.14 3152
 65 4753 3151 75 5 6.10 6.14 3152
 65 4737 3151 75 2 6.10 6.14 3152
 81 4753 3151 75 5 6.10 6.14 3152
 81 4737 3151 75 2 6.10 6.14 3152
 97 4753 3151 75 5 6.10 6.14 3152
 97 4737 3151 75 2 6.10 6.14 3152
 97 4721 3151 66 1 1.10 1.14 3152
 113 4753 3151 75 5 6.10 6.14 3152
 113 4737 3151 75 2 6.10 6.14 3152
 129 4753 3151 75 5 6.10 6.14 3152
 129 4737 3151 75 2 6.10 6.14 3152
 145 4753 3151 75 5 6.10 6.14 3152
 145 4737 3151 75 2 6.10 6.14 3152
 161 4753 3151 75 5 6.10 6.14 3152
 161 4737 3151 75 2 6.10 6.14 3152
 177 4753 3151 75 5 6.10 6.14 3152
 177 4737 3151 75 2 6.10 6.14 3152
 193 4577 3645 68 1 1.10 11.14 3646
 193 4753 3151 75 5 6.10 6.14 3152
 193 4737 3151 75 2 6.10 6.14 3152
 209 4753 3151 75 5 6.10 6.14 3152
 209 4737 3151 75 2 6.10 6.14 3152
 225 4753 3151 75 5 6.10 6.14 3152
 225 4737 3151 75 2 6.10 6.14 3152
 241 4753 3151 75 5 6.10 6.14 3152
 241 4737 3151 75 2 6.10 6.14 3152
 257 4753 3151 75 5 6.10 6.14 3152
 257 4737 3151 75 2 6.10 6.14 3152
 273 4737 3151 75 2 6.10 6.14 3152
 273 4753 3151 75 5 6.10 6.14 3152
 289 4657 3151 81 1 -999998.90 -18.86 3152
