 -10 1242 3458 0.42 1 1 2 1 1 2 2 301 0.42 1
-1
-1
-1
-1
-1
-1
-1
-1
-1
-1
-1
-1
-1
-1
-1
-1
-1
-1
-1
-1
-1
-1
y0
Barracks
 1 4753 3151 87 24 1.10 1.14 3152
 1 4737 3151 87 22 1.10 1.14 3152
 1 4721 3151 87 4 1.10 1.14 3152
 1 4705 3151 87 4 1.10 1.14 3152
 1 4689 3151 87 4 1.10 1.14 3152
 1 4673 3151 87 4 1.10 1.14 3152
 1 4657 3151 87 4 1.10 1.14 3152
 1 4641 3151 87 4 1.10 1.14 3152
 1 4625 3151 87 4 1.10 1.14 3152
 1 4609 3151 87 4 1.10 1.14 3152
 1 4593 3151 87 4 1.10 1.14 3152
 1 4577 3151 87 4 1.10 1.14 3152
 1 4561 3151 87 4 1.10 1.14 3152
 1 4545 3151 87 4 1.10 1.14 3152
 17 4753 3151 87 25 1.10 1.14 3152
 17 4737 3151 87 23 1.10 1.14 3152
 17 4657 3151 87 4 1.10 1.14 3152
 17 4561 3195 87 6 1.10 1.14 3196
 17 4545 3151 87 4 1.10 1.14 3152
 33 4753 3151 87 24 1.10 1.14 3152
 33 4737 3151 87 22 1.10 1.14 3152
 33 4657 3151 87 4 1.10 1.14 3152
 33 4545 3151 87 4 1.10 1.14 3152
 49 4753 3151 87 25 1.10 1.14 3152
 49 4737 3151 87 23 1.10 1.14 3152
 49 4705 3192 71 36 1.10 1.14 3193 1
 49 4657 3151 87 4 1.10 1.14 3152
 49 4545 3151 87 4 1.10 1.14 3152
 65 4753 3151 87 24 1.10 1.14 3152
 65 4737 3151 87 22 1.10 1.14 3152
 65 4657 3151 87 4 1.10 1.14 3152
 65 4545 3151 87 4 1.10 1.14 3152
 81 4753 3151 87 25 1.10 1.14 3152
 81 4737 3151 87 23 1.10 1.14 3152
 81 4657 3151 87 4 1.10 1.14 3152
 81 4545 3151 87 4 1.10 1.14 3152
 97 4753 3151 87 24 1.10 1.14 3152
 97 4737 3151 87 22 1.10 1.14 3152
 97 4657 3151 87 4 1.10 1.14 3152
 97 4545 3151 87 4 1.10 1.14 3152
 113 4753 3151 87 25 1.10 1.14 3152
 113 4737 3151 87 23 1.10 1.14 3152
 113 4657 3151 87 4 1.10 1.14 3152
 113 4561 3195 87 6 1.10 1.14 3196
 113 4545 3151 87 4 1.10 1.14 3152
 129 4753 3151 87 24 1.10 1.14 3152
 129 4737 3151 87 22 1.10 1.14 3152
 129 4657 3151 87 4 1.10 1.14 3152
 129 4545 3151 87 4 1.10 1.14 3152
 145 4753 3151 87 25 1.10 1.14 3152
 145 4737 3151 87 23 1.10 1.14 3152
 145 4657 3151 87 4 1.10 1.14 3152
 145 4545 3151 87 4 1.10 1.14 3152
 161 4753 3151 87 24 1.10 1.14 3152
 161 4737 3151 87 22 1.10 1.14 3152
 161 4657 3151 87 4 1.10 1.14 3152
 161 4545 3151 87 4 1.10 1.14 3152
 177 4753 3151 87 25 1.10 1.14 3152
 177 4737 3151 87 23 1.10 1.14 3152
 177 4657 3151 87 4 1.10 1.14 3152
 177 4545 3151 87 4 1.10 1.14 3152
 193 4753 3151 87 24 1.10 1.14 3152
 193 4737 3151 87 22 1.10 1.14 3152
 193 4657 3151 87 4 1.10 1.14 3152
 193 4545 3151 87 4 1.10 1.14 3152
 209 4753 3151 87 25 1.10 1.14 3152
 209 4737 3151 87 23 1.10 1.14 3152
 209 4657 3151 87 4 1.10 1.14 3152
 209 4561 3195 87 6 1.10 1.14 3196
 209 4545 3151 87 4 1.10 1.14 3152
 225 4753 3151 87 24 1.10 1.14 3152
 225 4737 3151 87 22 1.10 1.14 3152
 225 4657 3151 87 4 1.10 1.14 3152
 225 4545 3151 87 4 1.10 1.14 3152
 241 4753 3151 87 25 1.10 1.14 3152
 241 4737 3151 87 23 1.10 1.14 3152
 241 4657 3151 87 4 1.10 1.14 3152
 241 4545 3151 87 4 1.10 1.14 3152
 257 4753 3151 87 24 1.10 1.14 3152
 257 4737 3151 87 22 1.10 1.14 3152
 257 4657 3151 87 4 1.10 1.14 3152
 257 4545 3151 87 4 1.10 1.14 3152
 273 4657 3151 87 4 1.10 1.14 3152
 273 4737 3151 87 23 1.10 1.14 3152
 273 4753 3151 87 25 1.10 1.14 3152
 273 4545 3151 87 4 1.10 1.14 3152
 289 4657 3151 87 4 1.10 1.14 3152
 289 4737 3151 87 22 1.10 1.14 3152
 289 4753 3151 87 24 1.10 1.14 3152
 289 4545 3151 87 4 1.10 1.14 3152
 305 4657 3151 87 4 1.10 1.14 3152
 305 4737 3151 87 23 1.10 1.14 3152
 305 4753 3151 87 25 1.10 1.14 3152
 305 4545 3151 87 4 1.10 1.14 3152
 305 4561 3195 87 6 1.10 1.14 3196
 321 4657 3151 87 4 1.10 1.14 3152
 321 4737 3151 87 22 1.10 1.14 3152
 321 4753 3151 87 24 1.10 1.14 3152
 321 4545 3151 87 4 1.10 1.14 3152
 337 4657 3151 87 4 1.10 1.14 3152
 337 4737 3151 87 23 1.10 1.14 3152
 337 4753 3151 87 25 1.10 1.14 3152
 337 4545 3151 87 4 1.10 1.14 3152
 353 4657 3151 87 4 1.10 1.14 3152
 353 4737 3151 87 22 1.10 1.14 3152
 353 4753 3151 87 24 1.10 1.14 3152
 353 4545 3151 87 4 1.10 1.14 3152
 369 4657 3151 87 4 1.10 1.14 3152
 369 4737 3151 87 23 1.10 1.14 3152
 369 4753 3151 87 25 1.10 1.14 3152
 369 4545 3151 87 4 1.10 1.14 3152
 385 4545 3151 87 4 1.10 1.14 3152
 385 4657 3151 87 4 1.10 1.14 3152
 385 4737 3151 87 22 1.10 1.14 3152
 385 4753 3151 87 24 1.10 1.14 3152
 401 4561 3693 87 5 1.10 1.14 3694
 401 4545 3151 87 4 1.10 1.14 3152
 401 4657 3151 87 4 1.10 1.14 3152
 401 4625 3151 87 4 1.10 1.14 3152
 401 4641 3151 87 4 1.10 1.14 3152
 401 4737 3151 87 23 1.10 1.14 3152
 401 4753 3151 87 25 1.10 1.14 3152
 417 4545 3151 87 4 1.10 1.14 3152
 417 4657 3151 87 4 1.10 1.14 3152
 417 4625 3151 87 4 1.10 1.14 3152
 417 4641 3151 87 4 1.10 1.14 3152
 417 4737 3151 87 22 1.10 1.14 3152
 417 4753 3151 87 24 1.10 1.14 3152
 433 4545 3151 87 4 1.10 1.14 3152
 433 4657 3151 87 4 1.10 1.14 3152
 433 4625 3151 87 4 1.10 1.14 3152
 433 4641 3151 87 4 1.10 1.14 3152
 433 4737 3151 87 23 1.10 1.14 3152
 433 4753 3151 87 25 1.10 1.14 3152
 449 4545 3151 87 4 1.10 1.14 3152
 449 4657 3151 87 4 1.10 1.14 3152
 449 4625 3151 87 4 1.10 1.14 3152
 449 4641 3151 87 4 1.10 1.14 3152
 449 4737 3151 87 22 1.10 1.14 3152
 449 4753 3151 87 24 1.10 1.14 3152
 465 4545 3151 87 4 1.10 1.14 3152
 465 4561 3151 87 4 1.10 1.14 3152
 465 4577 3151 87 4 1.10 1.14 3152
 465 4593 3151 87 4 1.10 1.14 3152
 465 4609 3151 87 4 1.10 1.14 3152
 465 4625 3151 87 4 1.10 1.14 3152
 465 4641 3151 87 4 1.10 1.14 3152
 465 4657 3151 87 4 1.10 1.14 3152
 465 4673 15671 89 13 1.10 1.14 15672
 465 4737 3151 87 23 1.10 1.14 3152
 465 4753 3151 87 25 1.10 1.14 3152
 481 4545 3151 87 4 1.10 1.14 3152
 481 4737 3151 87 22 1.10 1.14 3152
 481 4753 3151 87 24 1.10 1.14 3152
 497 4545 3151 87 4 1.10 1.14 3152
 497 4737 3151 87 23 1.10 1.14 3152
 497 4753 3151 87 25 1.10 1.14 3152
 513 4545 3151 87 4 1.10 1.14 3152
 513 4737 3151 87 22 1.10 1.14 3152
 513 4753 3151 87 24 1.10 1.14 3152
 529 4545 3151 87 4 1.10 1.14 3152
 529 4737 3151 87 23 1.10 1.14 3152
 529 4753 3151 87 25 1.10 1.14 3152
 545 4545 3151 87 4 1.10 1.14 3152
 545 4737 3151 87 22 1.10 1.14 3152
 545 4753 3151 87 24 1.10 1.14 3152
 561 4545 3151 87 4 1.10 1.14 3152
 561 4737 3151 87 23 1.10 1.14 3152
 561 4753 3151 87 25 1.10 1.14 3152
 577 4545 3151 87 4 1.10 1.14 3152
 577 4753 3151 87 24 1.10 1.14 3152
 577 4737 3151 87 22 1.10 1.14 3152
 593 4545 3151 87 4 1.10 1.14 3152
 593 4577 3151 89 17 1.10 1.14 3152
 593 4753 3151 87 25 1.10 1.14 3152
 593 4737 3151 87 23 1.10 1.14 3152
 609 4545 3151 87 4 1.10 1.14 3152
 609 4753 3151 87 24 1.10 1.14 3152
 609 4737 3151 87 22 1.10 1.14 3152
 609 4705 3196 89 1 1.10 1.14 3197 3441
 625 4545 3151 87 4 1.10 1.14 3152
 625 4753 3151 87 25 1.10 1.14 3152
 625 4737 3151 87 23 1.10 1.14 3152
 641 4545 3151 87 4 1.10 1.14 3152
 641 4753 3151 87 24 1.10 1.14 3152
 641 4737 3151 87 22 1.10 1.14 3152
 657 4545 3151 87 4 1.10 1.14 3152
 657 4753 3151 87 25 1.10 1.14 3152
 657 4737 3151 87 23 1.10 1.14 3152
 673 4545 3151 87 4 1.10 1.14 3152
 673 4753 3151 87 24 1.10 1.14 3152
 673 4737 3151 87 22 1.10 1.14 3152
 689 4545 3151 87 4 1.10 1.14 3152
 689 4753 3151 87 25 1.10 1.14 3152
 689 4737 3151 87 23 1.10 1.14 3152
 705 4545 3151 87 4 1.10 1.14 3152
 705 4561 3151 87 4 1.10 1.14 3152
 705 4577 3151 87 4 1.10 1.14 3152
 705 4593 3151 87 4 1.10 1.14 3152
 705 4609 3151 87 4 1.10 1.14 3152
 705 4625 3151 87 4 1.10 1.14 3152
 705 4641 3151 87 4 1.10 1.14 3152
 705 4657 3151 87 4 1.10 1.14 3152
 705 4673 3151 87 4 1.10 1.14 3152
 705 4753 3151 87 4 1.10 1.14 3152
 705 4689 3151 87 4 1.10 1.14 3152
 705 4705 3151 87 4 1.10 1.14 3152
 705 4721 3151 87 4 1.10 1.14 3152
 705 4737 3151 87 4 1.10 1.14 3152
 721 4657 3151 81 1 -999998.90 -18.86 3152
