 -10 1286 674 0.42 1 1 1 1 1 2 2 301 0.42 1
-1
-1
-1
-1
-1
-1
-1
-1
-1
-1
-1
-1
-1
-1
-1
-1
-1
-1
-1
-1
-1
-1
y0
Area 2
 1 4753 3151 73 5 1.10 1.14 3152
 1 4737 3151 73 5 1.10 1.14 3152
 1 4721 3151 73 2 1.10 -4.86 3152
 17 4753 3151 73 5 1.10 1.14 3152
 17 4737 3151 73 5 1.10 1.14 3152
 17 4657 3151 59 2 1.10 1.14 3152
 17 4721 3151 73 2 1.10 -4.86 3152
 33 4753 3151 73 5 1.10 1.14 3152
 33 4737 3151 73 5 1.10 1.14 3152
 33 4657 3151 59 2 1.10 1.14 3152
 33 4593 3151 59 21 1.10 1.14 3152
 33 4721 3151 73 2 1.10 -4.86 3152
 49 4753 3151 73 5 1.10 1.14 3152
 49 4737 3151 73 5 1.10 1.14 3152
 49 4657 3151 59 2 1.10 1.14 3152
 49 4721 3151 73 2 1.10 -4.86 3152
 65 4753 3151 73 5 1.10 1.14 3152
 65 4737 3151 73 5 1.10 1.14 3152
 65 4721 3151 73 2 1.10 -4.86 3152
 81 4753 3151 73 6 1.10 -4.86 3152
 81 4737 3151 73 6 1.10 -4.86 3152
 81 4721 3151 73 3 1.10 -4.86 3152
 209 4753 3151 73 4 1.10 -4.86 3152
 209 4737 3151 73 4 1.10 -4.86 3152
 209 4721 3151 73 1 1.10 -4.86 3152
 225 4753 3151 73 5 1.10 1.14 3152
 225 4737 3151 73 5 1.10 1.14 3152
 225 4721 3151 73 2 1.10 -4.86 3152
 241 4753 3151 73 5 1.10 1.14 3152
 241 4737 3151 73 5 1.10 1.14 3152
 241 4721 3151 73 2 1.10 -4.86 3152
 257 4753 3151 73 5 1.10 1.14 3152
 257 4737 3151 73 5 1.10 1.14 3152
 257 4721 3151 73 2 1.10 -4.86 3152
 257 4689 3694 69 1 1.10 -4.86 3695
 257 4705 3694 70 17 1.10 -5.86 3695 1
 273 4737 3151 73 5 1.10 1.14 3152
 273 4753 3151 73 5 1.10 1.14 3152
 273 4721 3151 73 2 1.10 -4.86 3152
 289 4737 3151 73 5 1.10 1.14 3152
 289 4753 3151 73 5 1.10 1.14 3152
 289 4721 3151 73 2 1.10 -4.86 3152
 305 4737 3151 73 5 1.10 1.14 3152
 305 4753 3151 73 5 1.10 1.14 3152
 305 4721 3151 73 2 1.10 -4.86 3152
 321 4737 3151 73 5 1.10 1.14 3152
 321 4753 3151 73 5 1.10 1.14 3152
 321 4721 3151 73 2 1.10 -4.86 3152
 337 4737 3151 73 5 1.10 1.14 3152
 337 4753 3151 73 5 1.10 1.14 3152
 337 4721 3151 73 2 1.10 -4.86 3152
 353 4753 3151 73 5 1.10 1.14 3152
 353 4737 3151 73 5 1.10 1.14 3152
 353 4721 3151 73 2 1.10 -4.86 3152
 369 4753 3151 73 5 1.10 1.14 3152
 369 4737 3151 73 5 1.10 1.14 3152
 369 4721 3151 73 2 1.10 -4.86 3152
 385 4753 3151 73 5 1.10 1.14 3152
 385 4737 3151 73 5 1.10 1.14 3152
 385 4721 3151 73 2 1.10 -4.86 3152
 401 4753 3151 73 5 1.10 1.14 3152
 401 4737 3151 73 5 1.10 1.14 3152
 401 4705 3151 58 1 1.10 -4.86 3152
 401 4721 3151 73 2 1.10 -4.86 3152
 417 4753 3151 73 5 1.10 1.14 3152
 417 4737 3151 73 5 1.10 1.14 3152
 417 4689 3151 58 1 1.10 -4.86 3152
 417 4705 3151 58 1 1.10 -4.86 3152
 417 4721 3151 73 2 1.10 -4.86 3152
 433 4753 3151 73 5 1.10 1.14 3152
 433 4737 3151 73 5 1.10 1.14 3152
 433 4689 3151 58 1 1.10 -4.86 3152
 433 4673 3151 58 1 1.10 -4.86 3152
 433 4705 3151 58 1 1.10 -4.86 3152
 433 4721 3151 73 2 1.10 -4.86 3152
 449 4753 3151 73 5 1.10 1.14 3152
 449 4737 3151 73 5 1.10 1.14 3152
 449 4689 3151 58 1 1.10 -4.86 3152
 449 4673 3151 58 1 1.10 -4.86 3152
 449 4657 3151 58 1 1.10 -4.86 3152
 449 4705 3151 58 1 1.10 -4.86 3152
 449 4721 3151 73 2 1.10 -4.86 3152
 465 4753 3151 73 5 1.10 1.14 3152
 465 4737 3151 73 5 1.10 1.14 3152
 465 4641 3151 58 1 1.10 -4.86 3152
 465 4689 3151 58 1 1.10 -4.86 3152
 465 4673 3151 58 1 1.10 -4.86 3152
 465 4657 3151 58 1 1.10 -4.86 3152
 465 4705 3151 58 1 1.10 -4.86 3152
 465 4721 3151 73 2 1.10 -4.86 3152
 481 4753 3151 73 5 1.10 1.14 3152
 481 4737 3151 73 5 1.10 1.14 3152
 481 4625 3151 58 1 1.10 -4.86 3152
 481 4641 3151 58 1 1.10 -4.86 3152
 481 4689 3151 58 1 1.10 -4.86 3152
 481 4673 3151 58 1 1.10 -4.86 3152
 481 4657 3151 58 1 1.10 -4.86 3152
 481 4705 3151 58 1 1.10 -4.86 3152
 481 4721 3151 73 2 1.10 -4.86 3152
 497 4737 3151 73 5 1.10 1.14 3152
 497 4753 3151 73 5 1.10 1.14 3152
 497 4609 3151 58 1 1.10 -4.86 3152
 497 4625 3151 58 1 1.10 -4.86 3152
 497 4641 3151 58 1 1.10 -4.86 3152
 497 4689 3151 58 1 1.10 -4.86 3152
 497 4673 3151 58 1 1.10 -4.86 3152
 497 4657 3151 58 1 1.10 -4.86 3152
 497 4705 3151 58 1 1.10 -4.86 3152
 497 4721 3151 73 2 1.10 -4.86 3152
 513 4737 3151 73 5 1.10 1.14 3152
 513 4753 3151 73 5 1.10 1.14 3152
 513 4721 3151 73 2 1.10 -4.86 3152
 529 4737 3151 73 5 1.10 1.14 3152
 529 4753 3151 73 5 1.10 1.14 3152
 529 4721 3151 73 2 1.10 -4.86 3152
 545 4737 3151 73 5 1.10 1.14 3152
 545 4753 3151 73 5 1.10 1.14 3152
 545 4721 3151 73 2 1.10 -4.86 3152
 561 4737 3151 73 5 1.10 1.14 3152
 561 4753 3151 73 5 1.10 1.14 3152
 561 4721 3151 73 2 1.10 -4.86 3152
 577 4737 3151 73 5 1.10 1.14 3152
 577 4753 3151 73 5 1.10 1.14 3152
 577 4721 3151 73 2 1.10 -4.86 3152
 593 4737 3151 73 5 1.10 1.14 3152
 593 4753 3151 73 5 1.10 1.14 3152
 593 4721 3151 73 2 1.10 -4.86 3152
 609 4737 3151 73 5 1.10 1.14 3152
 609 4753 3151 73 5 1.10 1.14 3152
 609 4721 3151 73 2 1.10 -4.86 3152
 625 4737 3151 73 5 1.10 1.14 3152
 625 4753 3151 73 5 1.10 1.14 3152
 625 4721 3151 73 2 1.10 -4.86 3152
 641 4737 3151 73 5 1.10 1.14 3152
 641 4753 3151 73 5 1.10 1.14 3152
 641 4721 3151 73 2 1.10 -4.86 3152
 657 4737 3151 73 5 1.10 1.14 3152
 657 4753 3151 73 5 1.10 1.14 3152
 657 4721 3151 73 2 1.10 -4.86 3152
 673 4545 3645 68 1 1.10 11.14 3646
 673 4737 3151 73 5 1.10 1.14 3152
 673 4753 3151 73 5 1.10 1.14 3152
 673 4705 3151 58 1 1.10 -4.86 3152
 673 4721 3151 73 2 1.10 -4.86 3152
 689 4737 3151 73 5 1.10 1.14 3152
 689 4753 3151 73 5 1.10 1.14 3152
 689 4721 3151 73 2 1.10 -4.86 3152
 705 4737 3151 73 5 1.10 1.14 3152
 705 4753 3151 73 5 1.10 1.14 3152
 705 4721 3151 73 2 1.10 -4.86 3152
 721 4737 3151 73 5 1.10 1.14 3152
 721 4753 3151 73 5 1.10 1.14 3152
 721 4721 3151 73 2 1.10 -4.86 3152
 737 4737 3151 73 5 1.10 1.14 3152
 737 4753 3151 73 5 1.10 1.14 3152
 737 4721 3151 73 2 1.10 -4.86 3152
 753 4625 3195 68 2 1.10 11.14 3196
 753 4737 3151 73 5 1.10 1.14 3152
 753 4753 3151 73 5 1.10 1.14 3152
 753 4721 3151 73 2 1.10 -4.86 3152
 769 4737 3151 73 5 1.10 1.14 3152
 769 4753 3151 73 5 1.10 1.14 3152
 769 4721 3151 73 2 1.10 -4.86 3152
 785 4737 3151 73 5 1.10 1.14 3152
 785 4753 3151 73 5 1.10 1.14 3152
 785 4721 3151 73 2 1.10 -4.86 3152
 801 4737 3151 73 5 1.10 1.14 3152
 801 4753 3151 73 5 1.10 1.14 3152
 801 4721 3151 73 2 1.10 -4.86 3152
 817 4737 3151 73 5 1.10 1.14 3152
 817 4753 3151 73 5 1.10 1.14 3152
 817 4721 3151 73 2 1.10 -4.86 3152
 833 4753 3151 73 5 1.10 1.14 3152
 833 4737 3151 73 5 1.10 1.14 3152
 833 4721 3151 73 2 1.10 -4.86 3152
 849 4753 3151 73 5 1.10 1.14 3152
 849 4737 3151 73 5 1.10 1.14 3152
 849 4721 3151 73 2 1.10 -4.86 3152
 865 4737 3151 73 5 1.10 1.14 3152
 865 4753 3151 73 5 1.10 1.14 3152
 865 4721 3151 73 2 1.10 -4.86 3152
 881 4737 3151 73 5 1.10 1.14 3152
 881 4753 3151 73 5 1.10 1.14 3152
 881 4721 3151 73 2 1.10 -4.86 3152
 897 4657 3151 81 1 -999998.90 -18.86 3152
