 -10 227 684 0.42 1 1 1 1 1 2 2 301 0.42 1
-1
-1
-1
-1
-1
-1
-1
-1
-1
-1
-1
-1
-1
-1
-1
-1
-1
-1
-1
-1
-1
-1
y0
Castle
 1 4641 3693 87 2 1.10 1.14 3694
 1 4577 3693 87 2 1.10 1.14 3694
 17 4705 3151 87 1 1.10 1.14 3152
 33 4705 3151 87 1 1.10 1.14 3152
 33 4721 3151 87 1 1.10 1.14 3152
 49 4705 3151 87 1 1.10 1.14 3152
 49 4721 3151 87 1 1.10 1.14 3152
 49 4737 3151 87 1 1.10 1.14 3152
 65 4609 3151 87 1 1.10 1.14 3152
 65 4689 3151 87 1 1.10 1.14 3152
 65 4625 3151 87 1 1.10 1.14 3152
 65 4641 3151 87 1 1.10 1.14 3152
 65 4657 3151 87 1 1.10 1.14 3152
 65 4673 3151 87 1 1.10 1.14 3152
 65 4705 3693 87 2 1.10 1.14 3694
 65 4545 3693 87 2 1.10 1.14 3694
 81 4609 3151 87 1 1.10 1.14 3152
 81 4689 3151 87 1 1.10 1.14 3152
 97 4609 3151 87 1 1.10 1.14 3152
 97 4689 3151 87 1 1.10 1.14 3152
 113 4609 3151 87 1 1.10 1.14 3152
 113 4689 3151 87 1 1.10 1.14 3152
 113 4657 3192 51 1 1.10 1.14 3193 1
 129 4609 3151 87 1 1.10 1.14 3152
 129 4689 3151 87 1 1.10 1.14 3152
 129 4705 3151 87 1 1.10 1.14 3152
 129 4721 3151 87 1 1.10 1.14 3152
 129 4545 3693 87 2 1.10 1.14 3694
 145 4609 3151 87 1 1.10 1.14 3152
 145 4689 3151 87 1 1.10 1.14 3152
 145 4737 3151 87 1 1.10 1.14 3152
 145 4705 3151 87 1 1.10 1.14 3152
 145 4721 3151 87 1 1.10 1.14 3152
 161 4609 3151 87 1 1.10 1.14 3152
 161 4689 3151 87 1 1.10 1.14 3152
 161 4705 3693 87 2 1.10 1.14 3694
 177 4609 3151 87 1 1.10 1.14 3152
 177 4689 3151 87 1 1.10 1.14 3152
 193 4577 3151 87 1 1.10 1.14 3152
 193 4593 3151 87 1 1.10 1.14 3152
 193 4609 3151 87 1 1.10 1.14 3152
 193 4689 3151 87 1 1.10 1.14 3152
 209 4593 3151 87 1 1.10 1.14 3152
 209 4577 3151 87 1 1.10 1.14 3152
 209 4609 3151 87 1 1.10 1.14 3152
 209 4689 3151 87 1 1.10 1.14 3152
 225 4593 3151 87 1 1.10 1.14 3152
 225 4577 3151 87 1 1.10 1.14 3152
 225 4561 3151 87 1 1.10 1.14 3152
 225 4609 3151 87 1 1.10 1.14 3152
 225 4753 3151 87 1 1.10 1.14 3152
 225 4737 3151 87 1 1.10 1.14 3152
 225 4705 3151 87 1 1.10 1.14 3152
 225 4721 3151 87 1 1.10 1.14 3152
 241 4593 3151 87 1 1.10 1.14 3152
 241 4561 3151 87 1 1.10 1.14 3152
 241 4577 3151 87 1 1.10 1.14 3152
 241 4753 3151 87 1 1.10 1.14 3152
 241 4737 3151 87 1 1.10 1.14 3152
 241 4721 3151 87 1 1.10 1.14 3152
 257 4577 3151 87 1 1.10 1.14 3152
 257 4561 3151 87 1 1.10 1.14 3152
 257 4753 3151 87 1 1.10 1.14 3152
 257 4737 3151 87 1 1.10 1.14 3152
 273 4737 3151 87 1 1.10 1.14 3152
 273 4753 3151 87 1 1.10 1.14 3152
 273 4561 3151 87 1 1.10 1.14 3152
 273 4577 3151 87 1 1.10 1.14 3152
 289 4737 3151 87 1 1.10 1.14 3152
 289 4753 3151 87 1 1.10 1.14 3152
 289 4561 3151 87 1 1.10 1.14 3152
 289 4577 3151 87 1 1.10 1.14 3152
 289 4657 3151 56 12 -3.90 -6.86 3152
 305 4737 3151 87 1 1.10 1.14 3152
 305 4753 3151 87 1 1.10 1.14 3152
 305 4561 3151 87 1 1.10 1.14 3152
 305 4577 3151 87 1 1.10 1.14 3152
 305 4657 3151 56 12 -3.90 -6.86 3152
 321 4753 3151 87 1 1.10 1.14 3152
 321 4737 3151 87 1 1.10 1.14 3152
 321 4561 3151 87 1 1.10 1.14 3152
 321 4577 3151 87 1 1.10 1.14 3152
 337 4753 3151 87 1 1.10 1.14 3152
 337 4737 3151 87 1 1.10 1.14 3152
 337 4561 3151 87 1 1.10 1.14 3152
 337 4577 3151 87 1 1.10 1.14 3152
 353 4561 3151 87 1 1.10 1.14 3152
 353 4577 3151 87 1 1.10 1.14 3152
 353 4593 3151 87 1 1.10 1.14 3152
 353 4753 3151 87 1 1.10 1.14 3152
 353 4721 3151 87 1 1.10 1.14 3152
 353 4737 3151 87 1 1.10 1.14 3152
 369 4561 3151 87 1 1.10 1.14 3152
 369 4577 3151 87 1 1.10 1.14 3152
 369 4593 3151 87 1 1.10 1.14 3152
 369 4753 3151 87 1 1.10 1.14 3152
 369 4705 3151 87 1 1.10 1.14 3152
 369 4721 3151 87 1 1.10 1.14 3152
 369 4737 3151 87 1 1.10 1.14 3152
 385 4545 3151 87 1 1.10 1.14 3152
 385 4561 3151 87 1 1.10 1.14 3152
 385 4577 3151 87 1 1.10 1.14 3152
 385 4593 3151 87 1 1.10 1.14 3152
 385 4609 3151 87 1 1.10 1.14 3152
 385 4705 3151 87 1 1.10 1.14 3152
 385 4721 3151 87 1 1.10 1.14 3152
 385 4737 3151 87 1 1.10 1.14 3152
 385 4753 3151 87 1 1.10 1.14 3152
 401 4545 3151 87 1 1.10 1.14 3152
 401 4561 3151 87 1 1.10 1.14 3152
 401 4577 3151 87 1 1.10 1.14 3152
 401 4593 3151 87 1 1.10 1.14 3152
 401 4609 3151 87 1 1.10 1.14 3152
 401 4705 3151 87 1 1.10 1.14 3152
 401 4721 3151 87 1 1.10 1.14 3152
 401 4737 3151 87 1 1.10 1.14 3152
 401 4753 3151 87 1 1.10 1.14 3152
 417 4545 3151 87 1 1.10 1.14 3152
 417 4561 3151 87 1 1.10 1.14 3152
 417 4577 3151 87 1 1.10 1.14 3152
 417 4593 3151 87 1 1.10 1.14 3152
 417 4609 3151 87 1 1.10 1.14 3152
 417 4705 3151 87 1 1.10 1.14 3152
 417 4721 3151 87 1 1.10 1.14 3152
 417 4737 3151 87 1 1.10 1.14 3152
 417 4753 3151 87 1 1.10 1.14 3152
 433 4545 3151 87 1 1.10 1.14 3152
 433 4561 3151 87 1 1.10 1.14 3152
 433 4705 3151 87 1 1.10 1.14 3152
 433 4721 3151 87 1 1.10 1.14 3152
 433 4737 3151 87 1 1.10 1.14 3152
 433 4529 3151 87 1 1.10 1.14 3152
 433 4577 3196 56 7 1.10 1.14 3197
 449 4561 3151 87 1 1.10 1.14 3152
 449 4705 3151 87 1 1.10 1.14 3152
 449 4721 3151 87 1 1.10 1.14 3152
 449 4737 3151 87 1 1.10 1.14 3152
 449 4545 3151 87 1 1.10 1.14 3152
 449 4529 3151 87 1 1.10 1.14 3152
 465 4545 3151 87 1 1.10 1.14 3152
 465 4561 3151 87 1 1.10 1.14 3152
 465 4705 3151 87 1 1.10 1.14 3152
 465 4721 3151 87 1 1.10 1.14 3152
 465 4737 3151 87 1 1.10 1.14 3152
 465 4577 3196 56 7 1.10 1.14 3197
 481 4753 3151 87 1 1.10 1.14 3152
 481 4705 3151 87 1 1.10 1.14 3152
 481 4721 3151 87 1 1.10 1.14 3152
 481 4737 3151 87 1 1.10 1.14 3152
 481 4513 3693 87 2 1.10 1.14 3694
 497 4753 3151 87 1 1.10 1.14 3152
 497 4705 3151 87 1 1.10 1.14 3152
 497 4721 3151 87 1 1.10 1.14 3152
 497 4737 3151 87 1 1.10 1.14 3152
 497 4577 3196 56 7 1.10 1.14 3197
 513 4753 3151 87 1 1.10 1.14 3152
 513 4705 3151 87 1 1.10 1.14 3152
 513 4721 3151 87 1 1.10 1.14 3152
 513 4737 3151 87 1 1.10 1.14 3152
 529 4753 3151 87 1 1.10 1.14 3152
 529 4705 3151 87 1 1.10 1.14 3152
 529 4721 3151 87 1 1.10 1.14 3152
 529 4737 3151 87 1 1.10 1.14 3152
 529 4577 3196 56 7 1.10 1.14 3197
 545 4529 3151 87 1 1.10 1.14 3152
 545 4545 3151 87 1 1.10 1.14 3152
 545 4561 3151 87 1 1.10 1.14 3152
 545 4753 3151 87 1 1.10 1.14 3152
 545 4705 3151 87 1 1.10 1.14 3152
 545 4721 3151 87 1 1.10 1.14 3152
 545 4737 3151 87 1 1.10 1.14 3152
 561 4529 3151 87 1 1.10 1.14 3152
 561 4545 3151 87 1 1.10 1.14 3152
 561 4753 3151 87 1 1.10 1.14 3152
 561 4737 3151 87 1 1.10 1.14 3152
 561 4561 3151 87 1 1.10 1.14 3152
 561 4705 3151 87 1 1.10 1.14 3152
 561 4721 3151 87 1 1.10 1.14 3152
 561 4577 3196 56 7 1.10 1.14 3197
 577 4545 3151 87 1 1.10 1.14 3152
 577 4561 3151 87 1 1.10 1.14 3152
 577 4705 3151 87 1 1.10 1.14 3152
 577 4721 3151 87 1 1.10 1.14 3152
 593 4737 3151 87 1 1.10 1.14 3152
 593 4577 3151 87 1 1.10 1.14 3152
 593 4593 3151 87 1 1.10 1.14 3152
 593 4705 3151 87 1 1.10 1.14 3152
 593 4721 3151 87 1 1.10 1.14 3152
 593 4561 3151 87 1 1.10 1.14 3152
 609 4753 3151 87 1 1.10 1.14 3152
 609 4737 3151 87 1 1.10 1.14 3152
 609 4577 3151 87 1 1.10 1.14 3152
 609 4593 3151 87 1 1.10 1.14 3152
 609 4705 3151 87 1 1.10 1.14 3152
 609 4721 3151 87 1 1.10 1.14 3152
 625 4753 3151 87 1 1.10 1.14 3152
 625 4737 3151 87 1 1.10 1.14 3152
 625 4513 3693 87 2 1.10 1.14 3694
 625 4577 3151 87 1 1.10 1.14 3152
 625 4593 3151 87 1 1.10 1.14 3152
 625 4689 3151 87 1 1.10 1.14 3152
 625 4705 3151 87 1 1.10 1.14 3152
 625 4721 3151 87 1 1.10 1.14 3152
 641 4753 3151 87 1 1.10 1.14 3152
 641 4737 3151 87 1 1.10 1.14 3152
 641 4577 3151 87 1 1.10 1.14 3152
 641 4593 3151 87 1 1.10 1.14 3152
 641 4673 3151 87 1 1.10 1.14 3152
 641 4689 3151 87 1 1.10 1.14 3152
 641 4705 3151 87 1 1.10 1.14 3152
 641 4721 3151 87 1 1.10 1.14 3152
 657 4753 3151 87 1 1.10 1.14 3152
 657 4737 3151 87 1 1.10 1.14 3152
 657 4657 3151 87 1 1.10 1.14 3152
 657 4673 3151 87 1 1.10 1.14 3152
 657 4689 3151 87 1 1.10 1.14 3152
 657 4705 3151 87 1 1.10 1.14 3152
 657 4721 3151 87 1 1.10 1.14 3152
 657 4577 3694 70 14 1.10 -4.86 3695 17 1
 657 4593 3694 70 13 1.10 -4.86 3695
 673 4737 3151 87 1 1.10 1.14 3152
 673 4641 3151 87 1 1.10 1.14 3152
 673 4657 3151 87 1 1.10 1.14 3152
 673 4673 3151 87 1 1.10 1.14 3152
 673 4689 3151 87 1 1.10 1.14 3152
 673 4705 3151 87 1 1.10 1.14 3152
 673 4721 3151 87 1 1.10 1.14 3152
 689 4737 3151 87 1 1.10 1.14 3152
 689 4513 3693 87 2 1.10 1.14 3694
 689 4577 3151 87 1 1.10 1.14 3152
 689 4593 3151 87 1 1.10 1.14 3152
 689 4609 3151 87 1 1.10 1.14 3152
 689 4625 3151 87 1 1.10 1.14 3152
 689 4641 3151 87 1 1.10 1.14 3152
 689 4657 3151 87 1 1.10 1.14 3152
 689 4673 3151 87 1 1.10 1.14 3152
 689 4689 3151 87 1 1.10 1.14 3152
 689 4705 3151 87 1 1.10 1.14 3152
 689 4721 3151 87 1 1.10 1.14 3152
 705 4561 3151 81 1 -999998.90 -18.86 3152
