 -10 2 2 261 659 0.42 1 2 2
-1
-1
-1
-1
-1
-1
-1
-1
-1
-1
-1
-1
-1
-1
-1
-1
-1
-1
-1
-1
 -1   
 17 65 8009 4 1 1200001 1200001.14 3808
 17 97 8009 4 1 1200001 1200001.14 3808
 17 81 8009 4 1 1200001 1200001.14 3808
 17 97 3831 5 7 1100001 1100001.14 3808
 17 65 3831 5 1 1100001 1100001.14 3808
 17 113 7297 12 4 11 11.14 3808
 17 145 7297 12 4 11 11.14 3808
 33 65 8009 4 1 1200001 1200001.14 3808
 33 97 8009 4 1 1200001 1200001.14 3808
 33 81 8009 4 1 1200001 1200001.14 3808
 33 65 3831 5 1 1100001 1100001.14 3808
 33 97 3831 5 7 1100001 1100001.14 3808
 33 33 7286 13 1 11 11.14 3808
 33 97 7286 13 1 11 11.14 3808
 33 129 7286 13 1 11 11.14 3808
 33 145 7460 12 16 11 11.14 3808
 33 161 7286 13 1 11 11.14 3808
 33 97 7545 14 1 1 1.14 3808 1 bla
 33 161 7312 16 1 1 1.14 3808 1 0
 33 33 16000 1 1 1 -8.86 3808
 49 65 8009 4 1 1200001 1200001.14 3808
 49 81 8009 4 1 1200001 1200001.14 3808
 49 97 8009 4 1 1200001 1200001.14 3808
 49 81 3831 5 4 1100001 1100001.14 3808
 49 97 3831 6 3 1100001 1100001.14 3808
 49 65 3831 6 2 1100001 1100001.14 3808
 49 145 7297 12 4 11 11.14 3808
 49 113 7297 12 4 11 11.14 3808
 49 129 7542 19 1 1 1.14 3808
 65 33 7286 13 1 11 11.14 3808
 65 129 7286 13 1 11 11.14 3808
 65 17 7293 12 3 11 11.14 3808
 65 65 7293 12 3 11 11.14 3808
 65 161 7286 13 1 11 11.14 3808
 65 145 7297 12 4 11 11.14 3808
 65 113 7297 12 4 11 11.14 3808
 81 97 3831 8 8 1100001 1100001.14 3808
 81 113 3831 8 4 1100001 1100001.14 3808
 81 129 3831 8 4 1100001 1100001.14 3808
 81 145 3831 8 4 1100001 1100001.14 3808
 81 161 3831 8 4 1100001 1100001.14 3808
 81 17 7293 12 3 11 11.14 3808
 81 65 7293 12 3 11 11.14 3808
 81 129 3831 11 1 6 6.14 3808
 81 161 3831 11 1 6 6.14 3808
 97 97 3831 8 1 1100001 1100001.14 3808
 97 33 7286 13 1 11 11.14 3808
 97 65 7286 13 1 11 11.14 3808
 97 129 7286 13 1 11 11.14 3808
 97 161 7286 13 1 11 11.14 3808
 97 17 7293 12 3 11 11.14 3808
 97 113 7297 12 4 11 11.14 3808
 97 65 7300 15 1 1 1.14 3808 2 1
 113 81 8009 4 1 1200001 1200001.14 3808
 113 97 8009 4 1 1200001 1200001.14 3808
 113 81 3831 6 1 1100001 1100001.14 3808
 113 97 3831 5 8 1100001 1100001.14 3808
 113 129 7460 12 16 11 11.14 3808
 113 113 7297 12 4 11 11.14 3808
 129 81 8009 4 1 1200001 1200001.14 3808
 129 97 8009 4 1 1200001 1200001.14 3808
 129 81 3831 5 1 1100001 1100001.14 3808
 129 97 3831 5 7 1100001 1100001.14 3808
 129 65 7286 13 1 11 11.14 3808
 129 33 7286 13 1 11 11.14 3808
 129 161 7286 13 1 11 11.14 3808
 129 97 7286 13 1 11 11.14 3808
 129 129 7286 13 1 11 11.14 3808
 129 49 7293 12 3 11 11.14 3808
 129 145 7460 12 16 11 11.14 3808
 129 129 7322 16 2 1 1.14 3808 12 1
 129 33 7545 14 1 1 1.14 3808 1 bla
 145 81 8009 4 1 1200001 1200001.14 3808
 145 97 8009 4 1 1200001 1200001.14 3808
 145 81 3831 5 1 1100001 1100001.14 3808
 145 97 3831 5 7 1100001 1100001.14 3808
 145 17 7293 12 3 11 11.14 3808
 145 49 7293 12 3 11 11.14 3808
 145 113 7297 12 4 11 11.14 3808
 145 129 7460 12 16 11 11.14 3808
 161 81 8009 4 1 1200001 1200001.14 3808
 161 65 8009 4 1 1200001 1200001.14 3808
 161 49 8009 4 1 1200001 1200001.14 3808
 161 97 8009 4 1 1200001 1200001.14 3808
 161 49 3831 6 1 1100001 1100001.14 3808
 161 65 3831 5 10 1100001 1100001.14 3808
 161 97 3831 6 3 1100001 1100001.14 3808
 161 81 3831 7 13 1100001 1100001.14 3808
 161 65 7286 13 1 11 11.14 3808
 161 161 7286 13 1 11 11.14 3808
 161 129 7286 13 1 11 11.14 3808
 161 17 7293 12 3 11 11.14 3808
 161 65 7289 17 1 1 1.14 3808 9 1
 161 161 7302 15 3 1 1.14 3808 13 1
 161 129 16014 2 1 1 0.14 3808 16 1
 177 81 8009 4 1 1200001 1200001.14 3808
 177 65 8009 4 1 1200001 1200001.14 3808
 177 49 8009 4 1 1200001 1200001.14 3808
 177 17 8009 4 1 1200001 1200001.14 3808
 177 33 8009 4 1 1200001 1200001.14 3808
 177 81 3831 5 7 1100001 1100001.14 3808
 177 17 3831 5 10 1100001 1100001.14 3808
 177 33 3831 5 10 1100001 1100001.14 3808
 177 49 3831 7 1 1100001 1100001.14 3808
 177 145 7297 12 4 11 11.14 3808
 177 129 7297 12 4 11 11.14 3808
 193 65 8009 4 1 1200001 1200001.14 3808
 193 49 8009 4 1 1200001 1200001.14 3808
 193 81 8009 4 1 1200001 1200001.14 3808
 193 33 8009 4 1 1200001 1200001.14 3808
 193 17 8009 4 1 1200001 1200001.14 3808
 193 161 8009 4 1 1200001 1200001.14 3808
 193 81 3831 5 7 1100001 1100001.14 3808
 193 17 3831 5 4 1100001 1100001.14 3808
 193 33 3831 5 4 1100001 1100001.14 3808
 193 49 3831 7 2 1100001 1100001.14 3808
 193 161 16000 6 1 1100001 1100001.14 3808
 193 65 7286 13 1 11 11.14 3808
 193 97 7286 13 1 11 11.14 3808
 193 113 7297 12 4 11 11.14 3808
 193 161 7286 13 2 11 11.14 3808
 193 97 7543 18 1 1 1.14 3808 10 1
 193 65 7301 15 2 1 1.14 3808 5 1
 209 65 8009 4 1 1200001 1200001.14 3808
 209 49 8009 4 1 1200001 1200001.14 3808
 209 81 8009 4 1 1200001 1200001.14 3808
 209 145 8009 4 1 1200001 1200001.14 3808
 209 161 8009 4 1 1200001 1200001.14 3808
 209 49 3831 6 2 1100001 1100001.14 3808
 209 65 3831 5 4 1100001 1100001.14 3808
 209 81 3831 6 3 1100001 1100001.14 3808
 209 145 3831 6 1 1100001 1100001.14 3808
 209 161 16000 7 1 1100001 1100001.14 3808
 209 33 7293 12 3 11 11.14 3808
 209 17 7293 12 3 11 11.14 3808
 209 97 7297 12 4 11 11.14 3808
 225 161 8009 4 1 1200001 1200001.14 3808
 225 145 8009 4 1 1200001 1200001.14 3808
 225 145 16000 5 1 1100001 1100001.14 3808
 225 65 7293 12 3 11 11.14 3808
 225 49 7293 12 3 11 11.14 3808
 225 161 7286 13 2 11 11.14 3808
 225 129 7286 13 2 11 11.14 3808
 225 97 7286 13 2 11 11.14 3808
 225 97 16134 14 7 1 0.14 3808 3
