 -8 306 3432 0.42 1 1 2 1 1 2 2 301 0.42 1 1 1
-1
-1
 1 4753 3151 87 1 1 1.14 3152
Bowser's Castle
 1 4721 3151 87 1 1 1.14 3152
 1 4705 3151 87 1 1 1.14 3152
 1 4689 3151 87 1 1 1.14 3152
 1 4737 3151 87 1 1 1.14 3152
 1 4753 3151 87 1 1 1.14 3152
 1 4561 3693 87 2 1 1.14 3694
 1 4545 3151 87 1 1 1.14 3152
 17 4689 3151 87 1 1 1.14 3152
 17 4705 3151 87 1 1 1.14 3152
 17 4721 3151 87 1 1 1.14 3152
 17 4737 3151 87 1 1 1.14 3152
 17 4657 3192 71 36 1 1.14 3193 1
 17 4753 3151 87 1 1 1.14 3152
 17 4545 3151 87 1 1 1.14 3152
 33 4753 3151 87 1 1 1.14 3152
 33 4689 3693 87 2 1 1.14 3694
 33 4545 3151 87 1 1 1.14 3152
 49 4753 3151 87 1 1 1.14 3152
 49 4545 3151 87 1 1 1.14 3152
 65 4753 3151 87 1 1 1.14 3152
 65 4561 3693 87 2 1 1.14 3694
 65 4545 3151 87 1 1 1.14 3152
 81 4753 3151 87 1 1 1.14 3152
 81 4545 3151 87 1 1 1.14 3152
 97 4753 3151 87 1 1 1.14 3152
 97 4689 3693 87 2 1 1.14 3694
 97 4545 3151 87 1 1 1.14 3152
 113 4753 3151 87 1 1 1.14 3152
 113 4545 3151 87 1 1 1.14 3152
 129 4753 3151 87 1 1 1.14 3152
 129 4561 3693 87 2 1 1.14 3694
 129 4545 3151 87 1 1 1.14 3152
 145 4753 3151 87 1 1 1.14 3152
 145 4545 3151 87 1 1 1.14 3152
 161 4753 3151 87 1 1 1.14 3152
 161 4689 3693 87 2 1 1.14 3694
 161 4545 3151 87 1 1 1.14 3152
 177 4753 3151 87 1 1 1.14 3152
 177 4545 3151 87 1 1 1.14 3152
 193 4753 3151 87 1 1 1.14 3152
 193 4561 3693 87 2 1 1.14 3694
 193 4545 3151 87 1 1 1.14 3152
 209 4753 3151 87 1 1 1.14 3152
 209 4545 3151 87 1 1 1.14 3152
 225 4753 3151 87 1 1 1.14 3152
 225 4689 3693 87 2 1 1.14 3694
 225 4545 3151 87 1 1 1.14 3152
 241 4753 3151 87 1 1 1.14 3152
 241 4545 3151 87 1 1 1.14 3152
 257 4753 3151 87 1 1 1.14 3152
 257 4561 3151 87 1 1 1.14 3152
 257 4577 3151 87 1 1 1.14 3152
 257 4593 3151 87 1 1 1.14 3152
 257 4609 3151 87 1 1 1.14 3152
 257 4625 15671 89 11 1 1.14 15672
 257 4529 3151 87 1 1 1.14 3152
 257 4545 3151 87 1 1 1.14 3152
 273 4753 3151 87 1 1 1.14 3152
 273 4529 3151 87 1 1 1.14 3152
 289 4529 3151 87 1 1 1.14 3152
 289 4753 3151 87 1 1 1.14 3152
 289 4721 3151 87 1 1 1.14 3152
 289 4705 3151 87 1 1 1.14 3152
 289 4689 3151 87 1 1 1.14 3152
 289 4737 3151 87 1 1 1.14 3152
 305 4529 3151 87 1 1 1.14 3152
 305 4753 3151 87 1 1 1.14 3152
 305 4721 3151 87 1 1 1.14 3152
 305 4705 3151 89 10 1 1.14 3152
 305 4737 3151 87 1 1 1.14 3152
 321 4529 3151 87 1 1 1.14 3152
 321 4753 3151 87 1 1 1.14 3152
 321 4705 3151 89 10 1 1.14 3152
 321 4721 3151 89 10 1 1.14 3152
 321 4737 3151 87 1 1 1.14 3152
 337 4529 3151 87 1 1 1.14 3152
 337 4705 3151 89 10 1 1.14 3152
 337 4721 3151 89 10 1 1.14 3152
 337 4737 3151 87 1 1 1.14 3152
 337 4753 3151 87 1 1 1.14 3152
 353 4529 3151 87 1 1 1.14 3152
 353 4705 3151 89 10 1 1.14 3152
 353 4721 3151 89 10 1 1.14 3152
 353 4737 3151 89 10 1 1.14 3152
 353 4753 3151 63 14 1 1.14 3152
 369 4529 3151 87 1 1 1.14 3152
 369 4705 3151 89 10 1 1.14 3152
 369 4721 3151 89 10 1 1.14 3152
 369 4737 3151 89 10 1 1.14 3152
 369 4753 3151 63 14 1 1.14 3152
 385 4529 3151 87 1 1 1.14 3152
 385 4705 3151 89 10 1 1.14 3152
 385 4721 3151 89 10 1 1.14 3152
 385 4737 3151 89 10 1 1.14 3152
 385 4753 3151 63 14 1 1.14 3152
 401 4529 3151 87 1 1 1.14 3152
 401 4705 3151 89 10 1 1.14 3152
 401 4721 3151 89 10 1 1.14 3152
 401 4737 3151 89 10 1 1.14 3152
 401 4753 3151 63 14 1 1.14 3152
 417 4529 3151 87 1 1 1.14 3152
 417 4705 3151 89 10 1 1.14 3152
 417 4721 3151 89 10 1 1.14 3152
 417 4737 3151 87 1 1 1.14 3152
 417 4753 3151 87 1 1 1.14 3152
 433 4529 3151 87 1 1 1.14 3152
 433 4705 3151 89 10 1 1.14 3152
 433 4721 3151 89 10 1 1.14 3152
 433 4737 3151 87 1 1 1.14 3152
 433 4753 3151 87 1 1 1.14 3152
 449 4529 3151 87 1 1 1.14 3152
 449 4705 3151 89 10 1 1.14 3152
 449 4721 3151 87 1 1 1.14 3152
 449 4737 3151 87 1 1 1.14 3152
 449 4753 3151 87 1 1 1.14 3152
 465 4529 3151 87 1 1 1.14 3152
 465 4561 3151 89 17 1 1.14 3152
 465 4657 3196 89 9 1 1.14 3197 3424
 465 4689 3151 87 1 1 1.14 3152
 465 4705 3151 87 1 1 1.14 3152
 465 4721 3151 87 1 1 1.14 3152
 465 4737 3151 87 1 1 1.14 3152
 465 4753 3151 87 1 1 1.14 3152
 481 4529 3151 87 1 1 1.14 3152
 481 4689 3151 87 1 1 1.14 3152
 481 4705 3151 87 1 1 1.14 3152
 481 4721 3151 87 1 1 1.14 3152
 481 4737 3151 87 1 1 1.14 3152
 481 4753 3151 87 1 1 1.14 3152
 497 4529 3151 87 1 1 1.14 3152
 497 4545 3151 87 1 1 1.14 3152
 497 4561 3151 87 1 1 1.14 3152
 497 4577 3151 87 1 1 1.14 3152
 497 4593 3151 87 1 1 1.14 3152
 497 4609 3151 87 1 1 1.14 3152
 497 4625 3151 87 1 1 1.14 3152
 497 4641 3151 87 1 1 1.14 3152
 497 4657 3151 87 1 1 1.14 3152
 497 4673 3151 87 1 1 1.14 3152
 497 4689 3151 87 1 1 1.14 3152
 497 4705 3151 87 1 1 1.14 3152
 497 4721 3151 87 1 1 1.14 3152
 497 4737 3151 87 1 1 1.14 3152
 497 4753 3151 87 1 1 1.14 3152
 513 4737 3151 81 1 -999999 -18.86 3152
