 -8 1285 3423 0.42 1 1 2 1 1 2 2 301 0.42 1 1 1
-1
-1
 1 4737 3151 88 17 1 1.14 3152
Larry Koopa!
 1 4705 3151 88 17 1 1.14 3152
 1 4561 3151 88 16 1 1.14 3152
 1 4577 3151 88 17 1 1.14 3152
 1 4593 3151 88 16 1 1.14 3152
 1 4609 3151 88 17 1 1.14 3152
 1 4625 3151 88 16 1 1.14 3152
 1 4641 3151 88 17 1 1.14 3152
 1 4657 3151 88 16 1 1.14 3152
 1 4673 3151 88 17 1 1.14 3152
 1 4689 3151 88 16 1 1.14 3152
 1 4721 3151 88 16 1 1.14 3152
 1 4737 3151 88 17 1 1.14 3152
 1 4753 3151 88 18 1 1.14 3152
 1 4545 3151 88 15 1 1.14 3152
 17 4753 3151 88 16 1 1.14 3152
 17 4737 3151 88 15 1 1.14 3152
 33 4753 3151 88 16 1 1.14 3152
 33 4737 3151 88 15 1 1.14 3152
 49 4753 3151 88 16 1 1.14 3152
 49 4737 3151 88 15 1 1.14 3152
 65 4753 3151 88 23 1 1.14 3152
 65 4737 3151 88 21 1 1.14 3152
 65 4721 3151 88 19 1 1.14 3152
 81 4753 3151 88 24 1 1.14 3152
 81 4737 3151 88 22 1 1.14 3152
 81 4721 3151 88 20 1 1.14 3152
 97 4753 3151 88 17 1 1.14 3152
 97 4737 3151 88 16 1 1.14 3152
 97 4721 3151 88 15 1 1.14 3152
 97 4529 3694 70 30 1 -5.86 3695 1
 113 4753 3151 88 16 1 1.14 3152
 113 4737 3151 88 15 1 1.14 3152
 129 4753 3151 88 16 1 1.14 3152
 129 4737 3151 88 15 1 1.14 3152
 129 4593 3151 89 17 1 1.14 3152
 145 4753 3151 88 16 1 1.14 3152
 145 4737 3151 88 15 1 1.14 3152
 161 4753 3151 88 16 1 1.14 3152
 161 4737 3151 88 15 1 1.14 3152
 177 4753 3151 88 16 1 1.14 3152
 177 4737 3151 88 15 1 1.14 3152
 193 4753 3151 88 16 1 1.14 3152
 193 4737 3151 88 15 1 1.14 3152
 209 4753 3151 88 16 1 1.14 3152
 209 4737 3151 88 15 1 1.14 3152
 209 4705 3196 89 2 1 1.14 3197 3435
 225 4753 3151 88 16 1 1.14 3152
 225 4737 3151 88 15 1 1.14 3152
 241 4753 3151 88 18 1 1.14 3152
 241 4737 3151 88 17 1 1.14 3152
 241 4721 3151 88 16 1 1.14 3152
 241 4705 3151 88 17 1 1.14 3152
 241 4561 3151 88 16 1 1.14 3152
 241 4577 3151 88 17 1 1.14 3152
 241 4593 3151 88 16 1 1.14 3152
 241 4609 3151 88 17 1 1.14 3152
 241 4625 3151 88 16 1 1.14 3152
 241 4641 3151 88 17 1 1.14 3152
 241 4657 3151 88 16 1 1.14 3152
 241 4673 3151 88 17 1 1.14 3152
 241 4689 3151 88 16 1 1.14 3152
 241 4545 3151 88 15 1 1.14 3152
 257 4657 3151 81 1 -999999 -18.86 3152
