 -10 268 3434 0.42 1 1 2 1 1 2 2 301 0.42 1
-1
-1
-1
-1
-1
-1
-1
-1
-1
-1
-1
-1
-1
-1
-1
-1
-1
-1
-1
-1
-1
-1
 17 4753 3151 74 2 6 6.14 3152
Bros Battle
 1 4737 3192 91 10 1 1.14 3193
 17 4705 3192 51 1 1 1.14 3193 1
 17 4737 3192 91 11 1 1.14 3193
 33 4737 3192 91 11 1 1.14 3193
 49 4737 3192 91 11 1 1.14 3193
 65 4721 3151 90 6 1 1.14 3152
 65 4737 3192 91 11 1 1.14 3193
 81 4737 3192 91 11 1 1.14 3193
 97 4737 3192 91 11 1 1.14 3193
 113 4737 3192 91 11 1 1.14 3193
 129 4737 3192 91 11 1 1.14 3193
 145 4737 3192 91 11 1 1.14 3193
 161 4737 3192 91 11 1 1.14 3193
 177 4737 3192 91 11 1 1.14 3193
 193 4737 3192 91 11 1 1.14 3193
 193 4705 3196 91 8 1 1.14 3197
 209 4737 3192 91 11 1 1.14 3193
 225 4737 3192 91 11 1 1.14 3193
 241 4737 3192 91 12 1 1.14 3193
 257 4657 3151 81 1 -999999 -18.86 3152
