 33 33 496 1
 33 97 496 1
 33 129 496 1
 33 161 496 1
 65 33 496 1
 65 129 496 1
 65 161 496 1
 97 33 496 1
 97 65 496 1
 97 129 496 1
 97 161 496 1
 129 65 496 1
 129 33 496 1
 129 161 496 1
 129 97 496 1
 129 129 496 1
 161 65 496 1
 161 161 496 1
 161 129 496 1
 193 65 496 1
 193 97 496 1
 193 161 496 2
 225 161 496 2
 225 129 496 2
 225 97 496 2
 33 33 496 1
 33 97 496 1
 33 129 496 1
 33 161 496 1
 65 33 496 1
 65 129 496 1
 65 161 496 1
 97 33 496 1
 97 65 496 1
 97 129 496 1
 97 161 496 1
 129 65 496 1
 129 33 496 1
 129 161 496 1
 129 97 496 1
 129 129 496 1
 161 65 496 1
 161 161 496 1
 161 129 496 1
 193 65 496 1
 193 97 496 1
 193 161 496 2
 225 161 496 2
 225 129 496 2
 225 97 496 2
