 -10 1286 3438 0.42 1 1 1 1 1 2 2 301 0.42 1
-1
-1
-1
-1
-1
-1
-1
-1
-1
-1
-1
-1
-1
-1
-1
-1
-1
-1
-1
-1
-1
-1
y255.255.255
VoiD
 1 65 3694 69 1 1.10 -4.86 3695
 1 81 3694 69 2 1.10 -4.86 3695
 1 97 3694 69 2 1.10 -4.86 3695
 1 113 3694 69 2 1.10 -4.86 3695
 1 129 3694 69 2 1.10 -4.86 3695
 1 145 3694 69 2 1.10 -4.86 3695
 1 161 3694 69 2 1.10 -4.86 3695
 1 177 3151 73 1 1.10 -4.86 3152
 17 33 3192 51 7 1.10 1.14 3193 1
 17 177 3151 73 2 1.10 -4.86 3152
 33 161 3151 72 1 1.10 -4.86 3152
 33 177 3151 73 2 1.10 -4.86 3152
 49 81 3151 76 10 1300001.10 1300001.14 3152
 49 97 3151 76 13 1300001.10 1300001.14 3152
 49 113 3151 76 13 1300001.10 1300001.14 3152
 49 129 3151 76 16 1300001.10 1300001.14 3152
 49 177 3151 73 2 1.10 -4.86 3152
 65 97 3151 76 14 1300001.10 1300001.14 3152
 65 113 3151 76 14 1300001.10 1300001.14 3152
 65 129 3151 76 17 1300001.10 1300001.14 3152
 65 81 3151 76 11 1300001.10 1300001.14 3152
 65 161 3151 79 1 4.24 4.14 0
 65 65 3151 67 14 1.10 1.14 3152
 65 177 3151 73 2 1.10 -4.86 3152
 65 89 3676 81 1 -999998.90 -18.86 3677
 81 81 3151 76 11 1300001.10 1300001.14 3152
 81 97 3151 76 14 1300001.10 1300001.14 3152
 81 113 3151 76 14 1300001.10 1300001.14 3152
 81 129 3151 76 17 1300001.10 1300001.14 3152
 81 161 3151 65 1 1400001.10 10.14 3152
 81 145 3151 65 1 1400001.10 10.14 3152
 81 177 3151 73 2 1.10 -4.86 3152
 97 81 3151 76 11 1300001.10 1300001.14 3152
 97 97 3151 76 14 1300001.10 1300001.14 3152
 97 113 3151 76 14 1300001.10 1300001.14 3152
 97 129 3151 76 17 1300001.10 1300001.14 3152
 97 161 3151 79 1 4.24 4.14 0
 97 177 3151 73 2 1.10 -4.86 3152
 113 81 3151 76 12 1300001.10 1300001.14 3152
 113 97 3151 76 15 1300001.10 1300001.14 3152
 113 113 3151 76 15 1300001.10 1300001.14 3152
 113 129 3151 76 18 1300001.10 1300001.14 3152
 113 161 3151 79 1 4.24 4.14 0
 113 177 3151 73 2 1.10 -4.86 3152
 129 97 3151 64 1 1.10 1.14 3152
 129 113 3151 64 4 1.10 1.14 3152
 129 161 3151 53 4 1.10 1.14 3152
 129 177 3151 73 2 1.10 -4.86 3152
 145 161 3151 78 19 1100001.10 1100001.14 3152
 145 145 3151 78 17 1100001.10 1100001.14 3152
 145 97 3151 64 1 1.10 1.14 3152
 145 113 3151 64 4 1.10 1.14 3152
 145 177 3151 73 2 1.10 -4.86 3152
 161 145 3151 78 22 1100001.10 1100001.14 3152
 161 161 3151 78 24 1100001.10 1100001.14 3152
 161 129 3151 78 17 1100001.10 1100001.14 3152
 161 1 3151 65 1 1400001.10 10.14 3152
 161 17 3151 65 1 1400001.10 10.14 3152
 161 33 3151 65 1 1400001.10 10.14 3152
 161 49 3151 65 1 1400001.10 10.14 3152
 161 65 3151 59 1 1.10 1.14 3152
 161 97 3151 64 1 1.10 1.14 3152
 161 113 3151 64 4 1.10 1.14 3152
 161 177 3151 73 2 1.10 -4.86 3152
 177 161 3151 78 20 1100001.10 1100001.14 3152
 177 129 3151 78 18 1100001.10 1100001.14 3152
 177 145 3151 78 20 1100001.10 1100001.14 3152
 177 49 3151 67 1 1.10 1.14 3152
 177 97 3151 64 1 1.10 1.14 3152
 177 113 3151 64 4 1.10 1.14 3152
 177 177 3151 73 2 1.10 -4.86 3152
 193 97 3151 64 1 1.10 1.14 3152
 193 113 3151 64 4 1.10 1.14 3152
 193 161 3151 67 18 1.10 1.14 3152
 193 177 3151 73 2 1.10 -4.86 3152
 209 49 3151 67 1 1.10 1.14 3152
 209 113 3694 69 1 1.10 -4.86 3695
 209 161 3694 69 2 1.10 -4.86 3695
 209 145 3694 69 2 1.10 -4.86 3695
 209 129 3694 69 2 1.10 -4.86 3695
 209 177 3151 73 2 1.10 -4.86 3152
 225 81 3192 52 1 1.10 1.14 3193
 225 177 3151 73 2 1.10 -4.86 3152
 241 49 3151 67 1 1.10 1.14 3152
 241 161 3151 72 5 1.10 -4.86 3152
 241 145 3151 72 1 1.10 -4.86 3152
 241 177 3151 73 3 1.10 -4.86 3152
